ID	log2FC	log2CPM	PValue	FDR	level	MeanA	MeanB	DE03P016	DE03P017	DE03P049	DE03P054	DE03P060	DE03P065	DE03P076	DE03P081	DE03P083	IE03P013	IE03P020	IE03P027	IE03P052	IE03P053	IE03P062	IE03P069	IE03P070
ASV_101	-8.998	12.487	3.48715152587036e-06	0.00058932860787209	Depleted	0.002	0.723	0	0	0.005	0.003	0	0.005	0.002	0	0	0	0	0.008	0.004	0.245	0	0.213	5.317
ASV_57	6.444	11.551	7.40174025692327e-06	0.000625447051710016	Enriched	0.369	0.005	0.099	0.044	0.018	0.003	0.14	0.228	0.02	0.103	2.671	0	0.015	0.002	0.007	0	0	0.004	0.009
ASV_166	6.042	9.988	0.000240719422148457	0.0125922300835303	Enriched	0.161	0.002	0	0	0.006	0.02	0.008	0.904	0.505	0.001	0.003	0	0	0	0.001	0.003	0.001	0.012	0
ASV_148	6.628	10.298	0.000298040948722611	0.0125922300835303	Enriched	0.177	0.002	0	0.002	0.013	0	0	0.685	0.002	0.719	0.175	0	0.004	0	0	0	0	0.01	0
ASV_28	7.807	8.23	0.000379683948119919	0.0128333174464533	Enriched	0.047	0	0	0	0.001	0.425	0	0	0	0	0	0	0	0	0	0	0	0	0
ASV_142	-4.734	11.312	0.000467249736632786	0.0131608675818235	Depleted	0.016	0.362	0.002	0.005	0.008	0.099	0.001	0.009	0.016	0.003	0.003	0	0.006	2.774	0.001	0.016	0.024	0.035	0.042
ASV_125	-5.55	9.291	0.000675200615029277	0.0163012719914211	Depleted	0.002	0.088	0.002	0	0	0.013	0.003	0.002	0	0.001	0	0.008	0.003	0.686	0	0	0.001	0.004	0
ASV_66	-5.987	14.117	0.00077634945441648	0.0164003822245481	Depleted	0.047	3.015	0	0.075	0.005	0.118	0.009	0.026	0	0.134	0.053	24.048	0.003	0	0.023	0	0.041	0	0.007
ASV_138	-4.427	13.303	0.00087983267941846	0.0165213025357466	Depleted	0.083	1.208	0.008	0.098	0.013	0.033	0.005	0.325	0.076	0.172	0.012	0.041	0.235	0.351	0.034	0.001	0	0.311	8.695
ASV_91	-4.05	12.215	0.00237779699326833	0.0401847691862349	Depleted	0.041	0.652	0.007	0.082	0.068	0.023	0.027	0.007	0.008	0.006	0.14	2.889	0.015	0.013	0	0.006	0	0.061	2.23
ASV_177	-3.358	11.399	0.00678552517904937	0.102751773596911	Depleted	0.044	0.3	0	0.077	0.02	0.003	0.022	0.142	0.015	0.004	0.109	0.005	0.012	0.013	0.005	0.003	0.039	0.096	2.228
ASV_113	3.51	14.286	0.00729598392404102	0.102751773596911	Enriched	2.222	0.243	0.961	0.282	0.017	0.036	0.704	0.017	0.005	16.739	1.242	0.089	0.833	0.658	0.059	0.209	0.073	0.016	0.005
ASV_136	2.945	8.023	0.00831484832025471	0.108093028163311	Enriched	0.03	0.003	0.034	0.019	0.023	0.077	0.009	0.027	0.048	0.012	0.022	0	0.007	0	0	0.001	0.013	0	0.002
ASV_10	-3.515	5.908	0.0132600698243644	0.16006798573697	Depleted	0	0.003	0	0	0	0	0	0	0	0.001	0	0.011	0.006	0	0	0	0	0	0.011
ASV_78	-2.394	10.808	0.014919875517402	0.16809726416273	Depleted	0.056	0.263	0.054	0.138	0.056	0.091	0.089	0.043	0.026	0	0.001	0.072	0.1	0.004	0.04	1.141	0.335	0.326	0.085
ASV_71	-2.282	10.274	0.0262023656300392	0.243081246774595	NotSig	0.045	0.167	0.026	0.065	0.017	0.025	0.19	0.045	0.023	0.009	0.007	0.066	0.009	0	0.02	0.051	0.086	1.072	0.028
ASV_33	2.287	11.916	0.0265617469926164	0.243081246774595	NotSig	0.444	0.103	0.103	0.047	1.421	1.866	0.218	0.216	0.091	0.026	0.007	0.015	0.025	0.065	0.205	0.269	0.036	0.119	0.086
ASV_11	2.551	15.26	0.0280901025668972	0.243081246774595	NotSig	4.091	0.925	1.948	0.604	0.029	0.152	0.92	0.277	0.17	31.595	1.127	0.878	1.509	1.733	0.213	2.101	0.18	0.752	0.032
ASV_39	-2.09	11.614	0.029983378266774	0.243081246774595	NotSig	0.116	0.328	0.297	0.247	0.013	0.112	0.105	0.108	0.008	0.112	0.044	0.303	0.129	0.015	0.143	0.058	0.09	0.068	1.815
ASV_112	2.418	10.575	0.0299988762869811	0.243081246774595	NotSig	0.218	0.036	1.624	0.138	0.004	0.022	0.006	0.045	0.01	0.104	0.009	0.012	0.168	0.04	0.006	0.022	0.022	0.01	0.005
ASV_24	4.329	10.306	0.0302053620252455	0.243081246774595	NotSig	0.212	0.012	0	0	0.001	1.893	0	0.009	0	0.007	0	0	0	0.002	0	0.092	0	0	0
ASV_129	2.568	11.221	0.0321911424998356	0.247286503748737	NotSig	0.352	0.054	2.48	0.377	0.008	0.023	0.041	0.017	0.003	0.197	0.022	0.017	0.322	0.046	0.008	0.025	0.006	0	0.004
ASV_123	2.377	10.618	0.0364057744490027	0.251513716369097	NotSig	0.178	0.045	0.069	0.084	0.036	0.019	0.24	0.146	1.006	0	0	0.011	0.034	0.029	0.012	0.236	0.015	0.01	0.01
ASV_42	-2.193	11.903	0.0370906973671162	0.251513716369097	NotSig	0.135	0.461	0.015	0.149	0.094	0.142	0.084	0.565	0.111	0	0.054	0.086	0.003	0.092	0.176	0.094	0.035	1.848	1.357
ASV_6	-2.329	14.93	0.0381581826752176	0.251513716369097	NotSig	1.18	3.355	0.238	0.857	0.268	3.534	4.034	1.553	0.13	0.007	0.003	0.091	0.299	0.228	5.512	0.63	15.669	4.209	0.205
ASV_115	-2.042	11.01	0.0386944179029379	0.251513716369097	NotSig	0.086	0.22	0.013	0.011	0.037	0.155	0.177	0.348	0.015	0.016	0.004	0.032	0.022	0.004	0.358	0.167	0.38	0.117	0.681
ASV_100	2.692	13.682	0.0420268518336304	0.255840913805461	NotSig	1.41	0.276	0.131	0.713	0.007	0.149	0.173	0.036	0	0.238	11.242	0.231	1.678	0.19	0.034	0.013	0.004	0.031	0.031
ASV_118	2.906	9.59	0.0428393436712564	0.255840913805461	NotSig	0.094	0.015	0	0	0.008	0.366	0.071	0	0.005	0.396	0.004	0.041	0	0.006	0.006	0.067	0	0	0.002
ASV_407	2.688	7.317	0.0444951555344009	0.255840913805461	NotSig	0.016	0.002	0	0	0.004	0.012	0.056	0.002	0	0.069	0.007	0.002	0	0	0.004	0.003	0	0	0.009
ASV_49	-1.992	12.18	0.0458135869815357	0.255840913805461	NotSig	0.202	0.58	0.079	0.128	0.132	0.045	0.993	0.296	0.096	0.004	0.043	0.261	0.76	0.008	0.266	0.218	0.004	2.033	1.092
ASV_87	-2.195	11.723	0.0478239038818655	0.255840913805461	NotSig	0.134	0.436	0.266	0.624	0.016	0.007	0.182	0.012	0.003	0.065	0.028	0.118	1.496	1.795	0.013	0.004	0.006	0.029	0.03
ASV_157	-2.473	7.941	0.0484432499513298	0.255840913805461	NotSig	0.006	0.028	0.025	0.012	0.002	0	0	0.002	0.002	0.003	0.005	0.005	0.016	0.186	0	0.01	0	0.002	0.001
ASV_167	-2.318	11.118	0.0666401333705301	0.341278258776351	NotSig	0.061	0.287	0.199	0	0.092	0.129	0.057	0.024	0.048	0	0	0.507	0	0.013	1.314	0.03	0	0.086	0.347
ASV_84	-2.094	12.437	0.0737343137754501	0.364565314813558	NotSig	0.134	0.666	0.13	0.011	0.59	0.042	0.063	0.122	0.246	0.001	0.003	0.125	0.015	0.09	3.153	0.222	0	0.102	1.619
ASV_110	2.271	10.707	0.0763138412857686	0.364565314813558	NotSig	0.215	0.042	1.427	0.07	0.001	0.001	0	0.003	0	0.398	0.038	0.056	0.033	0.075	0.002	0.058	0	0.055	0.057
ASV_106	-2.75	12.101	0.0782836971687924	0.364565314813558	NotSig	0.079	0.646	0	0.018	0.008	0.009	0.098	0.003	0	0.559	0.015	5.148	0	0	0.005	0.003	0.008	0.004	0
ASV_47	-2.064	13.332	0.0798160748408381	0.364565314813558	NotSig	0.359	1.319	0.085	0.002	0.736	0.506	1.325	0.431	0.145	0.004	0	0.036	0.031	0.002	6.23	1.201	1.289	1.445	0.316
ASV_7	-1.803	14.536	0.0842974558896552	0.368729543835562	NotSig	1.154	3.076	1.416	2.244	0.061	0.113	4.802	0.209	0.089	0.794	0.661	19.738	1.463	1.935	0.189	0.568	0.037	0.348	0.329
ASV_130	-1.618	11.56	0.0862261462051066	0.368729543835562	NotSig	0.12	0.442	0.062	0.019	0.115	0.191	0.129	0.233	0.158	0.16	0.015	0.015	0.144	0.008	0.299	2.411	0.208	0.41	0.042
ASV_174	2.069	10.666	0.0923220159643616	0.368729543835562	NotSig	0.173	0.045	0.053	0.31	0	0.006	0.006	0.031	0.002	1.135	0.016	0.131	0.116	0.006	0.006	0.006	0	0.025	0.07
ASV_92	2.07	8.572	0.0936474701678356	0.368729543835562	NotSig	0.04	0.011	0	0	0.014	0.096	0.061	0.014	0.177	0.001	0	0.002	0.003	0	0.005	0.037	0.01	0.023	0.005
ASV_55	1.795	13.219	0.0937591774903194	0.368729543835562	NotSig	0.908	0.258	0.199	0.025	4.357	0.218	1.892	0.229	0.084	0.088	1.079	0.033	0.03	0.197	0.358	0.155	0.93	0.061	0.3
ASV_183	2.654	8.336	0.0952310206831427	0.368729543835562	NotSig	0.041	0.006	0	0	0.05	0.309	0.005	0	0	0	0	0.018	0	0.006	0.018	0.001	0	0	0.002
ASV_311	-1.604	10.304	0.0969315057046602	0.368729543835562	NotSig	0.058	0.115	0.057	0.091	0.065	0.064	0.102	0.106	0.026	0.009	0.005	0.002	0.034	0.017	0.124	0.07	0.607	0.023	0.038
ASV_58	1.622	12.132	0.0981824229147947	0.368729543835562	NotSig	0.686	0.168	0.061	0.144	0.204	2.761	2.709	0.13	0.02	0.109	0.034	0.062	0.281	0.013	0.272	0.349	0.108	0.092	0.17
ASV_93	1.624	11.715	0.102314164489095	0.375893343449065	NotSig	0.398	0.108	0.169	0.165	0.823	0.403	1.212	0.322	0.482	0.006	0.003	0.027	0.088	0.004	0.116	0.058	0.102	0.158	0.313
ASV_144	-2.167	11.348	0.110401110299554	0.396974205119673	NotSig	0.072	0.451	0.008	0	0.013	0.106	0.096	0.077	0.348	0.003	0	0.002	0.001	0.008	0.574	2.939	0	0.084	0
ASV_156	-2.113	6.303	0.116539536200138	0.410316283704653	NotSig	0.001	0.007	0	0	0	0.006	0.001	0.002	0.003	0	0	0	0	0	0.013	0.043	0	0.002	0
ASV_56	1.521	11.011	0.12109583058481	0.417657048343529	NotSig	0.2	0.081	0.056	0.147	0.006	0.077	0.032	0.096	0.079	0.396	0.914	0.346	0.058	0.015	0.043	0.088	0.006	0.021	0.074
ASV_61	2.089	10.947	0.128643025927788	0.433884391987228	NotSig	0.262	0.061	0.002	0.692	0.007	0.07	0.462	0.161	0.96	0	0	0.167	0	0	0.053	0.098	0	0.172	0
ASV_51	-1.402	11.539	0.130935526576027	0.433884391987228	NotSig	0.14	0.344	0.115	0.081	0.018	0.057	0.408	0.058	0.02	0.251	0.252	1.666	0.202	0.464	0.083	0.112	0.013	0.053	0.159
ASV_124	-1.445	10.341	0.144801075269436	0.459398939276469	NotSig	0.062	0.147	0.159	0.144	0.019	0.052	0.052	0.009	0.002	0.116	0.004	0.379	0.336	0.121	0.018	0.091	0	0.041	0.192
ASV_220	1.457	11.362	0.145839036616941	0.459398939276469	NotSig	0.399	0.122	0.223	2.409	0.131	0.428	0.121	0.062	0.196	0.022	0	0.021	0.119	0.013	0.118	0.55	0.058	0.047	0.047
ASV_23	1.357	12.75	0.150555972336428	0.459398939276469	NotSig	0.845	0.294	2.005	2.284	0.062	0.046	0.554	0.33	0.091	1.631	0.6	0.263	1.222	0.215	0.12	0.066	0.151	0.213	0.102
ASV_17	-1.435	13.079	0.152076410357228	0.459398939276469	NotSig	0.481	1.237	0.266	0.019	0.259	0.528	1.944	0.859	0.422	0.013	0.015	0.61	0.021	0.13	1.628	6.337	0.167	0.83	0.172
ASV_870	-1.542	11.186	0.152226867452558	0.459398939276469	NotSig	0.086	0.282	0.03	0.007	0.233	0.319	0.043	0.027	0.063	0.043	0.009	0.011	0.001	0.023	1.815	0.279	0.014	0.01	0.102
ASV_108	-1.598	10.862	0.168977839087298	0.490154933757094	NotSig	0.089	0.226	0.002	0.056	0.112	0.241	0.273	0.096	0.005	0.016	0	0.011	0.024	0	1.59	0.095	0.001	0.049	0.036
ASV_52	1.304	11.16	0.172832923217256	0.490154933757094	NotSig	0.266	0.094	1.58	0.096	0.067	0.019	0.158	0.06	0.025	0.195	0.194	0.033	0.196	0.332	0.014	0.033	0.046	0.051	0.044
ASV_207	-1.912	9.755	0.17768730641369	0.490154933757094	NotSig	0.024	0.097	0.002	0	0	0.01	0.013	0.019	0.002	0.138	0.035	0	0	0.755	0.006	0.009	0	0.004	0.001
ASV_158	2.06	9.585	0.183008570271215	0.490154933757094	NotSig	0.071	0.023	0.005	0	0.001	0.015	0	0.01	0	0.581	0.026	0.152	0	0.002	0	0.024	0	0	0.004
ASV_53	-1.305	9.09	0.183104952758504	0.490154933757094	NotSig	0.027	0.052	0.02	0.049	0.008	0.015	0.053	0.027	0	0.029	0.042	0.044	0.015	0.107	0.082	0.015	0	0.014	0.139
ASV_176	-1.813	13.1	0.188045867378955	0.490154933757094	NotSig	0.248	0.998	0.031	0.005	0.01	0.012	0.006	0.039	0	1.875	0.256	0.011	0.007	7.828	0.002	0.004	0.022	0.066	0.044
ASV_103	-1.33	9.699	0.190118751001704	0.490154933757094	NotSig	0.044	0.09	0.03	0.212	0.01	0.045	0.005	0.01	0.008	0.047	0.031	0.487	0.034	0.056	0.006	0.021	0	0.023	0.095
ASV_134	1.13	10.041	0.191955578606851	0.490154933757094	NotSig	0.11	0.048	0.03	0.035	0.144	0.254	0.154	0.151	0.193	0.012	0.02	0.05	0.067	0.031	0.099	0.045	0.031	0.039	0.026
ASV_88	1.365	10.075	0.192528234249045	0.490154933757094	NotSig	0.125	0.043	0.815	0.06	0.001	0.006	0.028	0.015	0.005	0.115	0.084	0.02	0.056	0.151	0.004	0.027	0.023	0.051	0.01
ASV_22	-1.285	12.588	0.192596336772482	0.490154933757094	NotSig	0.23	0.531	0.049	0.025	0.622	0.261	0.05	0.127	0.205	0.523	0.212	0.198	0.042	0.065	0.377	0.186	2.008	0.123	1.248
ASV_15	1.56	15.003	0.194321778471747	0.490154933757094	NotSig	3.186	1.192	3.797	1.048	0.02	0.065	0.639	0.127	0.02	1.355	21.601	0.459	1.078	7.226	0.09	0.452	0.12	0.096	0.016
ASV_74	-1.263	12.856	0.204371638250702	0.507923630358361	NotSig	0.406	0.727	0.279	0.096	0.49	0.267	0.2	1.974	0.289	0.023	0.031	0.226	0.048	0.019	1.881	0.492	0.154	0.229	2.77
ASV_199	1.938	7.921	0.209262670951836	0.509120067867011	NotSig	0.037	0.008	0.002	0	0.001	0	0.288	0.005	0.035	0	0.001	0	0	0	0.013	0.052	0	0	0
ASV_59	-1.28	11.907	0.210878134619472	0.509120067867011	NotSig	0.166	0.405	0.084	0.123	0.022	0.3	0.047	0.043	0	0.361	0.519	1.7	0.098	0.581	0.093	0.019	0.04	0.074	0.637
ASV_70	-1.231	10.987	0.223748389322811	0.532584194303591	NotSig	0.114	0.219	0.376	0.016	0.108	0.093	0.209	0.202	0.013	0	0.007	0.009	0.034	0.01	0.957	0.21	0.039	0.184	0.307
ASV_80	-1.749	5.91	0.254610726593641	0.59762795547674	NotSig	0.001	0.002	0	0	0	0.009	0	0	0	0	0	0	0	0	0	0	0.014	0	0.004
ASV_95	1.317	9.522	0.260415826488644	0.599439952749807	NotSig	0.093	0.037	0.003	0.016	0.128	0.113	0.133	0.423	0.021	0	0	0.009	0.004	0.015	0.073	0.186	0	0.008	0.001
ASV_126	1.121	9.086	0.264670386671483	0.599439952749807	NotSig	0.055	0.024	0.279	0.016	0	0.012	0.018	0.019	0.008	0.115	0.031	0.035	0.037	0.056	0.005	0.018	0.006	0.018	0.017
ASV_140	-1.273	12.315	0.266023647670033	0.599439952749807	NotSig	0.3	0.527	0.048	0.005	0.182	0.534	0.044	1.705	0.162	0.01	0.012	0.1	0.009	0.006	2.436	0.146	0	0.205	1.312
ASV_38	-1.048	11.317	0.27206586076385	0.602184181371132	NotSig	0.138	0.255	0.278	0.263	0.014	0.07	0.065	0.08	0.013	0.339	0.124	0.225	0.159	1.434	0.013	0.078	0.013	0.066	0.055
ASV_203	-0.94	8.685	0.274868422209888	0.602184181371132	NotSig	0.028	0.039	0.033	0.081	0.005	0.019	0.078	0.012	0.008	0.003	0.012	0.078	0.064	0.021	0.019	0.028	0.01	0.047	0.044
ASV_109	-1.254	8.188	0.279020317326471	0.602184181371132	NotSig	0.014	0.028	0.021	0.019	0	0.006	0.032	0.002	0.002	0.031	0.009	0.021	0.03	0.153	0	0.015	0.004	0	0
ASV_32	-1.174	13.281	0.281494380640943	0.602184181371132	NotSig	0.561	1.155	3.242	0.272	0.199	0.251	0.142	0.618	0.307	0.006	0.011	0.202	0.212	0.18	0.048	0.146	0.013	8.176	0.263
ASV_46	-1.151	14.646	0.285503003344487	0.603125094565228	NotSig	1.64	2.913	0.489	0.965	0.419	5.205	0.372	6.406	0.285	0.371	0.247	0.057	19.531	0.015	0.326	1.073	2.122	0.053	0.125
ASV_14	1.21	14.002	0.289498778469807	0.604015969893795	NotSig	1.557	0.731	1.779	1.26	0.011	0.064	0.548	0.101	0.005	0.884	9.36	0.733	1.152	3.275	0.039	0.392	0.178	0.07	0.011
ASV_76	0.883	11.322	0.303735368470926	0.625991186238859	NotSig	0.217	0.134	0.202	0.084	0.656	0.094	0.226	0.159	0.437	0.04	0.054	0.1	0.184	0.159	0.255	0.128	0.075	0.094	0.08
ASV_72	-1.021	10.176	0.317927756626357	0.647346877950053	NotSig	0.052	0.104	0.021	0.005	0.193	0.08	0	0.115	0.015	0.012	0.026	0.048	0.003	0.326	0.047	0.024	0.044	0.094	0.248
ASV_3	-1.002	14.865	0.329842185871244	0.663611064431431	NotSig	2.168	3.121	3.037	9.986	0.488	0.239	0.735	3.616	1.231	0.048	0.128	0.276	1.363	9.328	0.146	0.21	0.125	12.622	0.901
ASV_116	1.045	10.909	0.339276894556858	0.674562296236577	NotSig	0.192	0.079	0.085	0.217	0.644	0.013	0.155	0.556	0.049	0.007	0	0.02	0.138	0	0.008	0.015	0.064	0.063	0.322
ASV_75	-0.918	10.912	0.345087420025175	0.678136906793658	NotSig	0.135	0.21	0.307	0.077	0.042	0.049	0.102	0.57	0.021	0.043	0.007	0.012	0.056	0.013	1.085	0.345	0.003	0.125	0.043
ASV_151	0.913	10.114	0.358253080804834	0.693111265757384	NotSig	0.143	0.054	0.008	0.065	0.03	0.489	0.421	0.197	0.008	0.07	0	0.039	0.143	0.006	0.052	0.039	0.015	0.014	0.123
ASV_107	-1.093	9.177	0.363091775664043	0.693111265757384	NotSig	0.022	0.061	0.015	0	0.113	0.026	0.013	0.014	0.015	0.001	0	0.002	0.006	0.008	0.329	0.098	0	0.002	0.044
ASV_5	0.876	14.913	0.367732063477298	0.693111265757384	NotSig	2.944	1.484	0.969	1.983	10.497	0.879	8.526	2.118	1.158	0.186	0.178	0.472	1.008	0.069	2.834	1.384	3.481	1.375	1.252
ASV_36	0.868	12.587	0.369112508391506	0.693111265757384	NotSig	0.821	0.325	0.174	0.168	0.18	2.814	2.445	1.366	0.125	0.103	0.016	0.075	0.465	0.002	0.306	0.659	0.403	0.328	0.36
ASV_25	-0.811	13.527	0.381241382466216	0.708019710294402	NotSig	0.745	1.014	1.036	0.056	0.494	0.962	0.501	2.173	0.624	0.744	0.113	0.288	0.074	3.873	0.476	0.206	1.723	0.559	0.912
ASV_27	0.971	12.908	0.386881263784787	0.710684060648141	NotSig	0.686	0.413	0.287	0.78	0.007	0.045	0.149	0.12	0.012	0.759	4.017	1.542	1.377	0.144	0.017	0.069	0.003	0.051	0.106
ASV_141	0.798	10.107	0.401113145455073	0.718806426844925	NotSig	0.113	0.06	0.1	0.012	0.242	0.103	0.394	0.103	0.056	0.006	0.001	0.011	0.016	0.065	0.155	0.058	0.015	0.133	0.03
ASV_210	0.865	9.125	0.409192346556721	0.718806426844925	NotSig	0.049	0.027	0.005	0.009	0.004	0.17	0.005	0.017	0.012	0.132	0.09	0.015	0.009	0.151	0.016	0.006	0.003	0.004	0.009
ASV_37	-0.82	13.026	0.409461108374441	0.718806426844925	NotSig	0.57	0.847	0.43	0.082	0.32	1.071	0.487	2.078	0.612	0.004	0.044	0.223	0.049	0.105	4.573	0.298	0.073	1.076	0.379
ASV_127	-0.966	10.028	0.414104794445865	0.718806426844925	NotSig	0.066	0.11	0.327	0.191	0.002	0	0.008	0.007	0.002	0.016	0.044	0.112	0.282	0.337	0.004	0.124	0	0.021	0
ASV_169	0.86	8.227	0.41950307268321	0.718806426844925	NotSig	0.025	0.016	0.01	0.012	0.062	0.038	0.012	0.048	0.04	0.001	0	0.047	0	0.004	0.008	0.052	0.001	0.018	0.001
ASV_159	0.8	10.557	0.419976501167209	0.718806426844925	NotSig	0.14	0.086	0.35	0.137	0.018	0.045	0.026	0.067	0.025	0.029	0.568	0.045	0.34	0.182	0.031	0.066	0.003	0.02	0.001
ASV_16	0.863	11.935	0.421075954187264	0.718806426844925	NotSig	0.496	0.214	0.251	0.235	0.492	0.196	0.186	3.011	0.078	0.003	0.011	0.005	0.1	0.031	0.048	0.004	0.018	1.344	0.165
ASV_99	-0.843	9.506	0.427616588631271	0.722672034786847	NotSig	0.047	0.073	0.136	0.144	0.005	0.016	0.027	0.021	0	0.072	0.005	0.089	0.23	0.188	0.008	0.042	0	0.021	0.001
ASV_1	0.757	16.982	0.436204566537844	0.724577540972494	NotSig	12.357	7.329	5.559	5.685	4.241	39.807	7.76	4.29	42.824	0.878	0.167	1.78	3.404	0.79	6.112	21.097	11.642	7.708	6.1
ASV_60	0.994	12.622	0.43896411097467	0.724577540972494	NotSig	0.52	0.344	0.066	0.138	0.01	0.033	0.096	0.086	0	4.183	0.066	0.038	2.529	0.01	0.041	0.042	0	0.037	0.055
ASV_82	-0.862	12.316	0.442486564112429	0.724577540972494	NotSig	0.353	0.443	0.062	0.063	0.019	0.026	1.856	0.26	0.874	0.016	0	0.276	0.015	0	0.67	0.183	1.416	0.816	0.171
ASV_128	-1.337	9.262	0.447667781598988	0.724577540972494	NotSig	0.041	0.057	0	0	0	0	0.001	0.365	0	0	0	0	0	0.334	0	0.004	0	0.002	0.119
ASV_50	0.898	11.932	0.453000126737668	0.724577540972494	NotSig	0.315	0.207	0.008	0.049	0.02	0.268	0.035	0.103	2.334	0.018	0.001	0.002	0.025	0	0.048	0.231	0.256	1.051	0.045
ASV_35	0.715	11.39	0.454468753509375	0.724577540972494	NotSig	0.253	0.165	0.36	0.505	0.011	0.023	0.096	0.091	0.03	0.341	0.824	0.379	0.594	0.048	0.023	0.142	0.032	0.092	0.01
ASV_89	-0.686	10.919	0.46638487681138	0.735430867039948	NotSig	0.11	0.185	0.079	0.042	0.029	0.073	0.084	0.171	0.503	0.004	0.009	0.146	0.013	0.036	0.303	0.069	0.041	0.707	0.162
ASV_85	-0.659	11.06	0.469979488995943	0.735430867039948	NotSig	0.167	0.216	0.238	0.441	0.109	0.241	0.384	0.038	0.008	0.023	0.023	0.573	0.686	0.161	0.078	0.169	0.008	0.031	0.022
ASV_131	-1.205	11.729	0.474645025613091	0.735917516776261	NotSig	0.273	0.396	0	0	0	0.009	2.032	0.413	0	0	0.003	0	0	0	0.055	0.003	0	3.065	0.048
ASV_143	0.687	10.505	0.483185764243914	0.742349037792922	NotSig	0.116	0.077	0.034	0.082	0.403	0.135	0.041	0.135	0.206	0.001	0.004	0.231	0.074	0.006	0.023	0.042	0.169	0.049	0.02
ASV_30	-0.631	11.706	0.49498702217796	0.751978527819878	NotSig	0.257	0.317	0.09	0.322	0.155	0.351	0.355	0.779	0.102	0.142	0.012	0.053	0.144	0.019	0.1	0.13	0.01	1.631	0.445
ASV_43	-0.58	12.589	0.504218405882932	0.751978527819878	NotSig	0.431	0.61	0.189	0.179	0.175	1.163	0.623	0.591	0.704	0.044	0.21	0.08	0.309	0.194	0.82	2.112	0.768	0.402	0.191
ASV_41	-0.656	11.217	0.50472348588034	0.751978527819878	NotSig	0.154	0.272	0.135	0.002	0.047	0.219	0.264	0.255	0.412	0.029	0.022	0.611	0.006	0.023	0.04	1.31	0.104	0.072	0.012
ASV_21	-0.693	13.487	0.514857145011227	0.751978527819878	NotSig	0.908	1.064	0.166	0.354	0.68	0.129	0.452	5.893	0.048	0.355	0.094	0.033	5.434	0.002	0.381	0.455	1.988	0.064	0.155
ASV_9	0.6	13.571	0.518618819991276	0.751978527819878	NotSig	1.25	0.737	2.486	2.743	0.098	0.119	1.052	0.877	0.112	1.203	2.556	0.735	2.247	1.655	0.082	0.261	0.283	0.465	0.171
ASV_117	0.665	8.53	0.519646821835956	0.751978527819878	NotSig	0.031	0.022	0.038	0.03	0.006	0.042	0	0.029	0.005	0.043	0.088	0.078	0.022	0	0.014	0.051	0.001	0.006	0.004
ASV_209	-0.631	9.748	0.520600519259915	0.751978527819878	NotSig	0.05	0.071	0.01	0.009	0.017	0.171	0.048	0.005	0.084	0.031	0.078	0.071	0.019	0.328	0.011	0.013	0.01	0.004	0.111
ASV_154	0.597	11.308	0.536750546670372	0.762396651359145	NotSig	0.232	0.164	0.056	0.102	0.079	0.635	0.174	0.13	0.008	0.019	0.884	0.157	0.563	0.219	0.102	0.236	0.009	0.006	0.022
ASV_31	-0.706	13.374	0.536835511903777	0.762396651359145	NotSig	0.614	1.08	0.207	1.543	0.016	0.313	0.037	0.074	0.016	2.562	0.758	5.771	1.956	0.777	0.008	0.085	0.005	0.025	0.014
ASV_121	-0.542	10.473	0.561318422203131	0.790523444602743	NotSig	0.099	0.126	0.028	0.011	0.074	0.064	0.191	0.293	0.218	0.01	0.001	0.137	0.007	0.023	0.397	0.082	0.112	0.182	0.065
ASV_73	0.591	12.967	0.574539193022452	0.802455567114003	NotSig	0.892	0.419	0.35	0.056	1.27	0.025	0.36	5.592	0.236	0.123	0.016	0.054	0.085	0.006	1.02	0.354	0.761	0.082	0.988
ASV_67	-0.622	9.944	0.583501171211823	0.808292606022936	NotSig	0.088	0.084	0.002	0.007	0	0.028	0.642	0.033	0.01	0.059	0.015	0.047	0.007	0.535	0.048	0.016	0.018	0.002	0.001
ASV_29	-0.501	11.831	0.593964903617213	0.816098119604138	NotSig	0.327	0.334	0.923	1.063	0.012	0.059	0.603	0.151	0.036	0.035	0.057	1.592	0.356	0.061	0.093	0.064	0.031	0.182	0.291
ASV_54	0.533	11.985	0.604831465843672	0.821776495814749	NotSig	0.313	0.225	0.067	0.084	0.004	0.086	0.123	0.092	0.026	0.176	2.161	0.107	0.184	0.692	0.014	0.118	0.044	0.066	0.57
ASV_40	0.463	12.33	0.607822851933986	0.821776495814749	NotSig	0.489	0.35	0.939	0.387	0.616	0.323	0.853	0.49	0.665	0.025	0.102	0.038	0.114	0.038	0.246	0.546	0.184	1.527	0.107
ASV_83	-0.499	12.017	0.631659247849795	0.846823036036372	NotSig	0.259	0.322	0.154	0.364	0.44	0.074	0.059	0.519	0.711	0.004	0	0.177	0.248	0.004	0.418	0.121	0.072	0.102	1.433
ASV_13	0.455	12.729	0.637177447536339	0.846823036036372	NotSig	0.639	0.408	2.982	0.389	0.086	0.133	0.239	0.315	0.114	0.853	0.635	0.223	0.287	2.278	0.058	0.094	0.156	0.1	0.07
ASV_98	0.666	9.17	0.641380761021631	0.846823036036372	NotSig	0.054	0.034	0.1	0.091	0	0	0.001	0.092	0.002	0.009	0.194	0	0.252	0	0	0	0	0.02	0.004
ASV_26	-0.435	12.918	0.654955841604894	0.851726851794996	NotSig	0.46	0.708	0.241	0.191	0.157	0.267	0.267	0.18	0.124	0.131	2.579	2.394	1.475	1.193	0.279	0.121	0.05	0.082	0.073
ASV_189	-0.383	11.389	0.655174501380766	0.851726851794996	NotSig	0.205	0.24	0.163	0.24	0.09	0.609	0.151	0.236	0.112	0.21	0.035	1.086	0.365	0.1	0.136	0.07	0.042	0.039	0.085
ASV_96	0.625	9.11	0.679549155473108	0.864579336689584	NotSig	0.038	0.033	0	0.002	0	0	0	0	0	0.338	0.001	0.008	0.01	0	0.082	0.095	0	0.027	0.044
ASV_63	-0.391	12.224	0.683883880977483	0.864579336689584	NotSig	0.424	0.429	0.077	0.184	0.156	1.339	1.173	0.676	0.033	0.166	0.012	0.012	0.313	0.006	0.24	1.629	0.744	0.137	0.353
ASV_122	-0.418	9.225	0.690005142514254	0.864579336689584	NotSig	0.042	0.041	0.276	0.007	0.03	0.003	0.035	0.005	0.002	0.003	0.016	0.003	0.031	0.081	0.004	0.012	0.124	0.012	0.06
ASV_65	0.397	12.423	0.694417548128086	0.864579336689584	NotSig	0.518	0.373	2.201	0.604	0.012	0.099	0.338	0.053	0.007	0.809	0.543	0.219	0.65	1.338	0.035	0.61	0.079	0.039	0.014
ASV_4	0.423	16.412	0.694877815219152	0.864579336689584	NotSig	5.573	5.316	0.637	1.428	35.871	4.085	1.174	2.034	4.505	0.311	0.108	0.11	0.649	0.27	14.329	9.281	8.531	1.918	7.443
ASV_8	-0.366	12.361	0.695756152602269	0.864579336689584	NotSig	0.489	0.479	0.81	2.169	0.046	0.064	0.743	0.099	0.026	0.297	0.146	0.524	2.412	0.353	0.117	0.152	0.131	0.066	0.076
ASV_147	-0.416	11.553	0.710489770770413	0.868009856133785	NotSig	0.169	0.191	0.015	0.142	0.88	0.046	0.163	0.25	0.007	0.015	0.001	0.035	0.079	0.002	0.016	0.012	1.194	0.025	0.166
ASV_79	-0.365	12.306	0.71077634329693	0.868009856133785	NotSig	0.33	0.54	0.094	0.163	0.148	0.528	0.39	0.197	1.437	0.007	0.008	0.042	0.071	0.102	0.585	2.954	0.234	0.256	0.075
ASV_64	0.476	7.142	0.713925266287551	0.868009856133785	NotSig	0.013	0.007	0.041	0.028	0.001	0	0	0.048	0	0	0	0.002	0.036	0.004	0.001	0.001	0	0	0.01
ASV_48	0.413	13.919	0.727175913925219	0.877805210381158	NotSig	1.764	1.107	0.447	10.844	2.133	0.596	1.181	0.089	0.508	0.057	0.022	0.084	8.29	0.002	0.277	0.136	0.004	0.006	0.057
ASV_81	0.373	11.772	0.743141391359937	0.890715568367583	NotSig	0.325	0.22	1.536	0.31	0.01	0.009	0.185	0.048	0	0.53	0.297	0.113	0.313	1.25	0.006	0.03	0.044	0.004	0.001
ASV_44	-0.319	12.368	0.753665024086293	0.896967528666081	NotSig	0.402	0.48	1.35	0.126	0.119	0.03	0.239	0.883	0.843	0.012	0.015	0.154	0.073	0.052	0.692	0.092	0.022	2.697	0.059
ASV_2	-0.253	16.244	0.79243993677362	0.932417859611352	NotSig	5.651	5.449	2.275	4.014	6.094	3.257	7.295	11.431	16.075	0.33	0.085	0.892	1.393	1.396	6.243	3.136	20.259	6.866	3.409
ASV_200	0.222	10.468	0.79448622357417	0.932417859611352	NotSig	0.15	0.101	0.08	0.138	0.065	0.075	0.673	0.122	0.049	0.104	0.042	0.009	0.156	0.035	0.163	0.251	0.147	0.033	0.012
ASV_12	-0.263	13.06	0.807010474133748	0.932849102411247	NotSig	0.7	0.95	0.011	0.046	0.708	0.74	1.849	1.868	1.046	0.022	0.013	0.042	0.03	0.012	0.924	6.088	0.06	0.34	0.102
ASV_881	-0.254	12.045	0.809196245006425	0.932849102411247	NotSig	0.381	0.302	0.089	0.004	0.064	0.445	0.059	2.265	0.472	0.021	0.011	0.178	0.001	0.027	0.414	0.066	0.134	0.367	1.232
ASV_69	-0.25	10.647	0.811413124582564	0.932849102411247	NotSig	0.14	0.135	0.47	0.513	0.005	0.022	0.052	0.012	0	0.065	0.119	0.062	0.492	0.418	0.007	0.07	0.009	0.006	0.015
ASV_111	0.247	11.241	0.8177218788499	0.933749983281305	NotSig	0.185	0.175	0.128	0.063	0.708	0.358	0.377	0.002	0.012	0.009	0.008	0.068	0.021	0.008	0.989	0.231	0.066	0.006	0.015
ASV_120	0.26	9.101	0.831644715508525	0.943274878664031	NotSig	0.047	0.033	0	0.002	0.004	0.075	0.041	0.14	0.002	0.069	0.093	0.006	0	0.236	0.006	0	0.001	0.018	0.001
ASV_114	-0.199	8.393	0.856310336806636	0.952019901697343	NotSig	0.027	0.027	0.12	0.077	0	0.019	0.008	0.005	0	0.013	0.005	0.014	0.126	0.008	0.004	0.027	0.003	0.039	0
ASV_86	0.204	9.856	0.860125724371226	0.952019901697343	NotSig	0.075	0.069	0	0	0.026	0.118	0.121	0.104	0.002	0.289	0.015	0.017	0	0.136	0.131	0.195	0	0.043	0.031
ASV_94	0.176	11.907	0.863368424433379	0.952019901697343	NotSig	0.265	0.262	0.131	0.14	0.023	0.042	0.036	0.031	0.007	0.606	1.371	0.226	0.224	1.333	0.053	0.09	0.069	0.055	0.048
ASV_146	-0.167	11.199	0.870075647596702	0.952019901697343	NotSig	0.168	0.228	0.031	0.067	0.524	0.371	0.353	0.122	0.043	0.001	0.001	0.039	0.059	0.006	0.238	1.214	0.169	0.09	0.009
ASV_20	-0.155	12.01	0.872600042047604	0.952019901697343	NotSig	0.332	0.332	0.054	0.012	0.101	0.577	0.492	0.829	0.897	0.012	0.018	0.05	0.012	0.056	0.57	0.607	0.431	0.738	0.193
ASV_149	-0.147	10.221	0.874452738618784	0.952019901697343	NotSig	0.11	0.103	0.335	0.287	0.047	0.122	0.089	0.091	0.015	0.001	0.005	0.017	0.154	0.033	0.081	0.221	0.003	0.244	0.074
ASV_135	0.164	10.65	0.884982178577849	0.952019901697343	NotSig	0.206	0.105	0.021	1.342	0.011	0.006	0.012	0.457	0	0.006	0	0.119	0.095	0.002	0.071	0.09	0.006	0.104	0.354
ASV_18	0.126	11.625	0.899675389558786	0.952019901697343	NotSig	0.347	0.245	0.164	2.046	0.01	0.039	0.309	0.046	0.003	0.401	0.101	0.413	1.216	0.069	0.023	0.119	0.036	0.023	0.06
ASV_62	-0.129	11.304	0.904231872179132	0.952019901697343	NotSig	0.191	0.203	0.319	0.506	0.002	0.015	0.028	0.01	0.01	0.128	0.698	0.074	0.771	0.696	0.017	0.015	0.004	0.043	0.006
ASV_137	-0.137	8.218	0.904318630974304	0.952019901697343	NotSig	0.024	0.023	0.095	0.016	0.007	0.067	0.021	0.003	0	0.003	0	0	0.05	0.059	0.006	0.055	0.001	0	0.01
ASV_105	0.147	7.037	0.905936720991685	0.952019901697343	NotSig	0.007	0.007	0	0	0.002	0.007	0.005	0.003	0	0.028	0.016	0.05	0	0	0.001	0.003	0.001	0	0.002
ASV_235	0.103	10.077	0.910098972652751	0.952019901697343	NotSig	0.083	0.089	0.061	0.074	0.13	0.125	0.119	0.039	0.188	0.006	0.005	0.008	0.056	0.042	0.089	0.377	0.067	0.063	0.007
ASV_119	0.105	10.142	0.917693549082619	0.952019901697343	NotSig	0.101	0.088	0.664	0.033	0.006	0.001	0.083	0.026	0.016	0.05	0.034	0.237	0.049	0.002	0.013	0.106	0.021	0.27	0.009
ASV_90	0.095	10.337	0.918220378560159	0.952019901697343	NotSig	0.094	0.086	0.141	0.025	0.05	0.02	0.068	0.074	0.013	0.066	0.388	0.041	0.058	0.257	0.008	0.01	0.028	0.143	0.143
ASV_104	-0.078	10.557	0.944396845584742	0.968121905992456	NotSig	0.118	0.12	0.113	0.245	0.013	0.016	0.006	0.217	0	0.443	0.011	0.708	0.134	0.021	0.007	0.013	0	0.004	0.074
ASV_152	-0.061	10.686	0.945207778039972	0.968121905992456	NotSig	0.125	0.151	0.039	0.028	0.068	0.189	0.283	0.065	0.307	0.01	0.138	0.026	0.028	0.035	0.128	0.791	0.086	0.061	0.054
ASV_34	0.048	11.364	0.960049555346015	0.975885671374298	NotSig	0.226	0.204	0.338	0.741	0.022	0.073	0.022	0.104	0.01	0.536	0.191	0.201	1.014	0.146	0.011	0.031	0.009	0.084	0.133
ASV_97	0.035	10.961	0.96942661109591	0.975885671374298	NotSig	0.167	0.149	0.153	0.321	0.013	0.032	0.28	0.055	0.015	0.101	0.531	0.066	0.392	0.523	0.052	0.073	0.019	0.025	0.037
ASV_77	-0.045	12.67	0.970111199946047	0.975885671374298	NotSig	0.417	0.38	0.087	0.061	1.926	0.454	0.624	0.265	0.338	0	0	0.002	0.101	0.008	0.21	0.119	2.296	0.189	0.119
ASV_188	-0.027	9.057	0.97716252463719	0.97716252463719	NotSig	0.037	0.035	0.056	0	0.03	0.016	0.025	0.062	0.102	0.032	0.007	0.05	0.004	0.01	0.053	0.006	0.048	0.057	0.053
