ID	log2FC	log2CPM	PValue	FDR	level	MeanA	MeanB	DS03P016	DS03P017	DS03P030	DS03P037	DS03P049	DS03P054	DS03P060	DS03P065	DS03P076	DS04P86	DS05P114	DS04P138	DS06P140	DS06P180	DS04P194	DS05P196	DS03P237	DS03P239	DS03P245	DS03P272	DS03P279	DS03P288	DS03P295	DS03P298	DS03P312	DS03P313	IS03P020	IS03P027	IS03P033	IS03P038	IS03P039	IS03P043	IS03P052	IS03P053	IS03P062	IS03P069	IS03P070	IS03P081	IS03P082	IS03P083
ASV_128	-10.289	11.212	1.65529920458919e-09	2.79745565575574e-07	Depleted	0	0.658	0	0	0.008	0.002	0	0	0	0	0	0	0	0	0	0	0	0	0	0	0	0	0	0	0	0	0	0	0	9.177	0.021	0.002	0.003	0	0	0.008	0.007	0	0	0	0	0
ASV_24	-6.289	9.08	7.20628499394935e-07	6.0893108198872e-05	Depleted	0.001	0.1	0	0	0.003	0.004	0	0.002	0	0	0.013	0	0	0	0	0	0	0	0	0	0	0	0	0	0	0	0	0	0	0.007	0	0.014	0	0.003	0.108	0.032	0.087	0.001	0.146	0.999	0.003	0
ASV_114	6.667	13.873	1.4311607352329e-06	8.06220547514535e-05	Enriched	0.817	0.016	0.13	0.01	0.003	0.013	0.006	0.002	3.545	0.001	0.013	0.599	0.086	0.006	0.003	0	0.001	0.003	0.057	4.702	1.015	0.613	3.768	1.785	0	3.205	1.196	0.482	0.106	0.002	0.002	0.006	0.003	0.005	0.001	0.066	0.002	0.016	0.008	0.005	0.001	0.003
ASV_169	-6.265	12.275	2.04131137643179e-06	8.62454056542432e-05	Depleted	0.024	0.774	0.005	0.026	0.125	0.361	0	0.086	0	0.004	0.002	0	0.003	0	0	0	0	0.011	0	0	0	0	0.001	0	0	0	0	0	0.013	0.066	0	3.802	0.062	0.23	0	0	6.481	0.002	0.003	0.011	0	0.17
ASV_71	6.349	14.864	1.41393549880275e-05	0.00047791019859533	Enriched	1.7	0.059	0.043	0.002	0.163	0.026	0.032	0	0	0.003	0.013	1.756	0	0.001	0	0.023	0.001	0.295	0.329	0.768	20.013	1.328	13.113	5.809	0	0.283	0.194	0.001	0.327	0.109	0.089	0.024	0.05	0.032	0.001	0.007	0.014	0.08	0.02	0.005	0.035	0.033
ASV_98	-6.933	14.495	2.6166866140175e-05	0.000727955490902558	Depleted	0.037	2.396	0.149	0.029	0.097	0.004	0.641	0.017	0	0.001	0	0.008	0	0.003	0.006	0	0	0	0	0	0	0	0	0	0	0	0	0	0.02	0.007	0.118	0.002	0	0	0.147	32.584	0	0	0	0	0	0.662
ASV_44	-3.215	11.283	3.01520025817628e-05	0.000727955490902558	Depleted	0.054	0.321	0.507	0.127	0.1	0.141	0.012	0.01	0.002	0.025	0.016	0.011	0.001	0.001	0.034	0.04	0.14	0.01	0.007	0.033	0.006	0.039	0.045	0.032	0	0	0	0.074	0.286	0.299	0.094	0.026	0.037	0.048	0.173	0	2.168	0.269	0.807	0.029	0.015	0.242
ASV_33	-3.221	11.666	6.43068249199018e-05	0.00135848167643293	Depleted	0.092	0.677	0.231	0.135	0.485	0.94	0.003	0.151	0	0.134	0.034	0	0.018	0.004	0	0.001	0.023	0.067	0.011	0.005	0.001	0.015	0.022	0.005	0	0.061	0.012	0.024	0.173	1.323	0.143	0.359	0.175	2.054	0.021	0.005	0.167	0.053	0.006	0.031	0.007	4.964
ASV_117	4.479	13.454	9.30773580163803e-05	0.0015977327275257	Enriched	0.827	0.089	0.041	0.039	0.31	0.062	0.128	0.103	1.116	0.001	0.014	0.057	0.099	0.475	8.103	0.008	1.234	0.157	0.003	0.229	0	0.032	0.001	0.04	8.641	0.023	0.328	0.249	0.147	0.002	0.473	0.432	0.009	0.011	0.023	0.039	0.037	0.023	0.008	0.001	0.039	0
ASV_91	4.762	11.547	0.000102924260884396	0.0015977327275257	Enriched	0.261	0.014	0.007	0.058	0.008	0.908	0.023	0.094	0.001	0.004	0.006	0.119	0.004	0	0	0.001	0	0.004	0.068	0.061	0.439	0.089	0.409	4.386	0.003	0.047	0.002	0.036	0.037	0.015	0.019	0.039	0.028	0.003	0.008	0.039	0	0	0	0	0.004	0.001
ASV_85	3.49	12.974	0.000103994437886288	0.0015977327275257	Enriched	0.553	0.101	0.192	0.531	0.036	0.026	0.026	0.235	0.01	0.071	7.009	0.024	0.376	0.037	0.225	0.104	0.807	2.677	0.05	0.259	0.427	0.229	0.185	0.123	0.034	0.138	0.512	0.038	0.226	0.051	0.278	0.13	0.037	0.021	0.015	0.038	0.007	0.149	0.098	0.284	0.05	0.028
ASV_82	-3.718	9.511	0.000113829969157842	0.00160310539897295	Depleted	0.016	0.185	0.057	0.042	0.111	0.15	0.004	0	0	0.022	0.004	0	0	0	0	0	0	0.017	0	0	0	0.003	0	0.003	0	0	0.001	0	0.987	0.012	0.125	0.377	0.106	0.032	0.008	0.003	0.004	0.005	0.014	0.015	0.001	0.903
ASV_148	-6.367	11.88	0.000147958276036025	0.00192345758846832	Depleted	0.01	0.324	0.002	0	0	0.002	0.001	0.216	0	0	0.038	0	0.001	0	0	0	0	0	0	0.004	0	0	0	0	0	0	0	0	0	0	0.002	0	0	0	0.009	0	0	0	0	0.044	4.475	0.004
ASV_112	-3.491	13.702	0.000181137723012308	0.00218659108493429	Depleted	0.213	1.044	0.233	0.047	0.006	0.006	0.592	0.024	0.014	0.001	0.183	0.003	0	0.019	0.047	0.017	1.672	0.004	0.038	1.17	0.017	0.867	0.013	0.008	0.183	0.04	0.217	0.116	0.018	0.015	0.019	0.02	0.009	0	0.269	0.008	0.096	0.097	0.055	0.205	13.631	0.168
ASV_80	10.215	12.035	0.000229299691923215	0.00255081492444837	Enriched	0.489	0	0.003	0.006	0	0.002	0.006	0	0	12.7	0	0	0	0	0	0	0	0	0	0	0	0	0	0	0	0	0	0	0	0	0.002	0.002	0	0	0	0	0	0.001	0	0	0	0
ASV_81	-3.082	13.464	0.000241497270953691	0.00255081492444837	Depleted	0.179	0.899	0.214	0.075	0.039	0.058	0.051	0.29	0.045	0	0.156	0.05	0.102	0.32	0.923	0.003	0.004	0.003	0.008	0.017	0.027	0.156	0.118	0.22	0.943	0.231	0.446	0.15	0.15	0.017	0.167	0.053	0.012	0.021	0.536	0.391	0.011	0.14	0.054	0.592	10.426	0.011
ASV_72	4.181	14.35	0.000357008072768784	0.00354908025281909	Enriched	1.284	0.194	0.009	0.313	0.05	0.22	0.158	0.408	0	0.669	0.108	0.034	0.929	0.011	1.763	17.456	6.909	3.399	0.014	0.031	0.005	0.006	0.003	0.003	0.007	0.01	0.051	0.815	0.697	0.238	0.181	0.16	0.022	0.621	0.024	0.02	0.009	0.229	0.461	0.023	0	0.03
ASV_20	-3.153	12.545	0.000594768886343434	0.00558421898844669	Depleted	0.134	1.191	0.176	0.132	0.396	0.246	0.028	0.703	0.027	0.218	0.104	0.001	0	0	0.003	0.178	1.245	0.001	0.012	0	0	0.016	0	0	0	0	0	0.008	0.128	1.248	1.206	0.077	1.618	1.961	0.461	0.028	0.096	0.169	8.575	0.188	0.032	0.89
ASV_107	5.491	14.469	0.0006508695491986	0.00578931335866123	Enriched	1.721	0.08	0.005	0.019	0.451	0.092	0	0.005	0	0	0.001	0.021	0	0	0	0	0	1.911	41.14	0.207	0.109	0.329	0.189	0.189	0	0	0	0.067	0.013	0.073	0.183	0.057	0.294	0.016	0.027	0.003	0.007	0.006	0.011	0.425	0.004	0.004
ASV_16	-4.323	14.476	0.000696158448209426	0.00588253888736965	Depleted	0.321	2.863	4.716	0.125	0.102	2.05	0.003	0.134	0	1.176	0.002	0	0	0	0	0.007	0	0	0.001	0.003	0.001	0.007	0	0.009	0	0.001	0.004	0	0.099	0.619	0.181	7.399	0.659	0.067	0.003	0	30.156	0.001	0	0	0.003	0.895
ASV_64	7.24	12.8	0.000763413853530128	0.00614366386888532	Enriched	0.879	0.01	1.447	0.081	0.008	1.567	0.012	0	0	19.713	0.006	0	0	0	0	0	0.004	0	0	0.003	0	0.001	0	0	0	0	0	0	0.009	0	0.028	0.093	0	0	0	0	0.002	0.011	0	0	0	0.002
ASV_167	-3.608	9.168	0.000825610810193662	0.00634219213285131	Depleted	0.015	0.15	0.022	0.073	0.191	0.081	0.001	0.014	0	0.001	0	0	0	0.006	0	0	0	0	0.004	0	0	0.001	0	0	0	0	0	0	0.061	0.903	0.174	0.045	0.553	0.123	0.006	0.004	0	0	0.005	0	0	0.224
ASV_110	3.35	12.232	0.00113509950794951	0.00834051377580295	Enriched	0.394	0.037	0.067	0.006	0.014	0.019	6.764	0.036	0.148	0.008	0.041	0.074	0.508	0.22	0.004	0.001	0.494	0.019	0.003	0.024	0.034	0.632	0.109	0.045	0.038	0.468	0.394	0.064	0.075	0	0	0.018	0	0.003	0.014	0.128	0.101	0.103	0.011	0.023	0.036	0.011
ASV_134	3.21	12.186	0.00131688026392306	0.00927303185845824	Enriched	0.327	0.081	0.033	0.089	0.114	0.051	0.015	0.065	0.01	0.024	0.011	0.001	0.063	0.026	0.071	0	0.012	0.193	6.531	0.054	0.663	0.083	0.087	0.188	0	0.072	0.05	0	0.174	0.114	0.101	0.154	0.219	0.107	0.097	0.008	0.018	0.07	0.011	0.02	0.025	0.016
ASV_157	4.264	11.774	0.00149363910040578	0.010097000318743	Enriched	0.173	0.042	0.038	0.029	0.003	0.004	0.003	0	0.384	0.001	0.002	2.085	0.003	0	0.004	0	0.004	0	0.014	0.043	0.41	0.029	1.061	0.273	0	0.083	0.021	0	0.011	0.002	0.346	0.006	0.003	0.195	0.001	0.001	0	0.007	0	0	0	0.01
ASV_92	-2.749	7.261	0.00158194515191929	0.0102826434874754	Depleted	0.004	0.027	0.002	0.002	0.022	0.034	0.001	0.01	0.002	0.015	0.002	0	0	0	0	0	0	0	0	0	0	0.001	0	0	0	0	0	0	0.167	0	0.005	0.02	0.009	0.019	0.057	0.003	0	0.043	0.041	0.008	0.003	0.002
ASV_76	2.557	12.323	0.00166612722160735	0.0104287222389497	Enriched	0.376	0.118	0.185	0.265	0.332	0.152	0.074	0.307	0.022	0.032	0.028	0.036	0.424	0.008	0.041	0	0.357	0.029	4.712	0.151	0.92	0.264	0.151	0.36	0.016	0.426	0.43	0.067	0.125	0.078	0.169	0.404	0.216	0.096	0.045	0.124	0.03	0.087	0.099	0.057	0.028	0.091
ASV_101	-3.947	7.786	0.00181962217640109	0.0109827195647066	Depleted	0.004	0.067	0	0	0.069	0.013	0.004	0	0	0	0.004	0	0	0	0	0	0	0	0	0	0	0	0	0.001	0	0	0	0	0	0.083	0.028	0.016	0.006	0.797	0	0	0.004	0.004	0	0	0	0
ASV_154	2.805	12.364	0.00196339815574	0.0111122735049109	Enriched	0.43	0.086	0.036	0.274	0.033	0.049	0.007	0.048	0.007	0.031	1.056	0.003	0.06	0.48	0.318	0.122	0.354	6.335	0.019	0.613	0.018	0.482	0.027	0.056	0.381	0.072	0.246	0.041	0.283	0.08	0.014	0.083	0.019	0.045	0.017	0.012	0.007	0.111	0.362	0.077	0.099	0
ASV_129	2.893	11.879	0.00197259292986584	0.0111122735049109	Enriched	0.358	0.053	0.247	0.102	0.03	0.06	0.006	0.055	0.001	0.001	0.004	0.067	0.392	0.048	0.01	0	1.176	3.937	0.01	0.012	0.06	0.258	0.099	0.305	0.014	0.129	0.102	2.175	0.152	0.024	0.054	0.075	0.003	0.011	0.01	0.008	0.011	0.063	0.151	0.065	0.113	0.002
ASV_174	4.688	13.582	0.00206641585633773	0.0112652993458412	Enriched	0.871	0.105	0.048	0.347	0.033	0.015	0.201	0.014	0	0	0	0	0.003	0.015	21.801	0	0.021	0.001	0	0.009	0.001	0	0	0.007	0.049	0.033	0.021	0.018	0.905	0.019	0.155	0.203	0.075	0.078	0.007	0.001	0	0.02	0.002	0.001	0	0.002
ASV_6	-3.002	14.847	0.0022161953281995	0.0115498522052717	Depleted	1.019	5.233	3.293	3.202	2.645	11.033	0.015	0.41	0.002	5.377	0.041	0.001	0.018	0.001	0	0.042	0.144	0.026	0.001	0.058	0.001	0.146	0.021	0.021	0	0	0	0.007	1.734	0.216	4.132	24.636	1.125	7.843	0.086	0.001	21.361	0.186	0.057	0.107	0.021	11.751
ASV_106	5.083	14.232	0.00232328927431925	0.0115498522052717	Enriched	0.461	0.057	0	0.018	0	0.013	0.053	0.192	10.612	0	0.057	0	0.302	0.006	0.639	0.004	0.001	0	0.003	0.057	0.003	0.003	0.001	0.011	0	0	0	0	0.006	0	0.028	0	0	0.04	0.002	0.001	0.043	0.189	0.002	0.117	0.112	0.259
ASV_18	3.264	15.362	0.00232363890520259	0.0115498522052717	Enriched	1.953	0.377	0.212	2.889	0.244	0.141	11.124	8.22	14.468	0.006	0.158	3.889	1.643	0.032	5.294	0.016	0	0.003	0.102	0.084	0.048	0.269	0.249	0.138	0.282	0.457	0.764	0.043	0.683	0.155	0.59	0.385	0.056	0.003	0.101	0.998	0.048	0.317	0.104	0.161	0.924	0.753
ASV_65	2.516	12.983	0.00320303935308191	0.0154661043048812	Enriched	0.662	0.145	0.313	0.425	0.033	0.047	0.533	0.532	0.133	0	0.034	0.429	3.415	7.038	0.093	0	0.019	0.255	0.022	1.073	0.064	0.229	0.214	0.175	0.692	0.211	0.529	0.712	0.284	0.08	0.216	0.079	0.034	0.083	0.17	0.177	0.085	0.289	0.049	0.248	0.182	0.053
ASV_47	-2.944	10.252	0.00392659844207951	0.0184331982419844	Depleted	0.034	0.254	0.048	0.201	0.078	0.107	0	0	0	0.379	0.001	0	0	0.001	0	0	0	0.001	0.034	0.012	0.001	0.003	0.001	0.007	0	0.002	0	0.007	0.015	0.175	0.028	0.073	1.125	0.214	0.001	0	0	0	0.005	0.016	0.001	1.899
ASV_158	4.082	12.027	0.00416202657952648	0.0190103376199993	Enriched	0.316	0.017	0	0.049	0	0.011	0.036	0.005	0	0	0.004	0.748	0.36	0	0	0	0	0.053	0.123	0.176	0.111	0.141	1.118	5.206	0	0.041	0.041	0	0	0	0.016	0.045	0	0.008	0.007	0.012	0	0	0.002	0.033	0.116	0.003
ASV_26	2.372	14.241	0.00527364322371867	0.0234538343370646	Enriched	1.572	0.315	0.214	1.278	0.258	0.301	0.123	1.23	0.404	0.007	0.093	0.55	1.211	16.011	7.746	0.022	3.138	3.364	0.361	0.16	0.263	0.347	0.243	0.179	2.726	0.084	0.487	0.084	0.303	0.204	0.628	0.325	0.128	0.094	0.081	1.328	0.087	0.229	0.184	0.396	0.337	0.083
ASV_60	2.917	12.673	0.005842264772195	0.0253164806795117	Enriched	0.332	0.099	0.226	0.244	0.025	0.141	0.257	0.022	1.839	0.011	0.018	0	0.122	0.046	0	0	0	0.003	0.03	0.094	0.075	0.16	0.918	1.86	0.473	0.64	1.434	0	0.633	0.015	0.103	0.069	0.009	0.011	0.022	0.298	0.02	0.107	0.041	0.033	0.02	0.001
ASV_39	2.902	13.503	0.00755680077991218	0.0319274832951289	Enriched	1.087	0.338	0.286	0.541	0.402	0.182	0.144	0.096	0.029	0.001	0.026	0.062	0.031	0.457	0.218	0	0	0	0.031	4.713	0.019	0.042	0.045	0.053	20.043	0.046	0.482	0.315	0.563	0.041	3.184	0.519	0.116	0.032	0.002	0.03	0.021	0.125	0.033	0.064	0.004	0
ASV_31	2.448	13.638	0.00834592944475378	0.0344015140527656	Enriched	1.035	0.209	0.24	0.292	0.033	0.09	0.09	1.424	0.276	0	0.203	0.515	1.938	0.001	7.005	0.019	5.336	0.001	0.055	0.07	0.17	0.274	0.07	0.189	7.736	0.167	0.656	0.056	0.134	0.034	0.16	0.055	0.031	0.08	0.111	0.251	0.196	0.116	0.096	1.318	0.277	0.07
ASV_126	2.582	12.23	0.00965809272504393	0.0383245595872458	Enriched	0.242	0.116	0.06	0.003	0.017	0.013	0.099	0.014	1.26	0	0.025	1.166	0.019	0.199	0.001	0.077	0.015	0.01	0.011	0.639	0.017	1.432	0.017	0.004	0.269	0.126	0.446	0.363	0.022	0.022	0.009	0.012	0.006	0.003	0.143	0.011	0.002	1.315	0.014	0.041	0.014	0.009
ASV_104	3.152	12.243	0.00976344093536369	0.0383245595872458	Enriched	0.447	0.117	0.072	0.193	0.008	0.038	0.064	0.098	0.002	0	0.002	0	0.068	0.108	0	0.009	0.004	0	0	0.29	0.003	0.026	0.003	0.004	9.844	0.025	0.469	0.289	0.147	0.007	1.098	0.245	0.034	0.051	0.001	0.04	0	0.011	0	0.007	0.001	0
ASV_12	-2.641	13.111	0.0102261839203896	0.0383245595872458	Depleted	0.467	1.553	0.08	0.742	10.008	0.447	0.018	0.552	0.004	0.215	0.024	0	0	0	0.004	0.022	0	0.004	0	0.008	0.004	0.006	0.001	0.001	0	0	0	0	0.006	0.636	0.55	3.954	3.049	1.11	0.044	0.005	3.288	0.06	0.049	0.149	0.027	8.812
ASV_176	2.901	11.35	0.0103292739328301	0.0383245595872458	Enriched	0.166	0.043	0.017	0.002	0	0	0.267	0.041	0.003	0	1.201	0.001	0.001	0.848	0.001	0.873	0.003	0.425	0.042	0.444	0.001	0.007	0.001	0.004	0.002	0	0.001	0.138	0	0.126	0	0.012	0.006	0.005	0.014	0.003	0.032	0.278	0.054	0.02	0.015	0.031
ASV_11	2.059	14.222	0.0104315369290728	0.0383245595872458	Enriched	1.425	0.524	0.682	0.63	0.1	0.135	1.008	1.328	0.14	0.007	0.146	1.019	5.672	5.276	1.264	0.005	0.119	0.264	0.038	0.638	0.116	0.428	0.502	1.394	4.821	6.548	4.563	0.2	0.736	0.172	1.263	0.126	0.069	0.599	0.184	0.144	0.388	1.289	0.544	0.963	0.449	0.411
ASV_41	-2.037	11.359	0.0121979560972826	0.0438607357540587	Depleted	0.081	0.388	0.116	0.115	0.075	0.028	0.051	0.01	0.044	0.281	0.061	0.003	0	0	0.024	0.131	0	0.063	0.016	0.006	0.004	0.306	0.008	0.004	0	0.007	0.725	0.041	0.048	0.248	0.005	0.108	0.294	0.15	3.97	0.003	0.073	0.288	0.005	0.031	0.02	0.193
ASV_122	-2.167	10.654	0.0131866452675604	0.0464279802128688	Depleted	0.042	0.21	0.039	0.015	0.055	0.038	0.2	0.082	0.049	0	0.023	0.001	0	0.4	0.012	0.001	0	0	0.005	0.003	0	0.06	0	0.004	0.063	0	0.02	0.014	0.011	0.007	0.238	0.063	0.012	0.003	0.783	0.008	0.88	0.82	0.038	0.008	0.01	0.054
ASV_87	2.028	12.708	0.0143770447336983	0.0495861338774492	Enriched	0.513	0.225	0.3	0.244	0.169	0.182	0.006	1.055	0.012	0.039	0.188	0.041	2.447	0.026	0.001	0.009	0.057	0.003	0.07	0.084	0.787	1.135	0.525	3.316	2.357	0.167	0.108	0.01	1.312	0.056	0.499	0.286	0.097	0.056	0.099	0.154	0.069	0.061	0.077	0.195	0.088	0.097
ASV_86	-2.558	11.538	0.0180740334709909	0.0610902331319493	Depleted	0.088	0.357	0	0	0.102	1.107	0.486	0.122	0.001	0.008	0.004	0.158	0	0.03	0.246	0.001	0.003	0.011	0	0	0	0.007	0	0	0	0	0	0	0	0.01	0.355	0.248	0.019	0.064	0.025	2.096	0	0.662	0.159	0.008	0.001	1.351
ASV_15	-1.923	13.933	0.0185993295458843	0.061633072416754	Depleted	0.4	1.793	0.548	0.195	0.05	0.073	4.985	0.669	0.691	0.001	0.406	0.355	0.074	0.237	0.038	0.003	0.204	0.011	0.003	0.01	0.029	0.417	0.034	0.11	0.953	0.093	0.066	0.148	0.279	0.138	0.212	0.083	0.05	0.056	4.859	0.712	0.052	0.703	0.197	13.15	4.54	0.079
ASV_30	-2.108	12.495	0.0268604064970918	0.0859439046871327	Depleted	0.309	1.357	1.87	0.83	0.122	3.892	0.023	0.034	0.002	0.007	0.081	0	0	0	0	0	0.021	0.076	0.02	0.403	0.028	0.492	0.039	0.072	0	0	0	0.01	3.626	1.71	0.209	0.124	0.191	1.343	0.027	0.008	0.004	11.155	0.09	0.008	0	0.508
ASV_57	2.622	12.826	0.0269528221799884	0.0859439046871327	Enriched	0.733	0.091	0.075	0.003	0.086	0.002	0.003	0.108	0	0	0.005	0	3.382	0.122	0	0.012	6.32	0.01	0.061	0.086	0.046	8.635	0.042	0.048	0	0	0	0	0.02	0.01	0.094	0.158	0.016	0.043	0.121	0.146	0.382	0.027	0.088	0.028	0.105	0.029
ASV_113	1.672	12.081	0.029129746500516	0.0899542730963961	Enriched	0.323	0.137	0.312	0.203	0.08	0.088	1.467	0.748	0.082	0	0.078	1.266	0.224	0.252	0.004	0	0.017	0.029	0.01	0.125	0.064	1.235	0.164	0.496	0.553	0.311	0.294	0.288	0.2	0.078	0.256	0.073	0.05	0.064	0.134	0.051	0.041	0.167	0.102	0.291	0.179	0.229
ASV_142	-2.17	9.768	0.0292750592917265	0.0899542730963961	Depleted	0.021	0.082	0.003	0.002	0.033	0.002	0.225	0.026	0.006	0	0.014	0.007	0	0.01	0.179	0	0	0	0	0	0.001	0	0	0	0.014	0	0.001	0.01	0.048	0.1	0.049	0.008	0.003	0	0.062	0.034	0.681	0.033	0.03	0.053	0.048	0
ASV_209	2.008	11.051	0.0311799153512127	0.0940965302563385	Enriched	0.186	0.076	0.014	0.031	0.21	0.073	0.031	0.357	0.02	0	0.016	0.239	0	0	0	0	0	0	0.063	0.024	0.024	0.051	0.217	1.322	0.142	0.09	1.721	0.196	0.068	0.002	0.268	0.317	0.025	0.054	0.029	0.064	0.011	0.11	0.009	0.037	0.014	0.06
ASV_70	2.33	10.212	0.0317951175372726	0.0942697344526152	Enriched	0.087	0.031	0.17	0.159	0.302	0.135	0.001	0	0.002	0.081	0	0.354	0	0	0.001	0	0	0.029	0.007	0.012	0.416	0.309	0.15	0.05	0	0.08	0	0	0.042	0.066	0.04	0.077	0.1	0.016	0.001	0.046	0	0	0.008	0.005	0	0.039
ASV_84	-2.198	10.663	0.0345021037745403	0.100531992032712	Depleted	0.103	0.385	0.07	0.089	2.29	0.107	0.006	0.012	0	0.006	0.002	0	0	0.003	0	0	0	0	0.078	0.001	0	0	0	0	0	0	0	0.006	0.077	2.394	1.773	0.073	0.622	0.107	0.088	0.001	0.005	0.032	0.022	0.016	0.003	0.171
ASV_28	4.196	10.528	0.0363273798919345	0.104056393249779	Enriched	0.124	0.012	0	0	0	0	0.098	0	0	0	0.936	0	0	0	0	0	0	0	0.004	0.089	0.011	2.084	0.004	0	0	0	0	0	0	0	0	0	0	0	0	0	0	0.161	0.006	0.001	0.003	0
ASV_37	-1.893	12.013	0.0383291855838703	0.107772813357563	Depleted	0.252	0.992	1.341	0.297	4.331	0.047	0.029	0.005	0.002	0.013	0.002	0.199	0.003	0	0	0	0	0.004	0.001	0.013	0.071	0.041	0.014	0.02	0	0.076	0.024	0.02	0.125	3.766	0.362	0.14	8.468	0.407	0.012	0.001	0.046	0.024	0.006	0.005	0.008	0.518
ASV_143	-2.083	10.185	0.0389002462414871	0.107772813357563	Depleted	0.059	0.259	0.007	0.614	0.136	0.182	0.004	0.062	0.001	0.489	0	0	0	0	0	0	0	0.003	0.01	0.003	0.003	0	0.001	0	0	0	0	0.025	0.306	0.233	0.976	0.132	0.903	0.091	0.013	0.001	0	0.007	0.002	0.001	0.001	0.961
ASV_7	1.743	15.046	0.0418786132973789	0.114152994310597	Enriched	1.613	1.024	0.952	0.58	0.294	0.511	3.51	4.211	7.542	0.001	0.371	2.612	0.268	0.163	2.323	0.001	0.191	0.068	0.566	0.466	0.861	1.301	6.23	5.342	0.596	1.723	1.238	0.021	2.004	0.117	2.481	0.434	0.116	0.714	0.239	1.966	0.196	0.666	0.112	0.824	0.395	4.07
ASV_123	2.187	11.604	0.0438248663465164	0.117561943056528	Enriched	0.284	0.08	0.257	0.055	0.047	0.024	0	0.175	0.003	0	0.001	0.131	0.013	0	0	0.184	0.455	1.615	0.045	0.066	0.051	4.049	0.071	0.134	0	0	0	0	0.123	0.432	0.073	0.004	0.044	0.054	0.028	0.015	0.092	0.004	0	0.005	0.004	0.237
ASV_210	2.104	11.584	0.0555134398966211	0.146590177227015	NotSig	0.101	0.05	0.003	0.003	0.019	0.036	0.179	0.139	1.261	0	0.055	0	0	0.004	0.359	0	0.216	0.007	0.041	0.019	0.014	0.039	0.01	0.011	0	0	0	0.208	0.009	0.01	0.035	0	0.016	0.037	0.069	0.103	0.03	0.124	0.024	0.04	0.186	0.018
ASV_73	-1.649	9.923	0.0623532523038046	0.162118455989892	NotSig	0.048	0.215	0.055	0.122	0.446	0.299	0.018	0.082	0.066	0.043	0.001	0	0	0	0	0	0	0.006	0.019	0	0.001	0.001	0.004	0.004	0	0.013	0.001	0.056	1.024	0.736	0.207	0.227	0.49	0.19	0.002	0	0	0.019	0.044	0.015	0.006	0.045
ASV_152	1.414	11.399	0.0634872380412794	0.16256580649964	NotSig	0.221	0.126	0.053	0.023	0.105	0.1	0.01	0.017	0.001	0.497	0.277	0.078	0.031	0.475	0.004	0.007	0.019	0.16	0.056	0.372	0.079	2.798	0.357	0.06	0.054	0.003	0.029	0.092	0.125	0.226	0.052	0.128	0.241	0.23	0.14	0.004	0.071	0.203	0.044	0.017	0.008	0.27
ASV_203	1.847	12.416	0.0654850224606255	0.163823673993222	NotSig	0.23	0.099	0.027	0.047	0.008	0.045	0.193	0.012	1.15	0.015	0.011	2.019	0	0.062	0.003	0.001	0.132	0.001	0.008	0.273	0.055	0.114	0.491	0.034	0.058	0.777	0.435	0	0.191	0.005	0.082	0.024	0.003	0.032	0.022	0.838	0.016	0.039	0.003	0.007	0.007	0.114
ASV_137	1.714	10.986	0.065917217938101	0.163823673993222	NotSig	0.144	0.061	0.026	0.013	0	0.004	0.044	0.002	0.004	0	0.065	0.138	0.084	1.402	0.36	0.231	0.04	0.304	0.014	0.629	0.041	0.201	0.085	0.026	0	0.011	0.021	0	0.028	0.005	0.021	0.028	0	0.037	0.017	0.103	0	0.313	0.241	0.012	0.013	0.039
ASV_124	1.644	12.337	0.0718417807461371	0.173961059931808	NotSig	0.21	0.181	0.118	0.083	0.039	0.041	0.178	0.043	1.625	0	0.031	0.015	0.058	1.122	0.712	0.011	0.013	0.161	0.018	0.866	0.062	0.029	0.055	0.099	0	0.04	0.005	0.042	0.068	0.017	0.113	0.022	0.003	0.043	0.109	0.078	0.018	1.506	0.112	0.057	0.182	0.212
ASV_407	2.101	10.025	0.0720548768948316	0.173961059931808	NotSig	0.075	0.021	0	0.003	0.003	0.139	0.133	0.23	0	0.001	0.013	0	1.087	0.001	0.221	0.001	0.003	0.001	0	0.089	0.009	0.003	0	0.007	0	0	0	0	0	0	0.045	0.053	0.006	0.024	0.003	0.047	0.055	0.027	0.002	0.016	0.015	0
ASV_111	-1.513	9.531	0.0769565503584494	0.183178267754619	NotSig	0.039	0.123	0.003	0.179	0.199	0.107	0.012	0.043	0.001	0	0.01	0	0	0	0	0	0.001	0.026	0.15	0.003	0.001	0.009	0.01	0.032	0	0	0	0.224	0.035	0.005	0.715	0.053	0.041	0.005	0.039	0.042	0.025	0.053	0.014	0.672	0.008	0.009
ASV_144	-1.896	9.199	0.0844135275018252	0.198137307608451	NotSig	0.026	0.087	0.082	0.041	0.055	0.118	0.004	0	0	0.355	0	0	0	0	0	0	0	0.004	0.001	0	0	0.009	0	0.009	0	0	0.001	0	0.035	0.019	0.035	0.032	0.15	0.554	0.027	0	0.341	0.017	0.006	0	0	0
ASV_140	-1.712	8.601	0.0924518006918753	0.214032250916807	NotSig	0.025	0.096	0.07	0.042	0.1	0.387	0.004	0.01	0	0.015	0.007	0	0	0	0	0	0	0	0	0	0	0	0.001	0.008	0	0	0.015	0.001	0.044	0.063	0.155	0.388	0.609	0.043	0	0	0	0.017	0.016	0.001	0.001	0
ASV_53	-1.476	10.304	0.100961753573081	0.230574815592578	NotSig	0.053	0.107	0.017	0.055	0.208	0.028	0.031	0.151	0.004	0	0.005	0.013	0	0	0	0.001	0	0.006	0.027	0.036	0.117	0.131	0.057	0.042	0	0.076	0	0.368	0.207	0.039	0.073	0.022	0.156	0.008	0.076	0.89	0.011	0	0.002	0.003	0	0.005
ASV_121	-1.205	9.112	0.105909090784295	0.238648484567279	NotSig	0.03	0.083	0.079	0.026	0.152	0.085	0.018	0.002	0	0.127	0.04	0.001	0	0.001	0	0.003	0.007	0.011	0.03	0.048	0.009	0.015	0.001	0.019	0	0.001	0	0.103	0.145	0.204	0.143	0.034	0.191	0.045	0.034	0.001	0	0.018	0.009	0.023	0.01	0.31
ASV_38	1.431	13.913	0.11415925064137	0.25385412313673	NotSig	0.485	0.419	0.211	0.177	0.039	0.122	0.444	0.125	5.139	0.008	0.089	2.386	0.046	1.583	0.456	0.059	0.013	0.024	0.027	0.073	0.515	0.124	0.185	0.395	0.182	0.142	0.037	0.006	0.34	0.051	0.143	0.106	0.141	0.054	1.173	1.911	0.126	0.487	0.181	0.956	0.141	0.061
ASV_207	-1.701	11.8	0.119484512537285	0.26058784281959	NotSig	0.107	0.449	0	0.003	0.003	0	0.048	0	0	0	0.119	0	0	0.177	0.015	0.031	0.258	0.034	1.636	0.088	0.018	0.149	0.014	0.016	0.002	0	0	0.185	0.002	0	0	0.061	0.009	0.027	1.652	0.019	0.005	0.125	4.353	0.036	0	0
ASV_29	1.216	13.651	0.12027131207058	0.26058784281959	NotSig	0.871	0.397	0.396	0.229	0.111	0.244	1.805	0.302	0.743	0.01	0.018	0.324	0.379	0.017	0.196	0.028	2.692	1.084	0.053	5.004	0.328	0.536	2.726	0.942	0.135	2.187	1.619	0.551	1.123	0.109	0.23	0.168	0.044	0.152	0.044	1.76	0.03	0.249	0.143	0.16	0.499	0.849
ASV_881	-1.65	11.522	0.124344917490233	0.266003684251258	NotSig	0.257	0.753	0.072	0.067	6.162	0.289	0.004	0.017	0	0.008	0.032	0.006	0	0.001	0	0	0	0.006	0.014	0.005	0.001	0.001	0.001	0.003	0	0	0	0	0.006	0.668	1.007	0.124	7.831	0.591	0.023	0	0	0.012	0.006	0.003	0.003	0.267
ASV_56	-1.423	12.195	0.127346719879812	0.269019945746104	NotSig	0.283	0.48	0.039	0.161	0.111	0.024	0.139	6.1	0.002	0.003	0.066	0.064	0.093	0.091	0	0.001	0	0.013	0.001	0	0.005	0	0.001	0.007	0	0.001	0.086	0.341	0.031	0.032	0.183	0.01	0.044	0.045	0.22	0.102	2.013	0.277	0.107	3.581	0.039	0.035
ASV_17	-1.08	11.296	0.1337733967893	0.279107457498663	NotSig	0.134	0.358	0.091	0.166	0.114	0.594	0.061	0.007	0.09	1.042	0.018	0.011	0.026	0	0.021	0.009	0.184	0.094	0.004	0.061	0.009	0.769	0.013	0.008	0	0.011	0.071	0.021	0.196	0.996	0.047	1.647	0.159	0.441	0.584	0.015	0.469	0.156	0.019	0.029	0.05	0.206
ASV_25	1.479	14.059	0.152746992343766	0.312283551886374	NotSig	0.857	1.029	0.293	0.448	3.977	0.722	0.185	0.055	0.003	0.106	0.601	0.031	0.001	0.053	0.001	14.709	0.005	0.351	0.556	0.079	0.008	0.006	0.004	0.005	0	0	0	0.07	0.141	0.743	3.032	0.625	7.059	1.067	0.19	0.023	0.253	0.27	0.371	0.109	0.048	0.471
ASV_55	-1.187	11.63	0.153744813085347	0.312283551886374	NotSig	0.122	0.305	0.128	0.071	0.449	0.246	0.08	0.329	0.014	0.176	1.453	0.001	0	0.015	0.001	0.011	0.007	0.003	0.042	0.015	0.017	0.074	0.004	0.029	0	0	0	0.014	0.062	0.066	0.287	0.221	0.39	0.171	0.049	0.028	1.689	0.325	0.65	0.079	0.017	0.231
ASV_43	1.05	12.537	0.155217860109203	0.312283551886374	NotSig	0.37	0.415	0.341	0.797	0.321	0.464	0.06	0.23	0.004	0.2	1.819	0.007	1.137	0.192	0.378	1.262	0.186	0.163	1.371	0.147	0.009	0.191	0.014	0.023	0.108	0.004	0.032	0.151	1.316	1.197	0.778	0.631	0.693	0.342	0.135	0.027	0.071	0.185	0.149	0.091	0.015	0.177
ASV_138	1.327	11.265	0.163187078961584	0.324454309935385	NotSig	0.276	0.152	0.005	3.418	0.468	0.096	0.114	0.228	0.028	0	0.02	0	0	0.325	0.007	0.028	0.029	0	0	0.004	0.001	0.004	0	0	0.486	0.922	0.457	0.542	0.033	0.017	0.828	0.106	0.665	0.078	0.092	0.082	0.005	0.087	0.003	0.015	0.004	0.107
ASV_83	-1.403	10.28	0.168454873317502	0.331033413844859	NotSig	0.104	0.29	0.503	1.086	0.701	0.237	0.003	0.062	0	0	0	0	0	0.001	0	0	0.003	0	0.016	0	0	0.004	0.006	0.007	0	0.031	0.001	0.034	0.059	0.112	2.239	0.12	0.89	0.249	0.007	0	0	0.007	0	0.023	0.004	0.345
ASV_108	-1.314	8.926	0.174997118880765	0.339936932078728	NotSig	0.035	0.102	0.005	0.463	0.127	0.214	0.001	0.005	0.001	0.025	0	0	0.004	0	0	0.039	0	0.006	0.004	0.006	0.005	0.009	0.003	0.004	0	0	0	0	0.294	0.01	0.282	0.657	0.019	0	0.002	0	0	0.008	0.008	0	0	0.151
ASV_94	1.143	12.654	0.188196559522269	0.357396802727543	NotSig	0.419	0.215	0.104	0.115	0.044	0.237	0.473	0.233	0.126	0.021	0.048	0.021	0.003	1.901	5.87	0	0.001	0.536	0.027	0.018	0.023	0.063	0.022	0.019	0.004	0.052	0.041	0.89	0.387	0.158	0.056	0.024	0.034	0.096	0.199	0.262	0.251	0.18	0.115	0.706	0.46	0.088
ASV_131	-1.691	8.715	0.188214884276635	0.357396802727543	NotSig	0.019	0.083	0	0	0.147	0.12	0	0	0	0.193	0.004	0	0	0	0	0.036	0	0	0	0	0	0	0	0	0	0	0	0	0	0.527	0.24	0.004	0.156	0.206	0	0	0.011	0.012	0.003	0.003	0.003	0
ASV_50	-1.402	10.099	0.192189557007088	0.357603285152894	NotSig	0.068	0.182	0.101	0.013	0.014	0.827	0.025	0.079	0	0.584	0.01	0	0	0	0	0	0	0.098	0	0.003	0	0.001	0	0.005	0	0	0	0	1.041	0	0.038	0.065	0.031	0.259	0.094	0	0	0.111	0.212	0.019	0.006	0.669
ASV_49	1.203	12.324	0.193081827808258	0.357603285152894	NotSig	0.506	0.282	0.464	0.136	0.108	1.793	0.015	0.036	0.001	0.049	0.132	0.001	0	0.003	0	0.129	3.176	2.026	0.053	4.673	0.048	0.258	0.028	0.025	0	0.002	0.006	0	0.336	0.33	0.444	0.243	0.253	0.642	0.022	0.001	0.012	0.6	0.065	0.184	0.137	0.673
ASV_58	-0.965	10.209	0.194671610852463	0.357603285152894	NotSig	0.087	0.222	0.058	0.932	0.119	0.261	0.006	0.041	0.007	0.415	0.019	0	0.003	0.006	0.004	0.001	0	0.049	0.087	0.017	0.005	0.149	0.031	0.036	0	0	0.002	0.003	0.437	0.073	0.524	0.988	0.131	0.532	0.005	0.021	0.037	0.069	0.066	0.192	0.015	0.016
ASV_54	1.185	13.285	0.200020364179274	0.363477866089218	NotSig	0.605	0.423	0.115	0.112	0.1	0.092	0.641	0.626	1.439	0.011	0.127	0.013	0.003	7.76	0	0	0.083	0.412	0.045	0.01	0.014	0.019	0.015	0.175	3.055	0.106	0.556	0.193	0.281	0.219	0.155	0.148	0.012	0.118	0.459	0.064	0.228	0.086	0.065	3.975	0.106	0.005
ASV_34	0.95	12.472	0.203506400713524	0.365878528942399	NotSig	0.434	0.202	0.247	0.503	0.061	0.085	0.136	0.575	0.076	0.001	0.066	0.094	0.069	0.015	0.757	0	0.509	0.955	0.05	0.944	0.237	0.249	0.353	1.093	2.409	0.045	0.602	1.15	0.2	0.029	0.089	0.158	0.081	0.035	0.038	0.481	0.05	0.235	0.387	0.526	0.478	0.034
ASV_48	1.364	10.898	0.208642122770105	0.371163355243661	NotSig	0.288	0.123	0.601	5.043	0.033	0.603	0.012	0.257	0.002	0.222	0.02	0	0	0	0.656	0.009	0	0	0.014	0	0	0	0.001	0.02	0	0	0	0.001	0.47	0	0.334	0.489	0.119	0.104	0.015	0.008	0.014	0.035	0.044	0.036	0.021	0.029
ASV_90	-1.05	10.694	0.212422319836247	0.373951792211726	NotSig	0.079	0.182	0.067	0.065	0.102	0.1	0.501	0.393	0.001	0.004	0.223	0.143	0	0.03	0.001	0.004	0.246	0	0.053	0.052	0	0.044	0.004	0.001	0	0	0	0.017	0.101	0.012	0.242	0.037	0.031	0.214	0.442	0.021	0.546	0.611	0.23	0.052	0.001	0.001
ASV_311	-1.115	9.897	0.215496765149598	0.375453126910124	NotSig	0.059	0.161	0.503	0.062	0.053	0.353	0.004	0.014	0	0.169	0.013	0	0	0	0	0.079	0.172	0.023	0.005	0.077	0.001	0.015	0	0	0	0	0	0	0.587	0.175	0.096	0.136	0.116	0.246	0.007	0.001	0.004	0.513	0.099	0.001	0.003	0.276
ASV_127	1.444	9.8	0.221610486494964	0.382165022629071	NotSig	0.096	0.038	0.123	0.125	0.003	0	0.031	0.489	0	0.001	0.002	0.001	0	0	0	0	0	0.049	0	0	0	0	0	0	0.296	0.007	0.022	1.346	0.127	0	0.035	0	0.012	0.003	0.059	0.02	0	0.132	0.002	0.087	0.004	0.045
ASV_74	-1.069	10.135	0.230820823165725	0.394027465808156	NotSig	0.091	0.196	0.317	0.283	0.969	0.122	0.009	0.01	0	0.024	0.001	0	0	0.03	0	0	0	0.001	0.094	0.008	0.003	0	0.004	0.009	0	0	0	0.475	0.105	0.537	0.543	0.057	0.89	0.147	0.08	0.003	0.002	0.053	0.083	0.035	0.017	0.189
ASV_93	-1.053	9.588	0.235611384119766	0.398183239162405	NotSig	0.057	0.14	0.149	0.417	0.299	0.214	0.003	0.002	0	0.251	0.049	0.003	0.009	0.01	0	0.013	0	0.033	0	0.027	0	0.001	0.001	0.001	0	0	0	0	0.332	0.185	0.108	0.262	0.668	0.171	0.023	0	0.036	0.035	0.008	0.011	0	0.126
ASV_89	1.126	12.266	0.241501627347529	0.404096782393391	NotSig	0.228	0.247	0.087	0.088	0.047	0.013	0.092	0.055	0.006	0.025	0.005	0.116	0.001	0.004	0.001	3.476	0.005	0.001	0.023	0.515	0.059	0.596	0.333	0.309	0	0.01	0.004	0.064	0.088	1.544	0.009	0.016	0.022	0.032	0.814	0.023	0	0.643	0.214	0.008	0.013	0.034
ASV_116	-0.966	9.807	0.250855796472572	0.415633623567301	NotSig	0.079	0.191	0.296	0.294	0.842	0.263	0.004	0.002	0.001	0.197	0.001	0	0	0.001	0	0	0	0.007	0.005	0.039	0.001	0.003	0.008	0.023	0	0.007	0.011	0.048	0.422	0.002	1.477	0.385	0.228	0.064	0.007	0.008	0.018	0.012	0.006	0.016	0.004	0.027
ASV_14	-0.879	13.865	0.255847941221697	0.417676064292204	NotSig	0.628	1.11	0.545	0.828	0.066	0.083	4.146	1.072	0.491	0.001	0.32	1.765	1.258	1.333	0.009	0.005	0.204	0.02	0.031	0.04	0.081	1.532	0.038	0.171	1.473	0.172	0.212	0.44	1.006	0.056	0.339	0.106	0.053	0.107	0.803	0.64	0.619	0.904	0.2	5.822	4.767	0.114
ASV_63	-0.942	10.838	0.257031424179818	0.417676064292204	NotSig	0.133	0.278	0.44	0.507	0.194	0.147	0.01	1.499	0.012	0.304	0.004	0.006	0.003	0	0.025	0	0.044	0.043	0.087	0.006	0.01	0.068	0.025	0.028	0	0	0.001	0	0.793	0.024	0.089	0.325	0.234	1.075	0.005	0	0.05	0.079	1.08	0.023	0.001	0.114
ASV_166	-1.435	10.074	0.259697624390979	0.417989509734052	NotSig	0.085	0.261	0.002	0	1.988	0.017	0	0.002	0	0	0	0	0	0	0	0	0	0.001	0.01	0.015	0.08	0.039	0.017	0.024	0	0	0	0.003	0	0.005	0.51	0.014	2.839	0.142	0	0	0	0.002	0	0	0	0.14
ASV_141	0.92	10.205	0.268968043942938	0.428826409682609	NotSig	0.086	0.075	0.017	0.062	0.781	0.036	0.006	0.055	0.01	0	0.024	0.003	0.001	0.387	0	0.047	0	0.014	0.031	0.004	0.445	0.01	0.034	0.14	0	0.002	0.061	0.062	0.072	0.202	0.143	0.03	0.172	0.136	0.024	0.017	0	0.06	0.02	0.127	0.036	0.007
ASV_235	-0.76	9.917	0.280197816295621	0.442555429476262	NotSig	0.05	0.152	0.026	0.068	0.108	0.182	0.001	0.01	0	0.19	0.068	0	0.137	0.004	0.016	0.081	0.032	0.011	0.034	0.045	0.023	0.128	0.025	0.019	0	0.008	0.048	0.034	0.134	0.253	0.122	0.189	0.128	0.928	0.037	0	0.034	0.074	0.197	0.001	0.001	0.034
ASV_13	-0.878	14.353	0.288043776073596	0.450735168115165	NotSig	0.718	1.998	0.399	0.299	0.291	0.271	0.36	0.48	0.031	0.018	3.043	0.186	0.001	3.761	0.01	6.057	0.228	0.335	0.213	1.378	0.053	0.167	0.021	0.073	0.13	0.002	0.103	0.766	0.204	0.058	0.336	0.085	0.128	0.238	11.304	0.146	2.694	1.099	8.485	3.016	0.087	0.089
ASV_156	-1.269	8.343	0.292193802237657	0.453034427322605	NotSig	0.029	0.068	0.002	0.006	0.017	0.707	0.003	0	0	0	0	0	0.001	0	0	0	0	0	0	0.001	0.001	0.003	0	0	0	0	0	0	0.007	0.114	0.021	0.635	0.037	0.12	0.002	0	0.002	0	0	0	0	0.01
ASV_136	-1.232	14.664	0.299040101318845	0.45943433748077	NotSig	0.902	1.323	0.046	0	0	0.021	0.006	0.065	0	0.067	0.047	0.001	12.085	0.22	0	0	0.079	9.062	0.027	0.106	0.036	0.481	0.435	0.681	0	0	0	0	0.004	0.005	0.16	0.014	0.031	0.476	0.009	0.019	0.007	0.007	0.016	0.181	17.591	0.008
ASV_105	1.516	15.191	0.302417416642992	0.460437328042033	NotSig	1.071	0.628	0	0.002	0.069	0.024	0.254	0	13.531	0	0	0.113	0	0	0	0	0	0	0.094	0.148	1.358	0.715	8.074	0.802	0	0.468	2.179	0.004	0.002	0.002	0.052	0.02	0.009	0	0.043	8.495	0	0.013	0.002	0.095	0	0.055
ASV_99	-0.986	12.011	0.311568474972704	0.466781403085741	NotSig	0.188	0.468	0.086	0.057	0.039	0.169	0.047	0.067	0.079	0.008	0.047	0.126	0	3.728	0.001	0.001	0	0.006	0	0	0	0.001	0	0	0.011	0	0.006	0.412	0.162	0.226	0.118	0.037	0.022	0.067	0.728	0.111	0.007	0.288	0.146	4.367	0.133	0.14
ASV_51	0.855	13.964	0.312108275436028	0.466781403085741	NotSig	0.745	0.46	0.127	0.107	0.061	0.235	0.603	0.549	1.758	0.018	0.079	5.321	0.883	1.075	0.603	0.003	0.055	0.066	0.065	1.921	0.329	0.39	1.641	0.882	0.34	1.187	1.06	0.011	0.156	0.053	0.517	0.085	0.012	0.142	0.052	4.111	0.062	0.187	0.057	0.141	0.461	0.394
ASV_109	0.894	10.424	0.316696638539758	0.469488876431747	NotSig	0.11	0.056	0.014	0.019	0.006	0.013	0.006	0.808	0	0.004	0.017	0.025	0.042	0.006	0	0	0.005	0.001	0.001	0.001	0.014	0.131	0.015	0.049	1.65	0.007	0.022	0.013	0.04	0.022	0.052	0.02	0.006	0.005	0.198	0.162	0.002	0.084	0.074	0.061	0.013	0.048
ASV_189	0.74	11.253	0.327844637664716	0.481789076220321	NotSig	0.157	0.144	0.158	0.205	0.072	0.047	0.007	0.098	0.025	0.013	0.056	0.062	0.595	0.881	0.967	0.005	0.023	0.422	0.044	0.027	0.032	0.047	0.015	0.013	0.168	0.004	0.079	0.006	0.119	0.09	0.233	0.02	0.062	0.054	0.02	0.021	0.021	0.041	0.049	1.238	0.035	0.016
ASV_118	1.029	10.659	0.333629206293382	0.48606324020329	NotSig	0.126	0.074	0	0	0.003	0.25	0.06	0.379	0.014	0	0.127	0	0.472	0	0.001	0	0	0.472	0.026	0.956	0.013	0.435	0.029	0.038	0	0	0	0	0	0.002	0.054	0.219	0.016	0.187	0.179	0.024	0.139	0.043	0.077	0.057	0.038	0
ASV_36	-0.759	11.242	0.347929783036837	0.50256524216432	NotSig	0.204	0.383	0.468	0.937	0.498	0.648	0.013	1.475	0.006	0.582	0.012	0.006	0.001	0.006	0.009	0	0.067	0.195	0.02	0.003	0.009	0.192	0	0.017	0	0	0.001	0.133	0.677	0.087	1.228	0.82	0.44	0.714	0.006	0.008	0.057	0.031	0.074	0.019	0.003	1.201
ASV_130	-0.758	9.899	0.353576179751558	0.506393003203502	NotSig	0.064	0.14	0.116	0.268	0.307	0.079	0.01	0.007	0.002	0.637	0.098	0.001	0	0.035	0	0.001	0.003	0.003	0.052	0.008	0.001	0.01	0.014	0.011	0.002	0	0.001	0	0.081	0.304	0.103	0.055	0.219	0.059	0.028	0	0.005	0.986	0.041	0.005	0.018	0.051
ASV_119	-0.842	12.689	0.368695892703112	0.521856910158985	NotSig	0.29	0.643	0.065	0.005	0.017	0.004	0.013	0.005	0.003	0.036	0.017	0.078	0.001	0.046	0	0.007	0.077	1.598	0.034	0.251	0.986	0.121	0.775	0.5	0	0.103	0.04	2.754	0.013	0.007	0.007	0.02	0.003	0.005	8.723	0.017	0.052	0.054	0.009	0.037	0.025	0.033
ASV_120	0.971	11.805	0.370549285319989	0.521856910158985	NotSig	0.231	0.165	0.005	0.003	0.011	0.049	0.007	0.319	0.093	0.001	0.007	0.007	0.006	2.166	0.015	0	0	0.054	0.025	0.05	0.065	0.118	0.97	2.026	0	0	0	0	0.134	0.027	0.061	0	0.003	0.035	0.021	0.015	0.002	0.01	0	0.055	0.004	1.94
ASV_200	0.728	11.05	0.381663518230157	0.533067227941294	NotSig	0.137	0.187	0.142	0.183	0.21	0.348	0.035	0.07	0.009	0.006	0.01	0	1.759	0	0.003	0.003	0	0.047	0.008	0.018	0.237	0.061	0.02	0.313	0	0.007	0.045	0.041	0.422	0.16	0.452	0.339	0.428	0.423	0.017	0.007	0.012	0.109	0.121	0.101	0.021	0.012
ASV_67	-0.934	13.966	0.411013591808284	0.566285730537054	NotSig	0.448	0.877	0.002	0.002	0.108	0.083	0.274	0.046	0.006	0.066	0.035	10.689	0.001	0.008	0.128	0.001	0.163	0	0.005	0.003	0.005	0.006	0.003	0.004	0	0	0	0	0	0.053	0.075	0.14	0.062	0.118	0.094	11.46	0.03	0.031	0.008	0.083	0.022	0.108
ASV_97	0.596	11.97	0.412148786130518	0.566285730537054	NotSig	0.271	0.231	0.438	0.14	0.114	0.485	0.013	0.468	0.01	0.003	0.036	0.021	0.755	0.073	0.016	0	0.016	0.06	0.029	0.049	0.524	0.265	0.217	1.726	0.333	0.443	0.319	0.502	0.33	0.087	0.433	0.219	0.122	0.211	0.102	0.02	0.032	0.174	0.851	0.225	0.381	0.042
ASV_103	0.61	11.435	0.444759389158056	0.601296574686463	NotSig	0.195	0.163	0.036	0.057	0.072	0.028	0.019	0.276	0.04	0	0.055	0.001	0.257	0.069	0	0.004	0.502	0.054	0.014	0.04	0.047	0.023	0.064	0.443	0.818	0.673	1.122	0.348	0.007	0.019	0.106	0.166	0.012	0.024	0.012	0.038	0.012	0.127	0.127	1.538	0.063	0.033
ASV_870	-0.728	9.7	0.445475664536547	0.601296574686463	NotSig	0.085	0.136	0.026	0.05	1.603	0.152	0.016	0.084	0	0.001	0.006	0	0.005	0.001	0	0	0	0.023	0.059	0	0.003	0.003	0	0	0	0	0	0.19	0.004	0.163	0.51	0.138	0.725	0.104	0.104	0.003	0.046	0.042	0.008	0.057	0	0.005
ASV_75	-0.718	11.742	0.448303955091682	0.601296574686463	NotSig	0.267	0.543	1.827	0.075	0.194	1.276	0.013	0.038	0	0.934	0.087	0	0	0	0	0.061	2.229	0.094	0.016	0.023	0.006	0.051	0.014	0.009	0	0	0	0	1.666	0.012	0.228	0.698	0.153	0.388	0.008	0.003	0.005	3.736	0.375	0.024	0.006	0.299
ASV_159	-0.528	10.634	0.487745621090677	0.646405786658868	NotSig	0.089	0.147	0.113	0.068	0.028	0.058	0.012	0.01	0.003	0	0.061	0.021	0.099	0.984	0.001	0.004	0.18	0.097	0.023	0.003	0.006	0.162	0.001	0.013	0.053	0.053	0.251	0.007	0.128	0.097	0.005	0.02	0.025	0.029	0.718	0.028	0.052	0.258	0.669	0.012	0.007	0.003
ASV_32	-0.533	11.045	0.48958544788364	0.646405786658868	NotSig	0.169	0.238	1.175	0.227	0.183	0.526	0.035	0.132	0.033	0.156	0.03	0	0.001	0	0	0.005	0.433	0.068	0.01	0.064	0.009	0.032	0.031	0.017	0	0.003	0.007	1.205	0.072	1.464	0.141	0.237	0.1	0.233	0.068	0.005	0.089	0.105	0.035	0.043	0.049	0.695
ASV_61	-0.83	8.673	0.500377831584926	0.655533748355445	NotSig	0.029	0.053	0.01	0.218	0.011	0.265	0	0	0	0.007	0	0	0	0	0	0	0	0.233	0.003	0	0	0.003	0	0.004	0	0	0	0	0.083	0	0.242	0	0.275	0	0.007	0	0.11	0	0	0.019	0.008	0.003
ASV_4	-0.53	13.44	0.505591481353062	0.65726892575898	NotSig	1.12	1.646	0.856	4.704	10.376	4.79	0.464	0.698	0.023	1.849	0.138	0.004	0	0.105	0.134	0.012	0	0.107	0.548	0.128	0.084	0.951	0.147	0.168	0.002	0	0	2.824	0.376	0.881	4.52	2.633	7.993	1.177	0.232	0.099	0.313	0.495	0.636	0.443	0.081	3.164
ASV_183	-0.902	9.868	0.551195510174075	0.7110842841177	NotSig	0.071	0.206	0	0	0.717	0.581	0.001	0	0	0	0.008	0	0	0	0	0	0.001	0.531	0.005	0	0	0	0	0	0	0	0	0	0	0.202	2.528	0.002	0.119	0.005	0	0	0	0.023	0	0	0	0
ASV_78	-0.47	11.689	0.563927970769037	0.721998689848237	NotSig	0.207	0.319	0.142	0.083	0.086	0.509	0.022	0.014	0.007	0.446	0.014	0.011	0.004	0.001	0.001	0.044	0.32	0.245	0.025	1.667	0.048	0.69	0.208	0.772	0	0.003	0	0.017	0.229	0.202	0.049	0.063	0.106	0.404	0.118	0	0.028	0.144	0.019	0.081	0.054	2.97
ASV_5	-0.425	13.339	0.57208810320522	0.726939018358512	NotSig	0.592	1.632	0.766	2.048	1.85	2.618	0.518	0.23	0.052	0.105	0.205	0.028	0.035	0.006	0.004	0.352	0	0.408	0.2	0.075	3.02	0.486	0.133	2.007	0	0.049	0.133	0.062	3.819	0.644	2.629	5.303	3.826	3.127	0.04	0.03	0.1	0.841	0.552	0.862	0.119	0.956
ASV_115	-0.528	8.832	0.577453416334333	0.727292992302445	NotSig	0.047	0.069	0.043	0.174	0.695	0.1	0	0	0.008	0.035	0.001	0	0	0.01	0	0	0	0.006	0.001	0	0	0.001	0	0.007	0	0	0	0.131	0.024	0.044	0.092	0.061	0.369	0.302	0.001	0.001	0.023	0.005	0.019	0.003	0.004	0.018
ASV_42	-0.445	11.18	0.584866375422041	0.727292992302445	NotSig	0.164	0.201	0.026	0.01	0.324	0.526	0.072	1.328	0.002	0.046	0.034	0.057	0.001	0.003	0.001	0.008	0	1.236	0.023	0.117	0.01	0.023	0.004	0.053	0	0.001	0	0.363	0.022	0.228	0.129	0.394	0.141	0.305	0.027	0.003	0.736	0.101	0.239	0.251	0.011	0.227
ASV_177	0.489	8.483	0.585277200906109	0.727292992302445	NotSig	0.029	0.027	0.086	0.013	0.042	0.015	0.013	0.206	0.001	0	0.006	0	0	0	0	0.02	0.218	0	0.003	0.013	0.003	0.004	0.006	0.117	0	0	0	0	0.004	0	0.186	0.008	0.056	0.027	0.01	0.026	0.004	0.027	0.011	0.007	0.01	0.005
ASV_46	-0.473	10.705	0.589680787240554	0.727416445574114	NotSig	0.166	0.275	0.861	1.398	0.584	0.173	0.012	0.945	0.017	0.127	0.006	0	0.006	0	0.029	0	0.025	0.003	0.1	0	0.004	0.001	0	0.004	0	0	0.014	0.003	1.584	0.034	1.235	0.168	0.137	0.332	0.006	0.008	0.016	0.031	0.03	0.032	0.008	0.227
ASV_23	-0.375	13.355	0.61615409056593	0.753881424603849	NotSig	0.644	0.713	1.67	0.781	0.097	0.167	0.083	2.383	0.02	0	0.136	0.288	0.105	0.664	0.098	0	1.095	4.034	0.082	0.218	0.294	0.352	0.242	1.664	0.94	0.411	0.267	0.65	0.674	0.049	0.376	0.156	0.125	0.353	0.104	0.048	0.123	0.479	4.52	0.479	2.352	0.139
ASV_147	-0.408	9.486	0.620056319644586	0.753881424603849	NotSig	0.061	0.128	0.231	0.328	0.354	0.15	0.003	0.007	0.002	0.165	0.007	0	0.004	0.001	0	0	0	0.168	0.023	0.033	0.003	0.004	0.004	0.048	0.002	0.022	0.01	0.006	0.084	0.005	1.289	0.223	0.081	0.027	0.012	0	0.002	0.012	0.014	0.025	0	0.011
ASV_52	0.386	13.272	0.681326832543339	0.820523613557436	NotSig	0.548	0.621	0.125	0.075	0.025	0.068	0.095	0.468	0.007	0.054	0.456	0.161	0.001	0.852	0.044	0.023	0.264	0.004	11.214	0.048	0.059	0.066	0.062	0.064	0	0	0.001	0.025	0.066	0.01	0.047	0.172	0.178	0.198	0.314	0.016	0.041	0.514	4.575	2.42	0.063	0.076
ASV_21	0.369	10.752	0.684578872849695	0.820523613557436	NotSig	0.219	0.19	1.844	1.888	0.357	0.314	0	1.105	0.002	0.049	0.008	0	0.013	0	0	0.012	0.003	0.02	0.014	0.008	0.015	0.01	0.003	0.012	0	0	0.011	0.001	0.962	0.032	0.564	0.189	0.181	0.412	0.003	0.001	0.011	0.021	0.025	0.085	0.006	0.168
ASV_10	-0.606	13.825	0.689883099657744	0.821058055226469	NotSig	0.638	1.511	0	0.006	0	0	9.066	0	0	0	2.013	0	0	0	0	0	0	0	1.589	1.178	0.973	0.584	0.413	0.542	0.111	0.037	0.057	0.024	0	0	0	0	0	0	13.813	0	0	7.337	0	0	0.001	0.001
ASV_220	-0.243	9.765	0.710994240967808	0.836597994490707	NotSig	0.066	0.108	0.125	0.479	0.097	0.152	0.035	0.01	0.002	0.109	0.152	0	0.077	0.004	0.01	0.001	0.127	0.024	0.02	0.121	0.004	0.038	0.015	0.004	0.005	0.005	0.051	0.053	0.145	0.197	0.113	0.162	0.172	0.38	0.02	0	0.05	0.171	0.054	0.012	0.014	0.021
ASV_1	-0.258	15.679	0.712840894713976	0.836597994490707	NotSig	3.761	6.242	13.375	10.78	5.455	11.016	0.352	0.839	0.042	9.19	4.258	0.091	17.509	0.073	1.777	0.184	11.853	0.645	2.035	1.311	0.188	1.611	0.516	0.195	0.254	0.698	2.843	0.699	7.266	12.853	6.493	9.103	6.478	10.534	0.447	0.054	3.83	18.874	7.61	0.427	0.229	3.189
ASV_125	-0.342	8.625	0.748786368868662	0.870578408893309	NotSig	0.017	0.032	0.003	0	0	0	0.022	0	0.004	0.006	0.02	0.007	0	0.133	0.001	0	0	0.001	0.224	0.003	0	0.007	0	0	0	0	0	0.004	0.011	0.015	0	0.002	0	0	0.08	0.062	0.004	0.258	0.011	0.004	0.001	0.007
ASV_66	-0.328	9.015	0.753770753722049	0.870578408893309	NotSig	0.019	0.054	0	0.062	0	0	0.036	0.007	0.013	0	0.113	0	0	0.004	0	0.083	0	0	0.004	0.003	0.004	0.007	0.055	0.107	0	0.002	0	0	0.092	0	0.273	0.004	0	0.107	0	0.003	0.011	0.093	0	0.1	0.071	0.002
ASV_100	0.271	10.72	0.757248675191221	0.870578408893309	NotSig	0.107	0.073	0.19	0.167	0.006	0.019	0.193	0.149	0.012	0	0.115	0	0	0.668	0.003	0.001	0	0.076	0.087	0.102	0.146	0.379	0.155	0.109	0.134	0.001	0.068	0.001	0.051	0	0.014	0.085	0.022	0	0.031	0.345	0.016	0.113	0.047	0.115	0.179	0
ASV_95	-0.285	9.829	0.785232901982193	0.896651084020206	NotSig	0.067	0.113	0.007	0.096	0.191	0.073	0.003	0.002	0	1.218	0.007	0	0	0	0.001	0	0	0	0.016	0	0	0.003	0	0.122	0	0	0	0	0.415	0.44	0.282	0.12	0.131	0.027	0.055	0.005	0.037	0.017	0.002	0.007	0.013	0.037
ASV_3	0.207	15.453	0.81036675780354	0.91805798793251	NotSig	3.216	4.647	3.285	5.389	1.277	2.272	0.12	26.412	0.068	1.318	0.073	0.027	19.546	0.024	3.496	2.695	5.479	10.227	0.584	0.187	0.045	0.261	0.006	0.107	0	0.201	0.498	0.032	5.216	17.163	3.001	0.789	2.408	25.546	0.266	0.185	0.172	0.28	0.115	0.14	0.021	9.759
ASV_96	-0.321	8.951	0.814844367987435	0.91805798793251	NotSig	0.023	0.057	0	0.005	0.003	0	0.553	0.005	0.013	0	0.004	0	0	0	0.001	0	0	0	0	0	0.003	0	0.003	0.007	0.001	0	0.002	0	0.006	0	0	0	0	0	0	0.001	0	0.744	0.052	0	0	0.001
ASV_149	-0.206	9.602	0.835148611075753	0.920080169712854	NotSig	0.075	0.091	0.82	0.346	0.028	0.436	0.01	0	0	0.001	0.01	0	0.051	0	0	0.001	0.147	0.066	0.019	0	0	0.001	0	0.004	0	0.015	0.006	0	0.141	0.685	0.089	0.061	0.037	0.115	0	0	0.005	0.104	0.019	0.007	0	0.008
ASV_146	0.177	9.204	0.835357049601794	0.920080169712854	NotSig	0.047	0.057	0.012	0.39	0.097	0.081	0.004	0.005	0.002	0.289	0.098	0	0.028	0.026	0.028	0.013	0	0.084	0.045	0.004	0	0.004	0	0.003	0.001	0	0	0	0.125	0.236	0.014	0.099	0.159	0.067	0.008	0	0.037	0.017	0.011	0.004	0.001	0.017
ASV_62	-0.172	12.272	0.8353757766651	0.920080169712854	NotSig	0.263	0.388	0.17	0.148	0.03	0.021	1.674	0.321	0.045	0	0.08	0.541	0.544	0.238	0	0	0.007	0.007	0.007	0.015	0.193	0.268	0.08	0.289	1.207	0.289	0.441	0.214	0.182	0.022	0.085	0.049	0.012	0.016	0.121	0.248	0.021	0.246	0.088	4.112	0.225	0.004
ASV_151	-0.216	8.926	0.838416249324139	0.920080169712854	NotSig	0.06	0.066	0.005	1.283	0.039	0.098	0.004	0.005	0.006	0.031	0.001	0	0	0	0	0	0	0	0.018	0	0	0.067	0	0	0	0	0.002	0	0.015	0.041	0.014	0.454	0.066	0.259	0	0	0.028	0.001	0.003	0.023	0.003	0.017
ASV_8	0.132	13.618	0.866632161298853	0.938793848234235	NotSig	0.859	0.809	1.461	1.262	0.385	0.547	0.152	2.535	0.001	0	0.284	0.003	0.037	0.389	0.003	0.028	0.004	0.031	0.1	0.164	1.038	1.541	0.55	2.874	5.655	1.016	2.224	0.042	1.958	0.187	1.576	0.592	0.322	0.324	0.866	3.094	0.078	0.627	0.467	0.659	0.256	0.321
ASV_77	-0.148	9.963	0.868010026459416	0.938793848234235	NotSig	0.1	0.124	0.158	0.843	0.471	0.186	0.007	0.002	0.001	0.717	0.023	0.003	0.003	0.008	0	0.012	0	0.04	0.004	0.106	0.001	0.007	0.001	0	0	0	0	0	0.136	0.17	0.061	0.359	0.578	0.177	0.053	0.001	0.073	0.047	0.02	0.011	0	0.052
ASV_88	0.131	11.834	0.872271855878267	0.938793848234235	NotSig	0.135	0.231	0.08	0.031	0.044	0.006	0.512	0.043	0.553	0.003	0.006	0.301	0.047	0.055	0.003	0.005	0.101	0.06	0.007	0.032	0.399	0.157	0.376	0.129	0.004	0.12	0.261	0.179	0.035	0.019	0.038	0.024	0.003	0.013	2.55	0.128	0.13	0.141	0.035	0.08	0.014	0.023
ASV_40	0.112	12.101	0.877688923201237	0.938793848234235	NotSig	0.258	0.344	0.171	0.268	0.227	0.248	0.026	0.101	0.017	1.113	0.267	0.018	1.07	0.263	0.129	0.759	0.256	0.722	0.03	0.08	0.009	0.773	0.015	0.015	0	0.007	0.01	0.117	0.573	0.185	0.176	0.177	0.181	1.239	0.295	0.007	0.032	0.067	0.529	0.057	0.45	0.852
ASV_59	0.09	13.194	0.918255325945799	0.951724228334665	NotSig	0.572	0.664	0.063	0.068	0.058	0.171	10.297	0.201	0.041	0	0.168	0.025	0.248	0.966	0.676	0.001	0.96	0.387	0.037	0.057	0.01	0.079	0.039	0.026	0	0.016	0.006	0.259	0.145	0.121	0.209	0.057	0.056	0.107	0.203	0.07	0.635	0.401	0.192	6.847	0.194	0.065
ASV_27	0.082	13.211	0.919657189481247	0.951724228334665	NotSig	0.499	0.729	0.19	0.247	0.061	0.088	0.318	0.686	0.016	0.001	0.273	0.243	0.108	0.071	5.304	0.136	0.319	0.113	0.029	0.192	0.033	0.058	0.02	0.295	1.194	2.036	0.925	0.029	0.363	0.053	0.282	0.077	0.003	0.021	0.156	0.157	0.034	0.304	0.343	8.15	0.045	0.212
ASV_199	0.115	12.415	0.923204181243061	0.951724228334665	NotSig	0.395	0.36	0.007	0.003	0	0	0.006	0.002	0	0	0.026	0	0.003	0.075	0.003	0	0.043	0.006	0.033	0.086	0.098	6.541	0.701	0.331	0	0.011	0.025	2.277	0.002	0.012	0	0	0	0	4.839	0	0.032	0.031	0.003	0.099	0.013	0.004
ASV_22	0.074	12.155	0.933227469594907	0.951724228334665	NotSig	0.331	0.327	0.086	0.17	0.814	0.342	0.172	0.297	0.017	0.017	0.026	0.042	0	0.044	0	0.003	0	2.063	1.366	0.013	0.006	0.052	0.049	0.168	0	0	0	2.852	0.055	0.075	0.372	0.254	0.506	0.187	1.408	0.153	0.661	0.337	0.058	0.288	0.015	0.209
ASV_69	-0.069	12.281	0.933548206774536	0.951724228334665	NotSig	0.26	0.342	0.281	0.151	0.047	0.049	0.034	0.655	0.415	0	0.029	0.267	0.074	3.015	0.013	0	0.052	0	0.008	0.006	0.043	0.09	0.064	0.18	0.671	0.137	0.37	0.103	0.231	0.024	0.169	0.057	0.016	0.024	3.025	0.099	0.007	0.331	0.146	0.215	0.422	0.026
ASV_35	-0.077	12.076	0.934601087508871	0.951724228334665	NotSig	0.312	0.357	0.317	0.287	0.042	0.045	0.216	1.954	0.001	0	0.101	0.101	0.169	0.632	0	0	0.033	0.009	0.01	0	0	0.001	0	0	2.372	0.107	0.963	0.756	0.297	0.002	0.146	0.061	0.15	0.07	0.043	0.12	0.007	0.037	0.042	3.904	0.082	0.032
ASV_9	-0.057	14.116	0.934929270441004	0.951724228334665	NotSig	1.19	1.072	2.666	0.89	0.186	0.293	0.241	2.585	0.06	0.028	0.148	0.471	0.931	0.792	0.403	0.003	1.789	1.933	0.138	0.831	0.529	6.011	0.743	4.725	0.602	0.778	0.557	2.6	1.52	0.801	0.814	0.256	0.29	0.281	0.338	0.094	0.155	0.776	4.169	1.399	3.887	0.23
ASV_79	0.059	11.072	0.939325712714039	0.951724228334665	NotSig	0.149	0.238	0.039	0.309	0.097	0.701	0.045	0.002	0.01	1.325	0.074	0	0.029	0.004	0.046	0.375	0.055	0.405	0.093	0.008	0.013	0.159	0.003	0.036	0.001	0.005	0.022	0.007	0.094	0.495	0.146	0.528	0.091	0.348	0.037	0	0.046	1.401	0.107	0.013	0.013	0.014
ASV_188	-0.061	11.17	0.94046121971532	0.951724228334665	NotSig	0.128	0.162	0.005	0.01	0.017	0.009	0.133	0.012	0.007	0.039	0.022	0.001	0.044	0.003	1.011	0.235	0.122	0.037	0.064	0.29	0.006	0.117	0.008	0.001	0	0.006	1.073	0.07	0.013	0.007	0.014	0.051	0.056	0.024	0.339	0.122	0.023	0.232	1.328	0.012	0.031	0.017
ASV_135	-0.069	8.797	0.951627605089457	0.957292055119751	NotSig	0.057	0.062	0.058	0.096	0.089	1.154	0.009	0.012	0	0	0.001	0	0.001	0	0	0	0.015	0.04	0	0	0	0	0	0	0	0	0	0	0	0	0.489	0.114	0.056	0.142	0.007	0.009	0.002	0.026	0.009	0.003	0	0.011
ASV_2	0.008	16.165	0.992952255249372	0.992952255249372	NotSig	3.769	6.685	8.236	5.475	4.824	5.822	0.191	1.129	0.053	14.134	22.539	0.001	0.019	0.008	0.184	23.014	7.219	0.685	1.718	1.999	0.052	0.479	0.036	0.07	0	0.001	0.074	0.029	14.458	3.443	5.379	3.005	7.822	9.023	0.917	0.448	1.565	5.13	34.182	1.353	0.534	6.326
