ID	log2FC	log2CPM	PValue	FDR	level	MeanA	MeanB	DS03P016	DS03P017	DS03P030	DS03P037	DS03P049	DS03P054	DS03P060	DS03P065	DS03P076	DS04P86	DS05P114	DS04P138	DS06P140	DS06P180	DS04P194	DS05P196	DS03P237	DS03P239	DS03P245	DS03P272	DS03P279	DS03P288	DS03P295	DS03P298	DS03P312	DS03P313	DS07P016	DS10P016	DS08P017	DS07P037	DS07P049	DS10P049	DS07P054	DS10P054	DS07P060	DS07P065	DS07P076	DS10P166	DS07P172	DS08P191	DS07P193
ASV_114	7.204	13.839	2.25486689858088e-07	3.81072505860169e-05	Enriched	0.817	0.017	0.13	0.01	0.003	0.013	0.006	0.002	3.545	0.001	0.013	0.599	0.086	0.006	0.003	0	0.001	0.003	0.057	4.702	1.015	0.613	3.768	1.785	0	3.205	1.196	0.482	0.004	0.021	0.007	0.002	0.007	0.123	0.001	0.01	0.047	0.003	0	0	0	0.023	0.003
ASV_71	6.61	14.83	1.41915128276244e-05	0.00119918283393426	Enriched	1.7	0.064	0.043	0.002	0.163	0.026	0.032	0	0	0.003	0.013	1.756	0	0.001	0	0.023	0.001	0.295	0.329	0.768	20.013	1.328	13.113	5.809	0	0.283	0.194	0.001	0.179	0.112	0.021	0.015	0.007	0.599	0.001	0.009	0.004	0.004	0.002	0	0	0.008	0
ASV_134	4.495	12.109	2.98288160220931e-05	0.00158377473940119	Enriched	0.327	0.028	0.033	0.089	0.114	0.051	0.015	0.065	0.01	0.024	0.011	0.001	0.063	0.026	0.071	0	0.012	0.193	6.531	0.054	0.663	0.083	0.087	0.188	0	0.072	0.05	0	0.029	0.052	0.055	0.029	0.024	0.072	0.044	0.009	0.034	0.037	0.006	0.004	0.004	0	0.014
ASV_107	7.08	14.425	3.74857926485488e-05	0.00158377473940119	Enriched	1.721	0.023	0.005	0.019	0.451	0.092	0	0.005	0	0	0.001	0.021	0	0	0	0	0	1.911	41.14	0.207	0.109	0.329	0.189	0.189	0	0	0	0.067	0.023	0.044	0.01	0.11	0.007	0.007	0.012	0.011	0	0	0.006	0	0.087	0.001	0.021
ASV_125	-4.992	11.986	5.89345901985329e-05	0.00199198914871041	Depleted	0.017	0.78	0.003	0	0	0	0.022	0	0.004	0.006	0.02	0.007	0	0.133	0.001	0	0	0.001	0.224	0.003	0	0.007	0	0	0	0	0	0.004	0	0.011	0	0.007	0.029	0.065	0.026	11.41	0	0.006	0.01	0.065	0.066	0	0
ASV_100	-3.705	13.219	9.59328833313502e-05	0.00250639286310594	Depleted	0.107	0.943	0.19	0.167	0.006	0.019	0.193	0.149	0.012	0	0.115	0	0	0.668	0.003	0.001	0	0.076	0.087	0.102	0.146	0.379	0.155	0.109	0.134	0.001	0.068	0.001	0.044	0.041	0.126	0.012	0.694	0.71	0.069	0.018	0.238	0	2.648	0	0.047	0.001	9.495
ASV_136	5.827	13.469	0.000103815089004388	0.00250639286310594	Enriched	0.902	0.032	0.046	0	0	0.021	0.006	0.065	0	0.067	0.047	0.001	12.085	0.22	0	0	0.079	9.062	0.027	0.106	0.036	0.481	0.435	0.681	0	0	0	0	0.017	0.031	0	0.274	0.022	0.021	0.032	0.025	0	0.003	0.049	0	0.003	0.001	0
ASV_105	7.029	14.916	0.000123402821245777	0.00260688459881704	Enriched	1.071	0.029	0	0.002	0.069	0.024	0.254	0	13.531	0	0	0.113	0	0	0	0	0	0	0.094	0.148	1.358	0.715	8.074	0.802	0	0.468	2.179	0.004	0	0	0.002	0.034	0.003	0	0.001	0.121	0.26	0	0.006	0	0.001	0.012	0
ASV_90	-3.223	12.234	0.000289055625018518	0.0054278222920144	Depleted	0.079	0.77	0.067	0.065	0.102	0.1	0.501	0.393	0.001	0.004	0.223	0.143	0	0.03	0.001	0.004	0.246	0	0.053	0.052	0	0.044	0.004	0.001	0	0	0	0.017	0.091	0.093	0.09	0.029	0.762	3.513	0.184	2.407	0.026	0.006	0.02	3.871	0.001	0.064	0.39
ASV_158	4.805	11.979	0.000467877192965353	0.00691065645830868	Enriched	0.316	0.022	0	0.049	0	0.011	0.036	0.005	0	0	0.004	0.748	0.36	0	0	0	0	0.053	0.123	0.176	0.111	0.141	1.118	5.206	0	0.041	0.041	0	0	0.04	0.028	0.13	0.014	0	0.008	0.006	0.06	0	0.006	0	0	0.003	0.035
ASV_122	-3.07	11.382	0.000511180989959943	0.00691065645830868	Depleted	0.042	0.44	0.039	0.015	0.055	0.038	0.2	0.082	0.049	0	0.023	0.001	0	0.4	0.012	0.001	0	0	0.005	0.003	0	0.06	0	0.004	0.063	0	0.02	0.014	0.123	0.096	0.005	0.046	0.624	0.615	0.04	2.2	0.23	0.038	0.047	0.557	0.003	1.971	0
ASV_407	-4.252	13.358	0.000526445498890064	0.00691065645830868	Depleted	0.075	1.593	0	0.003	0.003	0.139	0.133	0.23	0	0.001	0.013	0	1.087	0.001	0.221	0.001	0.003	0.001	0	0.089	0.009	0.003	0	0.007	0	0	0	0	0	0	0.002	0.435	0.024	0.019	0.131	0.007	0.017	0	0.01	0.009	23.24	0.001	0
ASV_57	4.973	12.699	0.000531588958331437	0.00691065645830868	Enriched	0.733	0.029	0.075	0.003	0.086	0.002	0.003	0.108	0	0	0.005	0	3.382	0.122	0	0.012	6.32	0.01	0.061	0.086	0.046	8.635	0.042	0.048	0	0	0	0	0.01	0.027	0	0	0.022	0.142	0.097	0.041	0	0	0.007	0	0.001	0.09	0
ASV_166	5.069	8.84	0.00107760218120728	0.0130081977588594	Enriched	0.085	0.002	0.002	0	1.988	0.017	0	0.002	0	0	0	0	0	0	0	0	0	0.001	0.01	0.015	0.08	0.039	0.017	0.024	0	0	0	0.003	0	0.001	0	0.015	0	0.005	0.008	0	0	0	0	0.001	0	0	0
ASV_89	3.43	11.992	0.00128538792812641	0.0144820373235576	Enriched	0.228	0.079	0.087	0.088	0.047	0.013	0.092	0.055	0.006	0.025	0.005	0.116	0.001	0.004	0.001	3.476	0.005	0.001	0.023	0.515	0.059	0.596	0.333	0.309	0	0.01	0.004	0.064	0.075	0.109	0.509	0.005	0.044	0.337	0.037	0.033	0.004	0.014	0.002	0.013	0	0	0
ASV_15	-2.592	14.457	0.00175736594016793	0.0185621777430238	Depleted	0.4	2.077	0.548	0.195	0.05	0.073	4.985	0.669	0.691	0.001	0.406	0.355	0.074	0.237	0.038	0.003	0.204	0.011	0.003	0.01	0.029	0.417	0.034	0.11	0.953	0.093	0.066	0.148	0.256	0.403	0.39	0.181	2.794	3.988	1.649	1.099	0.646	0.006	14.61	1.135	0.091	0.003	3.903
ASV_120	3.397	11.503	0.00380217976736877	0.0377981400403131	Enriched	0.231	0.033	0.005	0.003	0.011	0.049	0.007	0.319	0.093	0.001	0.007	0.007	0.006	2.166	0.015	0	0	0.054	0.025	0.05	0.065	0.118	0.97	2.026	0	0	0	0	0.002	0.003	0.002	0.007	0	0.125	0.089	0.19	0.051	0	0.011	0.006	0	0.001	0.012
ASV_174	4.131	13.566	0.00483459250084973	0.0453914518135336	Enriched	0.871	0.126	0.048	0.347	0.033	0.015	0.201	0.014	0	0	0	0	0.003	0.015	21.801	0	0.021	0.001	0	0.009	0.001	0	0	0.007	0.049	0.033	0.021	0.018	0.031	0.156	0.752	0.064	0.128	0.193	0.518	0.037	0.006	0	0.002	0	0	0	0
ASV_117	2.934	13.491	0.00542188902089012	0.0482262760279174	Enriched	0.827	0.166	0.041	0.039	0.31	0.062	0.128	0.103	1.116	0.001	0.014	0.057	0.099	0.475	8.103	0.008	1.234	0.157	0.003	0.229	0	0.032	0.001	0.04	8.641	0.023	0.328	0.249	0.037	0.076	0.048	0.127	0.044	0.176	0.045	0.008	0.376	0	0.002	0.027	0	1.403	0.122
ASV_92	-2.941	7.41	0.00653198649956437	0.0551952859213189	Depleted	0.004	0.026	0.002	0.002	0.022	0.034	0.001	0.01	0.002	0.015	0.002	0	0	0	0	0	0	0	0	0	0	0.001	0	0	0	0	0	0	0	0	0.003	0.088	0	0.007	0.041	0.082	0.174	0	0.001	0	0	0	0
ASV_72	2.834	14.387	0.00730493233621982	0.0587873126105309	Enriched	1.284	0.331	0.009	0.313	0.05	0.22	0.158	0.408	0	0.669	0.108	0.034	0.929	0.011	1.763	17.456	6.909	3.399	0.014	0.031	0.005	0.006	0.003	0.003	0.007	0.01	0.051	0.815	0.06	0.027	0.286	0.223	0.675	0.829	0.124	0.01	0.039	0.251	0.001	0.498	1.056	0.869	0.011
ASV_14	-2.085	14.624	0.00800878604270107	0.0615220382371128	Depleted	0.628	2.35	0.545	0.828	0.066	0.083	4.146	1.072	0.491	0.001	0.32	1.765	1.258	1.333	0.009	0.005	0.204	0.02	0.031	0.04	0.081	1.532	0.038	0.171	1.473	0.172	0.212	0.44	0.26	0.856	0.762	0.183	7.044	3.204	1.713	0.845	0.676	0.016	12.326	4.366	0.136	0.006	2.864
ASV_25	2.774	13.889	0.0091051420816768	0.066467160780214	Enriched	0.857	0.335	0.293	0.448	3.977	0.722	0.185	0.055	0.003	0.106	0.601	0.031	0.001	0.053	0.001	14.709	0.005	0.351	0.556	0.079	0.008	0.006	0.004	0.005	0	0	0	0.07	0.44	0.653	0.901	0.616	0.537	0.481	0.143	0.605	0.056	0.075	0.037	0.141	0.297	0.021	0.024
ASV_111	-2.417	10.156	0.00943912342440909	0.066467160780214	Depleted	0.039	0.131	0.003	0.179	0.199	0.107	0.012	0.043	0.001	0	0.01	0	0	0	0	0	0.001	0.026	0.15	0.003	0.001	0.009	0.01	0.032	0	0	0	0.224	0.058	0.325	0.125	0.076	0.01	0.046	0.015	0.006	0.004	0.001	0.03	1.273	0	0.001	0.002
ASV_152	2.096	11.285	0.0112289051612996	0.0759073988903856	Enriched	0.221	0.077	0.053	0.023	0.105	0.1	0.01	0.017	0.001	0.497	0.277	0.078	0.031	0.475	0.004	0.007	0.019	0.16	0.056	0.372	0.079	2.798	0.357	0.06	0.054	0.003	0.029	0.092	0.212	0.368	0.149	0.086	0.01	0.079	0.018	0.016	0.024	0.131	0.044	0	0.015	0.003	0.005
ASV_24	-3.209	6.791	0.0140801280297417	0.0915208321933213	Depleted	0.001	0.012	0	0	0.003	0.004	0	0.002	0	0	0.013	0	0	0	0	0	0	0	0	0	0	0	0	0	0	0	0	0	0	0.001	0	0	0	0.002	0.079	0.1	0	0	0.001	0	0	0	0
ASV_47	-2.211	9.751	0.0164726872833056	0.0972385597498134	Depleted	0.034	0.146	0.048	0.201	0.078	0.107	0	0	0	0.379	0.001	0	0	0.001	0	0	0	0.001	0.034	0.012	0.001	0.003	0.001	0.007	0	0.002	0	0.007	0.121	0.27	0.774	0.054	0.005	0.035	0.008	0.005	0.007	0.171	0.001	0	0.007	0.54	0.199
ASV_138	-2.429	12.974	0.0166621582170813	0.0972385597498134	Depleted	0.276	1.33	0.005	3.418	0.468	0.096	0.114	0.228	0.028	0	0.02	0	0	0.325	0.007	0.028	0.029	0	0	0.004	0.001	0.004	0	0	0.486	0.922	0.457	0.542	0	0.235	1.593	0.32	0.108	0.132	12.495	1.148	3.655	0	0.005	0.246	0	0	0.008
ASV_189	-1.839	12.42	0.0166859067026307	0.0972385597498134	Depleted	0.157	0.507	0.158	0.205	0.072	0.047	0.007	0.098	0.025	0.013	0.056	0.062	0.595	0.881	0.967	0.005	0.023	0.422	0.044	0.027	0.032	0.047	0.015	0.013	0.168	0.004	0.079	0.006	0.276	0.113	0.187	0.054	0.116	0.037	0.023	0.006	0.399	0.051	0.007	3.667	0.192	0.98	1.502
ASV_73	-2.123	10.264	0.0182155556361343	0.099489450513097	Depleted	0.048	0.176	0.055	0.122	0.446	0.299	0.018	0.082	0.066	0.043	0.001	0	0	0	0	0	0	0.006	0.019	0	0.001	0.001	0.004	0.004	0	0.013	0.001	0.056	0.112	0.117	0.092	0.166	0.029	0.021	0.033	0.003	0.043	0.069	0.002	0.013	0	1.939	0.002
ASV_157	2.694	11.825	0.0182495441769586	0.099489450513097	Enriched	0.173	0.092	0.038	0.029	0.003	0.004	0.003	0	0.384	0.001	0.002	2.085	0.003	0	0.004	0	0.004	0	0.014	0.043	0.41	0.029	1.061	0.273	0	0.083	0.021	0	0.008	0.18	0.014	0.543	0.328	0.065	0.001	0.108	0.013	0.037	0	0.003	0.074	0	0.002
ASV_79	-1.875	12.065	0.0222168535641828	0.11733275788584	Depleted	0.149	0.426	0.039	0.309	0.097	0.701	0.045	0.002	0.01	1.325	0.074	0	0.029	0.004	0.046	0.375	0.055	0.405	0.093	0.008	0.013	0.159	0.003	0.036	0.001	0.005	0.022	0.007	0.191	0.185	0.237	0.35	0.032	0.309	0.021	0.053	0.11	4.864	0.001	0.014	0.015	0.008	0.006
ASV_142	-2.299	9.898	0.0257869988442514	0.128795034692052	Depleted	0.021	0.155	0.003	0.002	0.033	0.002	0.225	0.026	0.006	0	0.014	0.007	0	0.01	0.179	0	0	0	0	0	0.001	0	0	0	0.014	0	0.001	0.01	0	0.011	0.002	0.005	1.923	0.039	0.039	0.061	0.017	0.001	0.002	0.001	0.229	0	0.002
ASV_203	2.212	12.352	0.0260334638870323	0.128795034692052	Enriched	0.23	0.085	0.027	0.047	0.008	0.045	0.193	0.012	1.15	0.015	0.011	2.019	0	0.062	0.003	0.001	0.132	0.001	0.008	0.273	0.055	0.114	0.491	0.034	0.058	0.777	0.435	0	0	0.016	0.023	0.066	0.065	0.104	0.184	0.043	0.037	0.017	0.189	0	0.193	0.014	0.323
ASV_112	1.919	11.077	0.0266735278948038	0.128795034692052	Enriched	0.213	0.046	0.233	0.047	0.006	0.006	0.592	0.024	0.014	0.001	0.183	0.003	0	0.019	0.047	0.017	1.672	0.004	0.038	1.17	0.017	0.867	0.013	0.008	0.183	0.04	0.217	0.116	0.021	0.137	0.009	0.007	0.038	0.121	0.011	0.039	0.017	0.001	0.172	0.104	0.007	0.001	0.003
ASV_55	-1.823	12.044	0.0284561827257041	0.133585968906778	Depleted	0.122	0.537	0.128	0.071	0.449	0.246	0.08	0.329	0.014	0.176	1.453	0.001	0	0.015	0.001	0.011	0.007	0.003	0.042	0.015	0.017	0.074	0.004	0.029	0	0	0	0.014	0.972	0.382	0.156	0.117	0.055	0.146	0.136	2.252	0.204	0.135	0.396	0.315	0.001	2.623	0.168
ASV_110	1.997	12.319	0.0294896731959339	0.134696074867914	Enriched	0.394	0.173	0.067	0.006	0.014	0.019	6.764	0.036	0.148	0.008	0.041	0.074	0.508	0.22	0.004	0.001	0.494	0.019	0.003	0.024	0.034	0.632	0.109	0.045	0.038	0.468	0.394	0.064	0.062	0.049	0.003	0.012	0.342	1.511	0.012	0.176	0.009	0.014	0.102	0.117	0.177	0	0.008
ASV_159	-1.652	11.253	0.0337027315159171	0.149888463847105	Depleted	0.089	0.236	0.113	0.068	0.028	0.058	0.012	0.01	0.003	0	0.061	0.021	0.099	0.984	0.001	0.004	0.18	0.097	0.023	0.003	0.006	0.162	0.001	0.013	0.053	0.053	0.251	0.007	0.031	0.074	0.061	0.017	0.003	0.341	0.006	0.078	0.06	0.089	0.005	1.894	0.024	0.774	0.084
ASV_62	-1.793	13.135	0.0354294408449398	0.153527576994739	Depleted	0.263	0.887	0.17	0.148	0.03	0.021	1.674	0.321	0.045	0	0.08	0.541	0.544	0.238	0	0	0.007	0.007	0.007	0.015	0.193	0.268	0.08	0.289	1.207	0.289	0.441	0.214	0.025	0.205	0.171	0.042	4.86	2.206	0.171	0.087	0.12	0	4.253	0.26	0.001	0.005	0.897
ASV_86	-2.415	11.473	0.0375320071999073	0.158572730419608	Depleted	0.088	0.407	0	0	0.102	1.107	0.486	0.122	0.001	0.008	0.004	0.158	0	0.03	0.246	0.001	0.003	0.011	0	0	0	0.007	0	0	0	0	0	0	0	0	0	1.098	0.128	0.255	0.115	0.107	0.002	0.003	0	0	4.162	0	0.229
ASV_98	2.836	8.65	0.0406264787451204	0.165612143819055	Enriched	0.037	0.006	0.149	0.029	0.097	0.004	0.641	0.017	0	0.001	0	0.008	0	0.003	0.006	0	0	0	0	0	0	0	0	0	0	0	0	0	0	0.011	0.012	0	0.007	0.005	0.021	0.034	0	0	0.001	0	0	0.003	0
ASV_81	-1.608	12.426	0.0411580475763331	0.165612143819055	Depleted	0.179	0.403	0.214	0.075	0.039	0.058	0.051	0.29	0.045	0	0.156	0.05	0.102	0.32	0.923	0.003	0.004	0.003	0.008	0.017	0.027	0.156	0.118	0.22	0.943	0.231	0.446	0.15	0.05	0.085	0.092	0.086	0.156	0.659	0.728	0.163	0.193	0	3.199	0.023	0.071	0.003	0.545
ASV_4	-1.676	14.084	0.0451142088023741	0.177309332269796	Depleted	1.12	3.536	0.856	4.704	10.376	4.79	0.464	0.698	0.023	1.849	0.138	0.004	0	0.105	0.134	0.012	0	0.107	0.548	0.128	0.084	0.951	0.147	0.168	0.002	0	0	2.824	22.115	12.353	8.761	3.12	0.762	1.205	1.029	0.14	0.163	1.247	0.052	0.004	0.027	2.033	0.034
ASV_76	1.612	12.413	0.0525619260338972	0.196376302102048	NotSig	0.376	0.175	0.185	0.265	0.332	0.152	0.074	0.307	0.022	0.032	0.028	0.036	0.424	0.008	0.041	0	0.357	0.029	4.712	0.151	0.92	0.264	0.151	0.36	0.016	0.426	0.43	0.067	0.229	0.132	0.199	0.127	0.212	0.116	0.114	0.006	0.12	0.031	0.016	0	0.019	0.947	0.353
ASV_49	1.892	12.197	0.0528058245769951	0.196376302102048	NotSig	0.506	0.262	0.464	0.136	0.108	1.793	0.015	0.036	0.001	0.049	0.132	0.001	0	0.003	0	0.129	3.176	2.026	0.053	4.673	0.048	0.258	0.028	0.025	0	0.002	0.006	0	0.116	0.222	0.201	2.225	0.027	0.808	0.037	0.013	0.006	0.02	0.03	0.001	0.003	0.224	0.002
ASV_188	1.648	10.746	0.0540808932654512	0.196376302102048	NotSig	0.128	0.052	0.005	0.01	0.017	0.009	0.133	0.012	0.007	0.039	0.022	0.001	0.044	0.003	1.011	0.235	0.122	0.037	0.064	0.29	0.006	0.117	0.008	0.001	0	0.006	1.073	0.07	0	0.024	0.007	0.01	0.022	0.279	0.019	0.084	0.006	0.013	0.032	0.11	0.06	0.055	0.057
ASV_78	1.679	11.099	0.0546135278035282	0.196376302102048	NotSig	0.207	0.096	0.142	0.083	0.086	0.509	0.022	0.014	0.007	0.446	0.014	0.011	0.004	0.001	0.001	0.044	0.32	0.245	0.025	1.667	0.048	0.69	0.208	0.772	0	0.003	0	0.017	0.15	0.14	0.151	0.406	0.024	0.046	0.013	0.361	0.084	0.056	0.005	0	0	0.009	0.002
ASV_10	3.009	13.031	0.0580122148357863	0.204251339734331	NotSig	0.638	0.115	0	0.006	0	0	9.066	0	0	0	2.013	0	0	0	0	0	0	0	1.589	1.178	0.973	0.584	0.413	0.542	0.111	0.037	0.057	0.024	0.027	0	0.007	0	0	0.005	0.758	0.925	0	0	0	0	0	0	0
ASV_29	1.461	13.593	0.0622561870841888	0.214720318718937	NotSig	0.871	0.388	0.396	0.229	0.111	0.244	1.805	0.302	0.743	0.01	0.018	0.324	0.379	0.017	0.196	0.028	2.692	1.084	0.053	5.004	0.328	0.536	2.726	0.942	0.135	2.187	1.619	0.551	0.035	0.137	0.319	0.179	0.429	1.321	0.08	0.274	1.069	0.024	0.577	0.201	0.019	0.062	1.088
ASV_51	1.597	13.808	0.0660131504228414	0.215865406163412	NotSig	0.745	0.367	0.127	0.107	0.061	0.235	0.603	0.549	1.758	0.018	0.079	5.321	0.883	1.075	0.603	0.003	0.055	0.066	0.065	1.921	0.329	0.39	1.641	0.882	0.34	1.187	1.06	0.011	0.023	0.049	0.281	0.592	0.381	0.137	0.211	0.044	0.202	0	0.073	0.001	1.144	0.294	2.075
ASV_2	1.712	15.748	0.0663975372739891	0.215865406163412	NotSig	3.769	2.552	8.236	5.475	4.824	5.822	0.191	1.129	0.053	14.134	22.539	0.001	0.019	0.008	0.184	23.014	7.219	0.685	1.718	1.999	0.052	0.479	0.036	0.07	0	0.001	0.074	0.029	4.733	5.416	7.679	8.272	1.883	1.49	1.767	1.273	2.637	1.874	0.229	0.015	0.028	0.638	0.349
ASV_39	1.826	13.587	0.0664553149225736	0.215865406163412	NotSig	1.087	0.396	0.286	0.541	0.402	0.182	0.144	0.096	0.029	0.001	0.026	0.062	0.031	0.457	0.218	0	0	0	0.031	4.713	0.019	0.042	0.045	0.053	20.043	0.046	0.482	0.315	1.344	0.593	0.476	0.888	1.171	0.058	0.061	0.002	0.011	0.001	0.012	0.027	0.252	0.005	1.039
ASV_80	-3.267	14.703	0.0676974350689989	0.215865406163412	NotSig	0.489	2.815	0.003	0.006	0	0.002	0.006	0	0	12.7	0	0	0	0	0	0	0	0	0	0	0	0	0	0	0	0	0	0	0	0.001	0.017	0.005	0.009	0.005	0.006	0	0	42.184	0	0	0	0	0
ASV_200	1.673	10.855	0.0693719386036727	0.217108474518902	NotSig	0.137	0.086	0.142	0.183	0.21	0.348	0.035	0.07	0.009	0.006	0.01	0	1.759	0	0.003	0.003	0	0.047	0.008	0.018	0.237	0.061	0.02	0.313	0	0.007	0.045	0.041	0.114	0.184	0.236	0.381	0.087	0.053	0.063	0.017	0.062	0.023	0.062	0	0	0	0.005
ASV_28	3.48	10.527	0.0746567341176134	0.229399783015939	NotSig	0.124	0.006	0	0	0	0	0.098	0	0	0	0.936	0	0	0	0	0	0	0	0.004	0.089	0.011	2.084	0.004	0	0	0	0	0	0	0	0	0	0	0	0.001	0	0	0	0.087	0	0	0	0
ASV_123	1.966	11.608	0.0810948514864303	0.244732676807263	NotSig	0.284	0.135	0.257	0.055	0.047	0.024	0	0.175	0.003	0	0.001	0.131	0.013	0	0	0.184	0.455	1.615	0.045	0.066	0.051	4.049	0.071	0.134	0	0	0	0	0.301	1.488	0.062	0	0	0.002	0.089	0.057	0.019	0	0.001	0.004	0.001	0.001	0.002
ASV_154	1.469	12.497	0.0845202841358935	0.250595228402912	NotSig	0.43	0.149	0.036	0.274	0.033	0.049	0.007	0.048	0.007	0.031	1.056	0.003	0.06	0.48	0.318	0.122	0.354	6.335	0.019	0.613	0.018	0.482	0.027	0.056	0.381	0.072	0.246	0.041	0.01	0.013	0.106	0.076	0.019	0.051	0.035	0.005	0.507	0.007	0.116	0.341	0.027	0.285	0.632
ASV_126	1.66	12.315	0.0864454890150225	0.251884269716186	NotSig	0.242	0.122	0.06	0.003	0.017	0.013	0.099	0.014	1.26	0	0.025	1.166	0.019	0.199	0.001	0.077	0.015	0.01	0.011	0.639	0.017	1.432	0.017	0.004	0.269	0.126	0.446	0.363	0.004	0.086	0	0.024	0.005	0.297	0.04	0.369	0.056	0.011	0.181	0.753	0	0.008	0.002
ASV_82	-1.617	8.068	0.104463542516171	0.299226079410728	NotSig	0.016	0.062	0.057	0.042	0.111	0.15	0.004	0	0	0.022	0.004	0	0	0	0	0	0	0.017	0	0	0	0.003	0	0.003	0	0	0.001	0	0	0.038	0.442	0.22	0	0.13	0.037	0.022	0.03	0.008	0.004	0	0	0	0.005
ASV_881	1.722	10.319	0.108790659532992	0.30642702435126	NotSig	0.257	0.062	0.072	0.067	6.162	0.289	0.004	0.017	0	0.008	0.032	0.006	0	0.001	0	0	0	0.006	0.014	0.005	0.001	0.001	0.001	0.003	0	0	0	0	0.031	0.16	0.087	0.144	0.005	0.323	0.035	0.092	0.009	0.02	0.011	0.001	0	0.004	0.008
ASV_143	-1.631	9.924	0.114280374761822	0.316612841553244	NotSig	0.059	0.126	0.007	0.614	0.136	0.182	0.004	0.062	0.001	0.489	0	0	0	0	0	0	0	0.003	0.01	0.003	0.003	0	0.001	0	0	0	0	0.025	0.002	0.141	0.388	0.174	0.005	0.014	0.067	0.009	0.011	0.5	0.001	0	0	0.576	0
ASV_148	-2.128	8.326	0.136498801330676	0.369217910064464	NotSig	0.01	0.039	0.002	0	0	0.002	0.001	0.216	0	0	0.038	0	0.001	0	0	0	0	0	0	0.004	0	0	0	0	0	0	0	0	0	0.001	0	0	0.002	0.002	0.558	0	0	0	0.022	0	0	0	0
ASV_22	-1.354	12.829	0.137637445763676	0.369217910064464	NotSig	0.331	0.697	0.086	0.17	0.814	0.342	0.172	0.297	0.017	0.017	0.026	0.042	0	0.044	0	0.003	0	2.063	1.366	0.013	0.006	0.052	0.049	0.168	0	0	0	2.852	0.854	0.993	0.199	0.328	0.352	1.899	0.138	0.094	0.015	0.013	0.017	0.01	0.006	0.015	5.523
ASV_21	1.421	10.503	0.141277761909383	0.372838679079264	NotSig	0.219	0.086	1.844	1.888	0.357	0.314	0	1.105	0.002	0.049	0.008	0	0.013	0	0	0.012	0.003	0.02	0.014	0.008	0.015	0.01	0.003	0.012	0	0	0.011	0.001	0.102	0.075	0.455	0.286	0.068	0.014	0.169	0.005	0.088	0.016	0.002	0	0	0.008	0.005
ASV_109	-1.326	11.296	0.145419238729199	0.372838679079264	NotSig	0.11	0.298	0.014	0.019	0.006	0.013	0.006	0.808	0	0.004	0.017	0.025	0.042	0.006	0	0	0.005	0.001	0.001	0.001	0.014	0.131	0.015	0.049	1.65	0.007	0.022	0.013	0.004	0.014	0.024	0.022	0.041	0.039	3.53	0.572	0.007	0.004	0.012	0	0.177	0.008	0.012
ASV_94	1.279	12.614	0.145605637983618	0.372838679079264	NotSig	0.419	0.244	0.104	0.115	0.044	0.237	0.473	0.233	0.126	0.021	0.048	0.021	0.003	1.901	5.87	0	0.001	0.536	0.027	0.018	0.023	0.063	0.022	0.019	0.004	0.052	0.041	0.89	0.058	0.098	0.225	0.078	0.547	0.241	0.229	0.689	0.12	0.001	0.025	0.182	1.101	0.008	0.057
ASV_115	-1.376	9.257	0.170014848212329	0.428843423102741	NotSig	0.047	0.098	0.043	0.174	0.695	0.1	0	0	0.008	0.035	0.001	0	0	0.01	0	0	0	0.006	0.001	0	0	0.001	0	0.007	0	0	0	0.131	0.708	0.198	0.185	0.044	0.003	0.005	0.05	0.005	0.258	0.013	0.001	0.003	0	0	0.002
ASV_56	-1.318	12.159	0.183041660225984	0.448755514651195	NotSig	0.283	0.612	0.039	0.161	0.111	0.024	0.139	6.1	0.002	0.003	0.066	0.064	0.093	0.091	0	0.001	0	0.013	0.001	0	0.005	0	0.001	0.007	0	0.001	0.086	0.341	0.015	0.148	0.403	0.09	3.855	0.169	1.131	3.227	0	0.001	0.046	0	0.086	0	0.002
ASV_183	2.333	9.034	0.183219707165281	0.448755514651195	NotSig	0.071	0.026	0	0	0.717	0.581	0.001	0	0	0	0.008	0	0	0	0	0	0.001	0.531	0.005	0	0	0	0	0	0	0	0	0	0	0	0	0.381	0	0	0.001	0	0	0	0.002	0	0	0	0
ASV_176	-1.28	12.47	0.188665606949029	0.455492679634085	NotSig	0.166	0.556	0.017	0.002	0	0	0.267	0.041	0.003	0	1.201	0.001	0.001	0.848	0.001	0.873	0.003	0.425	0.042	0.444	0.001	0.007	0.001	0.004	0.002	0	0.001	0.138	0.031	0.051	0.003	0	0.771	1.003	0.023	0.448	0.009	0.001	0.012	3.108	0.283	2.544	0.043
ASV_26	-1.018	15.181	0.20374507195708	0.479475742731373	NotSig	1.572	2.994	0.214	1.278	0.258	0.301	0.123	1.23	0.404	0.007	0.093	0.55	1.211	16.011	7.746	0.022	3.138	3.364	0.361	0.16	0.263	0.347	0.243	0.179	2.726	0.084	0.487	0.084	0.148	0.136	0.831	0.379	0.925	0.434	0.44	0.083	0.582	0.013	0.051	12.092	16.262	7.058	5.474
ASV_130	-1.062	10.066	0.204273689210999	0.479475742731373	NotSig	0.064	0.139	0.116	0.268	0.307	0.079	0.01	0.007	0.002	0.637	0.098	0.001	0	0.035	0	0.001	0.003	0.003	0.052	0.008	0.001	0.01	0.014	0.011	0.002	0	0.001	0	0.482	0.535	0.203	0.073	0.009	0.234	0.004	0.034	0.047	0.344	0.012	0	0	0.01	0.098
ASV_97	0.938	11.878	0.220937082438801	0.511484478522704	NotSig	0.271	0.174	0.438	0.14	0.114	0.485	0.013	0.468	0.01	0.003	0.036	0.021	0.755	0.073	0.016	0	0.016	0.06	0.029	0.049	0.524	0.265	0.217	1.726	0.333	0.443	0.319	0.502	0.087	0.086	0.166	0.276	0.202	0.091	0.256	0.041	0.848	0.003	0.138	0.004	0.004	0.084	0.324
ASV_169	-1.386	8.332	0.233113322575808	0.532380425882588	NotSig	0.024	0.053	0.005	0.026	0.125	0.361	0	0.086	0	0.004	0.002	0	0.003	0	0	0	0	0.011	0	0	0	0	0.001	0	0	0	0	0	0.004	0.017	0.094	0.337	0	0.002	0.306	0.037	0	0.001	0	0	0	0	0
ASV_93	-1.045	9.603	0.245044048693199	0.549417012049074	NotSig	0.057	0.127	0.149	0.417	0.299	0.214	0.003	0.002	0	0.251	0.049	0.003	0.009	0.01	0	0.013	0	0.033	0	0.027	0	0.001	0.001	0.001	0	0	0	0	0.696	0.324	0.455	0.152	0.017	0.028	0.015	0.014	0.131	0.051	0.011	0	0	0.013	0.005
ASV_141	1.041	10.168	0.247075106010235	0.549417012049074	NotSig	0.086	0.076	0.017	0.062	0.781	0.036	0.006	0.055	0.01	0	0.024	0.003	0.001	0.387	0	0.047	0	0.014	0.031	0.004	0.445	0.01	0.034	0.14	0	0.002	0.061	0.062	0.048	0.477	0.255	0.01	0.06	0.172	0.022	0	0.015	0	0.067	0.008	0.006	0	0.003
ASV_67	1.356	13.209	0.262089288467657	0.57523493183161	NotSig	0.448	0.206	0.002	0.002	0.108	0.083	0.274	0.046	0.006	0.066	0.035	10.689	0.001	0.008	0.128	0.001	0.163	0	0.005	0.003	0.005	0.006	0.003	0.004	0	0	0	0	0	0.001	0.002	0.218	0.027	0	0.028	0.01	0.013	0.023	1.389	0	1.291	0.076	0.006
ASV_54	0.983	13.315	0.274011124533964	0.593690769823589	NotSig	0.605	0.495	0.115	0.112	0.1	0.092	0.641	0.626	1.439	0.011	0.127	0.013	0.003	7.76	0	0	0.083	0.412	0.045	0.01	0.014	0.019	0.015	0.175	3.055	0.106	0.556	0.193	0.027	0.239	0.128	0.078	3.004	0.685	0.397	0.02	1.748	0.008	0.167	0.444	0.004	0.261	0.219
ASV_113	-0.873	12.858	0.278533025688894	0.595849130904089	NotSig	0.323	0.448	0.312	0.203	0.08	0.088	1.467	0.748	0.082	0	0.078	1.266	0.224	0.252	0.004	0	0.017	0.029	0.01	0.125	0.064	1.235	0.164	0.496	0.553	0.311	0.294	0.288	0.179	0.143	0.175	0.081	0.566	0.209	0.579	0.23	0.679	0.003	3.506	0.086	0.003	0	0.278
ASV_48	1.162	10.922	0.292133124812954	0.612039032591184	NotSig	0.288	0.118	0.601	5.043	0.033	0.603	0.012	0.257	0.002	0.222	0.02	0	0	0	0.656	0.009	0	0	0.014	0	0	0	0.001	0.02	0	0	0	0.001	0.168	0.256	0.317	0.548	0.005	0.002	0.044	0.001	0.241	0.169	0.019	0	0.003	0.001	0
ASV_16	-1.168	12.095	0.297729670345058	0.612039032591184	NotSig	0.321	0.53	4.716	0.125	0.102	2.05	0.003	0.134	0	1.176	0.002	0	0	0	0	0.007	0	0	0.001	0.003	0.001	0.007	0	0.009	0	0.001	0.004	0	1.159	1.97	0.09	1.377	0.002	0.114	0.469	0.008	0.002	2.756	0	0.001	0	0.003	0
ASV_129	0.944	12.121	0.299606889472201	0.612039032591184	NotSig	0.358	0.141	0.247	0.102	0.03	0.06	0.006	0.055	0.001	0.001	0.004	0.067	0.392	0.048	0.01	0	1.176	3.937	0.01	0.012	0.06	0.258	0.099	0.305	0.014	0.129	0.102	2.175	0.108	0.031	0.263	0.022	0.009	0.016	0.056	0.016	0.011	0.001	0.007	0	0.243	0.004	1.331
ASV_64	-1.511	14.16	0.300587217189753	0.612039032591184	NotSig	0.879	1.822	1.447	0.081	0.008	1.567	0.012	0	0	19.713	0.006	0	0	0	0	0	0.004	0	0	0.003	0	0.001	0	0	0	0	0	0	6.254	3.328	0.081	0.418	0.003	0.012	0.003	0	0	17.227	0	0	0.001	0	0
ASV_106	1.376	14.466	0.317111161743395	0.637997456364687	NotSig	0.461	0.883	0	0.018	0	0.013	0.053	0.192	10.612	0	0.057	0	0.302	0.006	0.639	0.004	0.001	0	0.003	0.057	0.003	0.003	0.001	0.011	0	0	0	0	0	0.01	0.012	0.002	0.034	0.067	0.029	0.024	12.961	0	0.067	0	0.004	0.026	0.002
ASV_7	0.829	15.204	0.33011531977783	0.645811719475582	NotSig	1.613	1.764	0.952	0.58	0.294	0.511	3.51	4.211	7.542	0.001	0.371	2.612	0.268	0.163	2.323	0.001	0.191	0.068	0.566	0.466	0.861	1.301	6.23	5.342	0.596	1.723	1.238	0.021	0.096	0.403	0.868	2.012	6.313	3.919	0.491	1.57	5.52	0.007	4.584	0.09	0.015	0.006	0.569
ASV_235	-0.761	9.932	0.331531916151391	0.645811719475582	NotSig	0.05	0.145	0.026	0.068	0.108	0.182	0.001	0.01	0	0.19	0.068	0	0.137	0.004	0.016	0.081	0.032	0.011	0.034	0.045	0.023	0.128	0.025	0.019	0	0.008	0.048	0.034	0.532	0.911	0.376	0.103	0	0.012	0.012	0.036	0.004	0.169	0.002	0.008	0	0	0.006
ASV_77	-0.849	10.272	0.332459287540684	0.645811719475582	NotSig	0.1	0.185	0.158	0.843	0.471	0.186	0.007	0.002	0.001	0.717	0.023	0.003	0.003	0.008	0	0.012	0	0.04	0.004	0.106	0.001	0.007	0.001	0	0	0	0	0	0.723	0.358	0.894	0.127	0.009	0.139	0.008	0.01	0.137	0.234	0.004	0.004	0.001	0.117	0.006
ASV_95	-1.172	10.253	0.337736791241867	0.648608155907676	NotSig	0.067	0.099	0.007	0.096	0.191	0.073	0.003	0.002	0	1.218	0.007	0	0	0	0.001	0	0	0	0.016	0	0	0.003	0	0.122	0	0	0	0	0.01	0.071	0.118	0.103	0	0.005	0.001	0.003	0	1.166	0.001	0	0	0	0
ASV_87	0.761	12.918	0.352757586357346	0.669843057240355	NotSig	0.513	0.39	0.3	0.244	0.169	0.182	0.006	1.055	0.012	0.039	0.188	0.041	2.447	0.026	0.001	0.009	0.057	0.003	0.07	0.084	0.787	1.135	0.525	3.316	2.357	0.167	0.108	0.01	0.085	0.038	0.4	0.22	0.149	0.039	0.482	0.086	1.574	0.004	0.198	0.014	0.065	2.281	0.208
ASV_69	-0.748	12.578	0.363942930691227	0.678280064790621	NotSig	0.26	0.491	0.281	0.151	0.047	0.049	0.034	0.655	0.415	0	0.029	0.267	0.074	3.015	0.013	0	0.052	0	0.008	0.006	0.043	0.09	0.064	0.18	0.671	0.137	0.37	0.103	0.052	0.509	0.258	0.044	0.268	1.082	0.325	0.121	0.844	0	0.445	2.718	0.27	0.001	0.425
ASV_38	-0.769	14.604	0.36522772719495	0.678280064790621	NotSig	0.485	1.807	0.211	0.177	0.039	0.122	0.444	0.125	5.139	0.008	0.089	2.386	0.046	1.583	0.456	0.059	0.013	0.024	0.027	0.073	0.515	0.124	0.185	0.395	0.182	0.142	0.037	0.006	0.357	0.533	0.177	0.134	2.828	0.309	0.056	2.944	0.187	0.035	1.615	12.532	2.702	2.587	0.113
ASV_33	-0.716	10.04	0.380410563202513	0.698797665013312	NotSig	0.092	0.149	0.231	0.135	0.485	0.94	0.003	0.151	0	0.134	0.034	0	0.018	0.004	0	0.001	0.023	0.067	0.011	0.005	0.001	0.015	0.022	0.005	0	0.061	0.012	0.024	0.052	0.29	0.234	0.775	0.009	0.016	0.638	0.125	0.007	0.061	0.014	0	0	0.019	0
ASV_43	0.633	12.627	0.394360406641276	0.710820459551946	NotSig	0.37	0.345	0.341	0.797	0.321	0.464	0.06	0.23	0.004	0.2	1.819	0.007	1.137	0.192	0.378	1.262	0.186	0.163	1.371	0.147	0.009	0.191	0.014	0.023	0.108	0.004	0.032	0.151	0.594	0.697	0.495	0.428	0.041	0.142	0.298	0.093	0.129	0.708	0.02	0.619	0.032	0.622	0.262
ASV_52	0.788	13.157	0.395997575478795	0.710820459551946	NotSig	0.548	0.37	0.125	0.075	0.025	0.068	0.095	0.468	0.007	0.054	0.456	0.161	0.001	0.852	0.044	0.023	0.264	0.004	11.214	0.048	0.059	0.066	0.062	0.064	0	0	0.001	0.025	0.195	0.182	0.062	0.005	0.246	0.156	0.211	1.971	0.045	0.011	0.112	1.6	0.227	0.028	0.499
ASV_70	0.879	10.42	0.399573631109082	0.710820459551946	NotSig	0.087	0.102	0.17	0.159	0.302	0.135	0.001	0	0.002	0.081	0	0.354	0	0	0.001	0	0	0.029	0.007	0.012	0.416	0.309	0.15	0.05	0	0.08	0	0	0.16	0.161	0.727	0.066	0.002	0.005	0.008	0.003	0.004	0.035	0	0	0	0.36	0
ASV_128	-0.864	5.465	0.408921282002422	0.71270178621559	NotSig	0	0.001	0	0	0.008	0.002	0	0	0	0	0	0	0	0	0	0	0	0	0	0	0	0	0	0	0	0	0	0	0	0	0	0.005	0	0	0	0	0	0.004	0	0	0	0	0
ASV_177	-0.79	8.933	0.411370437054753	0.71270178621559	NotSig	0.029	0.043	0.086	0.013	0.042	0.015	0.013	0.206	0.001	0	0.006	0	0	0	0	0.02	0.218	0	0.003	0.013	0.003	0.004	0.006	0.117	0	0	0	0	0.021	0.001	0.01	0.037	0.019	0.098	0.098	0.002	0	0	0.025	0	0.322	0	0.017
ASV_8	-0.67	13.947	0.413282692598389	0.71270178621559	NotSig	0.859	1.25	1.461	1.262	0.385	0.547	0.152	2.535	0.001	0	0.284	0.003	0.037	0.389	0.003	0.028	0.004	0.031	0.1	0.164	1.038	1.541	0.55	2.874	5.655	1.016	2.224	0.042	0.116	0.238	3.221	1.355	1.567	0.272	1.439	0.574	0.045	0	0.506	0.045	0.236	1.343	7.789
ASV_32	-0.633	11.101	0.428405976567375	0.729128651011231	NotSig	0.169	0.331	1.175	0.227	0.183	0.526	0.035	0.132	0.033	0.156	0.03	0	0.001	0	0	0.005	0.433	0.068	0.01	0.064	0.009	0.032	0.031	0.017	0	0.003	0.007	1.205	0.534	2.903	0.284	0.213	0.031	0.332	0.109	0.315	0.026	0.138	0.002	0.001	0.003	0.006	0.073
ASV_124	0.704	12.511	0.431437071604279	0.729128651011231	NotSig	0.21	0.275	0.118	0.083	0.039	0.041	0.178	0.043	1.625	0	0.031	0.015	0.058	1.122	0.712	0.011	0.013	0.161	0.018	0.866	0.062	0.029	0.055	0.099	0	0.04	0.005	0.042	0.002	0.044	0.168	0.083	0.142	0.197	0.24	0.123	0.176	0	0.019	0.114	2.625	0.095	0.092
ASV_3	0.649	15.32	0.454504621550199	0.750001109194822	NotSig	3.216	2.843	3.285	5.389	1.277	2.272	0.12	26.412	0.068	1.318	0.073	0.027	19.546	0.024	3.496	2.695	5.479	10.227	0.584	0.187	0.045	0.261	0.006	0.107	0	0.201	0.498	0.032	0.467	2.396	5.968	4.103	0.993	2.93	20.917	2.428	1.877	0.152	0.01	0.036	0.021	0.09	0.265
ASV_88	-0.612	12.134	0.456287012253676	0.750001109194822	NotSig	0.135	0.492	0.08	0.031	0.044	0.006	0.512	0.043	0.553	0.003	0.006	0.301	0.047	0.055	0.003	0.005	0.101	0.06	0.007	0.032	0.399	0.157	0.376	0.129	0.004	0.12	0.261	0.179	0.01	0.119	0.012	0.022	0.089	4.332	0.027	1.555	0.079	0.028	0.971	0.013	0.118	0	0.003
ASV_40	-0.563	12.372	0.458519493087159	0.750001109194822	NotSig	0.258	0.589	0.171	0.268	0.227	0.248	0.026	0.101	0.017	1.113	0.267	0.018	1.07	0.263	0.129	0.759	0.256	0.722	0.03	0.08	0.009	0.773	0.015	0.015	0	0.007	0.01	0.117	0.74	3.408	1.495	0.042	0.019	0.281	0.117	0.258	0.095	2.231	0.007	0.046	0.034	0.024	0.035
ASV_18	0.722	15.683	0.46153914411989	0.750001109194822	NotSig	1.953	2.597	0.212	2.889	0.244	0.141	11.124	8.22	14.468	0.006	0.158	3.889	1.643	0.032	5.294	0.016	0	0.003	0.102	0.084	0.048	0.269	0.249	0.138	0.282	0.457	0.764	0.043	0.004	0.146	2.634	0.117	0.713	0.065	13.082	0.1	15.538	0.007	0.085	0.001	0.089	0.231	6.137
ASV_46	0.668	10.323	0.47393297308406	0.762806404297201	NotSig	0.166	0.091	0.861	1.398	0.584	0.173	0.012	0.945	0.017	0.127	0.006	0	0.006	0	0.029	0	0.025	0.003	0.1	0	0.004	0.001	0	0.004	0	0	0.014	0.003	0.374	0.116	0.151	0.232	0.072	0.019	0.253	0.006	0.073	0.064	0.005	0.004	0	0	0.005
ASV_84	0.881	9.283	0.479327901165123	0.764211465065149	NotSig	0.103	0.04	0.07	0.089	2.29	0.107	0.006	0.012	0	0.006	0.002	0	0	0.003	0	0	0	0	0.078	0.001	0	0	0	0	0	0	0	0.006	0.002	0.062	0.059	0.144	0.017	0.019	0.018	0.274	0	0	0	0	0	0	0
ASV_20	-0.672	10.938	0.492135585466079	0.777298261156704	NotSig	0.134	0.211	0.176	0.132	0.396	0.246	0.028	0.703	0.027	0.218	0.104	0.001	0	0	0.003	0.178	1.245	0.001	0.012	0	0	0.016	0	0	0	0	0	0.008	0	0.027	0.123	0.394	0.039	0.276	0.227	0.414	1.381	0.158	0.011	0	0	0	0.119
ASV_99	-0.699	11.886	0.497683662451429	0.778637699516687	NotSig	0.188	0.39	0.086	0.057	0.039	0.169	0.047	0.067	0.079	0.008	0.047	0.126	0	3.728	0.001	0.001	0	0.006	0	0	0	0.001	0	0	0.011	0	0.006	0.412	0	0.563	0.042	0.208	0.106	0.009	0.084	4.656	0.026	0.007	0.072	0.072	0.006	0	0.003
ASV_75	0.687	11.242	0.506333060884592	0.778637699516687	NotSig	0.267	0.225	1.827	0.075	0.194	1.276	0.013	0.038	0	0.934	0.087	0	0	0	0	0.061	2.229	0.094	0.016	0.023	0.006	0.051	0.014	0.009	0	0	0	0	1.17	0.156	0.119	1.663	0.012	0.033	0.035	0.105	0	0.079	0.004	0	0	0.003	0.002
ASV_35	0.604	11.861	0.521549514157885	0.778637699516687	NotSig	0.312	0.282	0.317	0.287	0.042	0.045	0.216	1.954	0.001	0	0.101	0.101	0.169	0.632	0	0	0.033	0.009	0.01	0	0	0.001	0	0	2.372	0.107	0.963	0.756	0.021	1.078	0.097	0.039	0.166	1.302	0.997	0.092	0.002	0	0.059	0.092	0.196	0.085	0.002
ASV_5	0.523	13.009	0.523635519055111	0.778637699516687	NotSig	0.592	0.809	0.766	2.048	1.85	2.618	0.518	0.23	0.052	0.105	0.205	0.028	0.035	0.006	0.004	0.352	0	0.408	0.2	0.075	3.02	0.486	0.133	2.007	0	0.049	0.133	0.062	1.735	1.039	2.037	3.436	0.87	1.344	0.295	0.079	0.981	0.107	0.128	0.001	0.003	0	0.086
ASV_210	-0.653	12.307	0.526922589325729	0.778637699516687	NotSig	0.101	0.343	0.003	0.003	0.019	0.036	0.179	0.139	1.261	0	0.055	0	0	0.004	0.359	0	0.216	0.007	0.041	0.019	0.014	0.039	0.01	0.011	0	0	0	0.208	0.002	0.003	0.005	0.015	0.665	0.058	0.059	0.316	1.203	0	0.03	0.348	0.016	0	2.425
ASV_151	0.723	8.649	0.527030873631096	0.778637699516687	NotSig	0.06	0.039	0.005	1.283	0.039	0.098	0.004	0.005	0.006	0.031	0.001	0	0	0	0	0	0	0	0.018	0	0	0.067	0	0	0	0	0.002	0	0.006	0.047	0.405	0.034	0.044	0.005	0.001	0	0.028	0.011	0	0	0	0	0.002
ASV_27	-0.492	13.441	0.528384297028993	0.778637699516687	NotSig	0.499	0.9	0.19	0.247	0.061	0.088	0.318	0.686	0.016	0.001	0.273	0.243	0.108	0.071	5.304	0.136	0.319	0.113	0.029	0.192	0.033	0.058	0.02	0.295	1.194	2.036	0.925	0.029	0.01	0.095	0.57	0.262	3.621	0.423	0.398	0.285	0.028	0.013	0.336	1.315	5.693	0.184	0.274
ASV_41	-0.535	10.536	0.532743654787102	0.778637699516687	NotSig	0.081	0.145	0.116	0.115	0.075	0.028	0.051	0.01	0.044	0.281	0.061	0.003	0	0	0.024	0.131	0	0.063	0.016	0.006	0.004	0.306	0.008	0.004	0	0.007	0.725	0.041	0.029	0.081	0.106	0.029	0.056	0.095	0.023	1.609	0.114	0.013	0.02	0	0	0	0.003
ASV_83	0.626	9.462	0.534449545230389	0.778637699516687	NotSig	0.104	0.061	0.503	1.086	0.701	0.237	0.003	0.062	0	0	0	0	0	0.001	0	0	0.003	0	0.016	0	0	0.004	0.006	0.007	0	0.031	0.001	0.034	0.226	0.156	0.09	0.289	0.007	0.007	0.056	0.01	0.011	0	0.002	0.01	0	0.045	0.002
ASV_34	-0.447	12.918	0.555592624976059	0.791845053207917	NotSig	0.434	0.727	0.247	0.503	0.061	0.085	0.136	0.575	0.076	0.001	0.066	0.094	0.069	0.015	0.757	0	0.509	0.955	0.05	0.944	0.237	0.249	0.353	1.093	2.409	0.045	0.602	1.15	0.054	0.065	0.769	0.029	0.238	0.2	0.623	0.052	5.906	0.004	0.098	0.064	0.146	2.623	0.035
ASV_85	0.488	13.37	0.556352321191036	0.791845053207917	NotSig	0.553	0.485	0.192	0.531	0.036	0.026	0.026	0.235	0.01	0.071	7.009	0.024	0.376	0.037	0.225	0.104	0.807	2.677	0.05	0.259	0.427	0.229	0.185	0.123	0.034	0.138	0.512	0.038	0.148	0.209	0.204	0.093	0.029	0.03	0.092	0.006	0.429	0.024	0.081	0.22	0.065	3.458	2.189
ASV_44	-0.426	9.544	0.573046931292184	0.791845053207917	NotSig	0.054	0.106	0.507	0.127	0.1	0.141	0.012	0.01	0.002	0.025	0.016	0.011	0.001	0.001	0.034	0.04	0.14	0.01	0.007	0.033	0.006	0.039	0.045	0.032	0	0	0	0.074	0.116	0.875	0.23	0.056	0.005	0.156	0.021	0.055	0	0.056	0.006	0.003	0.003	0.001	0.011
ASV_140	-0.56	8.059	0.577249580369616	0.791845053207917	NotSig	0.025	0.045	0.07	0.042	0.1	0.387	0.004	0.01	0	0.015	0.007	0	0	0	0	0	0	0	0	0	0	0	0.001	0.008	0	0	0.015	0.001	0.006	0.059	0.047	0.457	0.062	0.007	0.021	0.003	0	0.006	0.001	0.001	0	0	0
ASV_146	-0.506	9.455	0.581068078955119	0.791845053207917	NotSig	0.047	0.056	0.012	0.39	0.097	0.081	0.004	0.005	0.002	0.289	0.098	0	0.028	0.026	0.028	0.013	0	0.084	0.045	0.004	0	0.004	0	0.003	0.001	0	0	0	0.012	0.123	0.111	0.064	0	0.033	0.001	0.003	0.071	0.409	0.002	0	0.001	0.01	0
ASV_103	-0.435	11.794	0.581750056033978	0.791845053207917	NotSig	0.195	0.275	0.036	0.057	0.072	0.028	0.019	0.276	0.04	0	0.055	0.001	0.257	0.069	0	0.004	0.502	0.054	0.014	0.04	0.047	0.023	0.064	0.443	0.818	0.673	1.122	0.348	0.008	0.033	0.102	0.078	0.166	0.023	0.58	0.034	1.83	0	0.02	0.133	0.205	0.134	0.776
ASV_58	0.435	9.673	0.586803515150662	0.791845053207917	NotSig	0.087	0.085	0.058	0.932	0.119	0.261	0.006	0.041	0.007	0.415	0.019	0	0.003	0.006	0.004	0.001	0	0.049	0.087	0.017	0.005	0.149	0.031	0.036	0	0	0.002	0.003	0.048	0.047	0.571	0.296	0.077	0.1	0.007	0.006	0.021	0.065	0.014	0.006	0	0.012	0.009
ASV_31	0.464	13.973	0.589468357845389	0.791845053207917	NotSig	1.035	0.743	0.24	0.292	0.033	0.09	0.09	1.424	0.276	0	0.203	0.515	1.938	0.001	7.005	0.019	5.336	0.001	0.055	0.07	0.17	0.274	0.07	0.189	7.736	0.167	0.656	0.056	0.044	0.122	0.225	0.154	0.335	0.16	0.992	0.08	1.725	0.01	0.101	1.637	3.537	0.021	2.003
ASV_118	-0.607	11.187	0.59035899162531	0.791845053207917	NotSig	0.126	0.251	0	0	0.003	0.25	0.06	0.379	0.014	0	0.127	0	0.472	0	0.001	0	0	0.472	0.026	0.956	0.013	0.435	0.029	0.038	0	0	0	0	0	0	0	0.68	0.009	0.002	0.457	0.131	2.289	0	0.015	0	0.184	0.003	0
ASV_30	0.528	11.229	0.590369684640222	0.791845053207917	NotSig	0.309	0.237	1.87	0.83	0.122	3.892	0.023	0.034	0.002	0.007	0.081	0	0	0	0	0	0.021	0.076	0.02	0.403	0.028	0.492	0.039	0.072	0	0	0	0.01	1.141	0.39	0.208	1.154	0.024	0.311	0.047	0.22	0.047	0.011	0	0	0	0.006	0.003
ASV_135	0.602	8.601	0.606575932659298	0.807175847397018	NotSig	0.057	0.04	0.058	0.096	0.089	1.154	0.009	0.012	0	0	0.001	0	0.001	0	0	0	0.015	0.04	0	0	0	0	0	0	0	0	0	0	0.002	0.01	0.026	0.44	0.031	0.023	0.065	0.001	0	0.001	0	0	0	0.003	0.002
ASV_60	-0.469	13.385	0.627094830186761	0.808630861701007	NotSig	0.332	0.622	0.226	0.244	0.025	0.141	0.257	0.022	1.839	0.011	0.018	0	0.122	0.046	0	0	0	0.003	0.03	0.094	0.075	0.16	0.918	1.86	0.473	0.64	1.434	0	0.031	0.25	0.182	0.768	0.405	0.418	0.016	0.015	0.047	0.007	0.025	0.575	0.004	0	6.589
ASV_144	-0.538	8.518	0.627475309763907	0.808630861701007	NotSig	0.026	0.028	0.082	0.041	0.055	0.118	0.004	0	0	0.355	0	0	0	0	0	0	0	0.004	0.001	0	0	0.009	0	0.009	0	0	0.001	0	0.008	0.075	0.042	0.034	0	0.026	0.004	0.005	0.011	0.212	0.002	0	0	0	0
ASV_119	-0.458	12.524	0.63574391058066	0.808630861701007	NotSig	0.29	0.276	0.065	0.005	0.017	0.004	0.013	0.005	0.003	0.036	0.017	0.078	0.001	0.046	0	0.007	0.077	1.598	0.034	0.251	0.986	0.121	0.775	0.5	0	0.103	0.04	2.754	0.064	0.074	0.016	0.002	0.007	0.808	0.03	0.185	0	0.01	2.933	0	0.009	0	0.003
ASV_63	-0.389	10.598	0.644623302824181	0.808630861701007	NotSig	0.133	0.168	0.44	0.507	0.194	0.147	0.01	1.499	0.012	0.304	0.004	0.006	0.003	0	0.025	0	0.044	0.043	0.087	0.006	0.01	0.068	0.025	0.028	0	0	0.001	0	0.592	0.133	0.348	0.122	0.185	0.007	0.134	0.007	0.853	0.071	0.004	0.001	0	0.062	0.002
ASV_66	0.515	8.748	0.648257008982773	0.808630861701007	NotSig	0.019	0.027	0	0.062	0	0	0.036	0.007	0.013	0	0.113	0	0	0.004	0	0.083	0	0	0.004	0.003	0.004	0.007	0.055	0.107	0	0.002	0	0	0	0.03	0.033	0.22	0.009	0	0	0	0.004	0	0.055	0.004	0	0	0.044
ASV_121	0.345	8.508	0.661203766843475	0.808630861701007	NotSig	0.03	0.029	0.079	0.026	0.152	0.085	0.018	0.002	0	0.127	0.04	0.001	0	0.001	0	0.003	0.007	0.011	0.03	0.048	0.009	0.015	0.001	0.019	0	0.001	0	0.103	0.031	0.11	0.055	0.034	0.007	0.072	0.009	0.041	0.013	0.034	0.006	0	0	0.021	0
ASV_207	-0.459	11.158	0.661433777240263	0.808630861701007	NotSig	0.107	0.184	0	0.003	0.003	0	0.048	0	0	0	0.119	0	0	0.177	0.015	0.031	0.258	0.034	1.636	0.088	0.018	0.149	0.014	0.016	0.002	0	0	0.185	0	0.004	0	0	0.032	0.077	0.015	0.174	0.004	0	0.03	0.046	0.267	2.095	0.014
ASV_17	0.349	10.716	0.662493243579359	0.808630861701007	NotSig	0.134	0.136	0.091	0.166	0.114	0.594	0.061	0.007	0.09	1.042	0.018	0.011	0.026	0	0.021	0.009	0.184	0.094	0.004	0.061	0.009	0.769	0.013	0.008	0	0.011	0.071	0.021	0.037	0.232	0.242	0.381	0.021	0.423	0.013	0.225	0.045	0.394	0.016	0	0.004	0	0.002
ASV_101	0.504	6	0.66377464666999	0.808630861701007	NotSig	0.004	0.002	0	0	0.069	0.013	0.004	0	0	0	0.004	0	0	0	0	0	0	0	0	0	0	0	0	0.001	0	0	0	0	0	0	0.002	0.005	0.014	0.007	0.003	0	0	0	0	0	0	0	0
ASV_108	-0.414	8.526	0.664048666701519	0.808630861701007	NotSig	0.035	0.056	0.005	0.463	0.127	0.214	0.001	0.005	0.001	0.025	0	0	0.004	0	0	0.039	0	0.006	0.004	0.006	0.005	0.009	0.003	0.004	0	0	0	0	0.008	0.12	0.313	0.281	0.003	0	0.004	0.047	0.007	0.047	0.002	0	0	0	0
ASV_50	0.477	9.326	0.67033071910521	0.808630861701007	NotSig	0.068	0.065	0.101	0.013	0.014	0.827	0.025	0.079	0	0.584	0.01	0	0	0	0	0	0	0.098	0	0.003	0	0.001	0	0.005	0	0	0	0	0	0.007	0.029	0.399	0.041	0.299	0.08	0.091	0.004	0.007	0.001	0	0	0.013	0
ASV_137	0.369	11.263	0.67324708865364	0.808630861701007	NotSig	0.144	0.096	0.026	0.013	0	0.004	0.044	0.002	0.004	0	0.065	0.138	0.084	1.402	0.36	0.231	0.04	0.304	0.014	0.629	0.041	0.201	0.085	0.026	0	0.011	0.021	0	0.004	0.112	0.047	0.027	0.017	0.046	0.003	0.007	0.127	0	0.518	0.215	0.176	0.121	0.026
ASV_127	-0.466	10.332	0.677026758871128	0.808630861701007	NotSig	0.096	0.167	0.123	0.125	0.003	0	0.031	0.489	0	0.001	0.002	0.001	0	0	0	0	0	0.049	0	0	0	0	0	0	0.296	0.007	0.022	1.346	0.106	0.181	0.104	0.007	0.046	1.147	0.163	0.751	0	0.001	0.001	0	0.001	0	0
ASV_59	-0.38	13.378	0.678681542460932	0.808630861701007	NotSig	0.572	0.822	0.063	0.068	0.058	0.171	10.297	0.201	0.041	0	0.168	0.025	0.248	0.966	0.676	0.001	0.96	0.387	0.037	0.057	0.01	0.079	0.039	0.026	0	0.016	0.006	0.259	0.062	0.235	0.173	0.335	7.157	0.346	0.074	0.199	0.064	0.003	0.244	0.196	0	0	3.248
ASV_37	-0.383	11.215	0.679441315748775	0.808630861701007	NotSig	0.252	0.373	1.341	0.297	4.331	0.047	0.029	0.005	0.002	0.013	0.002	0.199	0.003	0	0	0	0	0.004	0.001	0.013	0.071	0.041	0.014	0.02	0	0.076	0.024	0.02	1.218	1.155	0.518	0.105	0.038	2.41	0.02	0.056	0.004	0.045	0.001	0.014	0	0.01	0
ASV_42	0.328	10.904	0.697906120174142	0.821932837827531	NotSig	0.164	0.17	0.026	0.01	0.324	0.526	0.072	1.328	0.002	0.046	0.034	0.057	0.001	0.003	0.001	0.008	0	1.236	0.023	0.117	0.01	0.023	0.004	0.053	0	0.001	0	0.363	0.056	0.016	0.033	0.35	0.986	0.741	0.184	0.02	0.009	0.052	0.012	0.001	0.053	0.035	0.003
ASV_116	-0.344	9.541	0.700761345737829	0.821932837827531	NotSig	0.079	0.091	0.296	0.294	0.842	0.263	0.004	0.002	0.001	0.197	0.001	0	0	0.001	0	0	0	0.007	0.005	0.039	0.001	0.003	0.008	0.023	0	0.007	0.011	0.048	0.451	0.184	0.173	0.32	0.007	0.009	0.086	0.01	0.021	0.1	0.001	0	0	0.004	0
ASV_147	-0.309	9.455	0.705208647840189	0.821932837827531	NotSig	0.061	0.082	0.231	0.328	0.354	0.15	0.003	0.007	0.002	0.165	0.007	0	0.004	0.001	0	0	0	0.168	0.023	0.033	0.003	0.004	0.004	0.048	0.002	0.022	0.01	0.006	0.443	0.184	0.118	0.225	0.003	0.002	0.025	0.002	0.019	0.007	0.005	0	0.001	0.194	0.003
ASV_311	0.347	9.317	0.725484750235579	0.839773443765841	NotSig	0.059	0.065	0.503	0.062	0.053	0.353	0.004	0.014	0	0.169	0.013	0	0	0	0	0.079	0.172	0.023	0.005	0.077	0.001	0.015	0	0	0	0	0	0	0.272	0.074	0.081	0.403	0.005	0.007	0.068	0.038	0.006	0.013	0.002	0.001	0	0	0
ASV_9	0.243	14.014	0.733490447545091	0.84326452813007	NotSig	1.19	1.195	2.666	0.89	0.186	0.293	0.241	2.585	0.06	0.028	0.148	0.471	0.931	0.792	0.403	0.003	1.789	1.933	0.138	0.831	0.529	6.011	0.743	4.725	0.602	0.778	0.557	2.6	0.362	0.375	1.039	0.335	2.037	3.013	0.91	0.189	3.06	0.056	0.691	0.199	0.003	5.401	0.259
ASV_74	-0.297	9.797	0.750846425049997	0.857385444820604	NotSig	0.091	0.103	0.317	0.283	0.969	0.122	0.009	0.01	0	0.024	0.001	0	0	0.03	0	0	0	0.001	0.094	0.008	0.003	0	0.004	0.009	0	0	0	0.475	0.214	0.397	0.17	0.147	0.003	0.176	0.032	0.003	0.004	0.013	0.009	0.015	0	0.367	0.002
ASV_209	-0.276	11.594	0.76419859819366	0.86167485253175	NotSig	0.186	0.237	0.014	0.031	0.21	0.073	0.031	0.357	0.02	0	0.016	0.239	0	0	0	0	0	0	0.063	0.024	0.024	0.051	0.217	1.322	0.142	0.09	1.721	0.196	0.002	0.044	0.116	0.044	0.014	0.014	0.128	0.016	0.032	0	0.025	0.086	0.217	2.798	0.026
ASV_104	0.315	12.672	0.767192212204402	0.86167485253175	NotSig	0.447	0.305	0.072	0.193	0.008	0.038	0.064	0.098	0.002	0	0.002	0	0.068	0.108	0	0.009	0.004	0	0	0.29	0.003	0.026	0.003	0.004	9.844	0.025	0.469	0.289	0.025	0.156	0.75	0.572	0.022	0.012	0.057	0.001	0	0	0.112	0.138	0	0.009	2.725
ASV_53	0.255	9.549	0.770717345878127	0.86167485253175	NotSig	0.053	0.073	0.017	0.055	0.208	0.028	0.031	0.151	0.004	0	0.005	0.013	0	0	0	0.001	0	0.006	0.027	0.036	0.117	0.131	0.057	0.042	0	0.076	0	0.368	0.017	0.124	0.204	0.032	0.044	0.462	0.096	0.024	0.004	0	0.001	0.018	0	0	0.072
ASV_23	0.22	13.139	0.774997500501929	0.86167485253175	NotSig	0.644	0.641	1.67	0.781	0.097	0.167	0.083	2.383	0.02	0	0.136	0.288	0.105	0.664	0.098	0	1.095	4.034	0.082	0.218	0.294	0.352	0.242	1.664	0.94	0.411	0.267	0.65	0.229	0.191	0.703	0.259	1.336	0.833	0.434	0.087	1.151	0.006	0.346	0.044	0	3.893	0.099
ASV_1	-0.183	15.656	0.801349098333729	0.880500437939749	NotSig	3.761	5.672	13.375	10.78	5.455	11.016	0.352	0.839	0.042	9.19	4.258	0.091	17.509	0.073	1.777	0.184	11.853	0.645	2.035	1.311	0.188	1.611	0.516	0.195	0.254	0.698	2.843	0.699	23.926	16.554	11.594	13.581	0.167	3.092	0.317	0.668	1.284	9.567	0.184	2.81	0.235	0.4	0.693
ASV_156	-0.314	7.949	0.802354323679066	0.880500437939749	NotSig	0.029	0.042	0.002	0.006	0.017	0.707	0.003	0	0	0	0	0	0.001	0	0	0	0	0	0	0.001	0.001	0.003	0	0	0	0	0	0	0.017	0.074	0.003	0.528	0	0.002	0	0.002	0	0.001	0	0	0	0	0.005
ASV_6	0.241	12.984	0.807559573258349	0.880500437939749	NotSig	1.019	0.939	3.293	3.202	2.645	11.033	0.015	0.41	0.002	5.377	0.041	0.001	0.018	0.001	0	0.042	0.144	0.026	0.001	0.058	0.001	0.146	0.021	0.021	0	0	0	0.007	0.15	0.264	2.449	8.282	0.021	0.404	0.46	0.331	0.007	1.667	0.019	0	0.009	0	0.023
ASV_12	0.232	11.543	0.82949077268564	0.898615003742776	NotSig	0.467	0.304	0.08	0.742	10.008	0.447	0.018	0.552	0.004	0.215	0.024	0	0	0	0.004	0.022	0	0.004	0	0.008	0.004	0.006	0.001	0.001	0	0	0	0	0.208	0.157	2.066	0.374	0.002	0.035	1.397	0.205	0.028	0.078	0.006	0	0	0	0.011
ASV_149	0.199	9.466	0.839743830844174	0.903928072692136	NotSig	0.075	0.087	0.82	0.346	0.028	0.436	0.01	0	0	0.001	0.01	0	0.051	0	0	0.001	0.147	0.066	0.019	0	0	0.001	0	0.004	0	0.015	0.006	0	0.295	0.198	0.215	0.315	0.009	0.244	0.001	0.005	0.009	0.001	0.001	0	0	0.001	0.011
ASV_96	-0.232	8.922	0.845583758562761	0.904453513905738	NotSig	0.023	0.057	0	0.005	0.003	0	0.553	0.005	0.013	0	0.004	0	0	0	0.001	0	0	0	0	0	0.003	0	0.003	0.007	0.001	0	0.002	0	0	0.001	0.002	0	0.263	0.539	0.003	0.021	0.007	0	0.012	0.003	0	0	0.008
ASV_220	-0.113	9.722	0.875768671391328	0.930848462044871	NotSig	0.066	0.099	0.125	0.479	0.097	0.152	0.035	0.01	0.002	0.109	0.152	0	0.077	0.004	0.01	0.001	0.127	0.024	0.02	0.121	0.004	0.038	0.015	0.004	0.005	0.005	0.051	0.053	0.229	0.43	0.504	0.081	0.012	0.012	0.021	0.038	0.011	0.102	0.005	0.005	0	0	0.031
ASV_61	-0.17	8.423	0.891557131283515	0.941501686757724	NotSig	0.029	0.057	0.01	0.218	0.011	0.265	0	0	0	0.007	0	0	0	0	0	0	0	0.233	0.003	0	0	0.003	0	0.004	0	0	0	0	0	0.175	0.331	0.325	0	0	0.008	0.006	0	0	0.002	0.001	0	0	0.002
ASV_167	0.144	7.158	0.896933559573926	0.941501686757724	NotSig	0.015	0.012	0.022	0.073	0.191	0.081	0.001	0.014	0	0.001	0	0	0	0.006	0	0	0	0	0.004	0	0	0.001	0	0	0	0	0	0	0	0.057	0.048	0.037	0.002	0	0.036	0.002	0.006	0	0	0	0	0	0
ASV_36	0.086	10.907	0.91642558012096	0.95070951765456	NotSig	0.204	0.189	0.468	0.937	0.498	0.648	0.013	1.475	0.006	0.582	0.012	0.006	0.001	0.006	0.009	0	0.067	0.195	0.02	0.003	0.009	0.192	0	0.017	0	0	0.001	0.133	0.636	0.132	0.71	0.315	0.104	0.072	0.171	0.016	0.281	0.135	0.012	0	0.007	0.235	0.005
ASV_13	-0.083	14.017	0.917642944571687	0.95070951765456	NotSig	0.718	1.122	0.399	0.299	0.291	0.271	0.36	0.48	0.031	0.018	3.043	0.186	0.001	3.761	0.01	6.057	0.228	0.335	0.213	1.378	0.053	0.167	0.021	0.073	0.13	0.002	0.103	0.766	0.559	0.617	0.251	0.098	0.689	2.11	0.316	4.034	0.092	0.01	0.269	4.133	0.55	2.172	0.932
ASV_65	0.081	13.447	0.922582017132236	0.95070951765456	NotSig	0.662	0.526	0.313	0.425	0.033	0.047	0.533	0.532	0.133	0	0.034	0.429	3.415	7.038	0.093	0	0.019	0.255	0.022	1.073	0.064	0.229	0.214	0.175	0.692	0.211	0.529	0.712	0.31	0.281	0.504	0.1	0.831	0.397	0.552	0.446	0.404	0.01	2.716	0.088	0.018	0	1.225
ASV_199	-0.086	12.489	0.941626807204675	0.957421795944074	NotSig	0.395	0.184	0.007	0.003	0	0	0.006	0.002	0	0	0.026	0	0.003	0.075	0.003	0	0.043	0.006	0.033	0.086	0.098	6.541	0.701	0.331	0	0.011	0.025	2.277	0.002	0.001	0	0	0	0.016	0.015	0.052	0	0.004	2.664	0	0.001	0.001	0.005
ASV_91	0.072	12.111	0.941829768868238	0.957421795944074	NotSig	0.261	0.296	0.007	0.058	0.008	0.908	0.023	0.094	0.001	0.004	0.006	0.119	0.004	0	0	0.001	0	0.004	0.068	0.061	0.439	0.089	0.409	4.386	0.003	0.047	0.002	0.036	0.002	0.027	0.438	0.137	0.017	0.102	0.675	0.013	0	0	0	0.036	2.777	0.185	0.028
ASV_11	-0.051	14.689	0.949838539146702	0.957421795944074	NotSig	1.425	1.249	0.682	0.63	0.1	0.135	1.008	1.328	0.14	0.007	0.146	1.019	5.672	5.276	1.264	0.005	0.119	0.264	0.038	0.638	0.116	0.428	0.502	1.394	4.821	6.548	4.563	0.2	0.403	0.267	0.244	1.367	0.323	2.268	0.526	0.69	1.233	0.008	7.069	0.038	0.006	0.023	4.272
ASV_870	-0.061	9.439	0.951756578216594	0.957421795944074	NotSig	0.085	0.056	0.026	0.05	1.603	0.152	0.016	0.084	0	0.001	0.006	0	0.005	0.001	0	0	0	0.023	0.059	0	0.003	0.003	0	0	0	0	0	0.19	0.131	0.086	0.061	0.191	0.029	0.039	0.06	0.039	0.002	0	0.002	0	0	0.001	0.196
ASV_131	-0.056	7.998	0.9682906465461	0.9682906465461	NotSig	0.019	0.028	0	0	0.147	0.12	0	0	0	0.193	0.004	0	0	0	0	0.036	0	0	0	0	0	0	0	0	0	0	0	0	0	0	0.002	0.005	0	0.378	0	0	0	0.018	0.002	0	0.001	0	0.018
