ID	log2FC	log2CPM	PValue	FDR	level	MeanA	MeanB	DS03P016	DS03P017	DS03P030	DS03P037	DS03P049	DS03P054	DS03P060	DS03P065	DS03P076	DS04P86	DS05P114	DS04P138	DS06P140	DS06P180	DS04P194	DS05P196	DS03P237	DS03P239	DS03P245	DS03P272	DS03P279	DS03P288	DS03P295	DS03P298	DS03P312	DS03P313	HS03P003	HS03P004	HS03P005	HS03P010	HS03P011	HS03P012	HS03P014	HS03P019	HS03P024	HS03P025	HS03P026	HS03P029	HS03P031	HS03P034	HS03P035	HS03P040	HS03P041	HS03P042	HS03P044	HS03P045	HS03P046	HS03P047	HS03P048	HS03P050	HS03P051	HS03P055	HS03P056	HS03P057	HS03P058	HS03P059	HS03P061	HS03P063	HS03P064	HS03P066	HS03P067	HS03P068	HS03P071	HS03P072	HS03P073	HS03P074	HS03P075	HS03P077
ASV_107	6.704	14.138	1.49977776940148e-12	2.5346244302885e-10	Enriched	1.721	0.049	0.005	0.019	0.451	0.092	0	0.005	0	0	0.001	0.021	0	0	0	0	0	1.911	41.14	0.207	0.109	0.329	0.189	0.189	0	0	0	0.067	0.253	0.002	0.017	0.006	0.029	0.002	0.074	0.068	0.017	0.004	0.028	0.248	0.238	0.289	0.158	0.025	0.192	0.157	0.034	0.002	0	0.002	0.002	0.001	0.007	0.02	0.028	0.008	0	0	0.008	0.005	0.009	0.035	0	0.004	0.001	0	0.063	0.008	0.002	0.003
ASV_203	3.849	11.403	2.62629648982841e-11	2.21922053390501e-09	Enriched	0.23	0.031	0.027	0.047	0.008	0.045	0.193	0.012	1.15	0.015	0.011	2.019	0	0.062	0.003	0.001	0.132	0.001	0.008	0.273	0.055	0.114	0.491	0.034	0.058	0.777	0.435	0	0.019	0.017	0.009	0.012	0.027	0	0.034	0.085	0.04	0.034	0.023	0.044	0.028	0.021	0.009	0.007	0.017	0.029	0.055	0.029	0.004	0.039	0.136	0.213	0.012	0.003	0.016	0.014	0.027	0.019	0.012	0.088	0.004	0.005	0.01	0.049	0.014	0.001	0.01	0.013	0.085	0.003
ASV_71	5.093	14.317	3.44376940266501e-10	1.93999009683462e-08	Enriched	1.7	0.106	0.043	0.002	0.163	0.026	0.032	0	0	0.003	0.013	1.756	0	0.001	0	0.023	0.001	0.295	0.329	0.768	20.013	1.328	13.113	5.809	0	0.283	0.194	0.001	0.028	0.003	0.011	0.01	0.005	0.208	0.018	0.038	0.044	0.022	0.085	0.131	0.21	0.052	0.031	0.016	0.015	0.081	0.013	0.056	0.004	0.008	0.002	0.053	0.002	0.002	0	0	0.025	0.593	0.01	0.081	2.178	0.027	0.016	0.145	0.019	0.007	0.011	0.019	0.009	0.181
ASV_105	6.621	13.914	1.9427037330354e-09	8.20792327207457e-08	Enriched	1.071	0.032	0	0.002	0.069	0.024	0.254	0	13.531	0	0	0.113	0	0	0	0	0	0	0.094	0.148	1.358	0.715	8.074	0.802	0	0.468	2.179	0.004	0	0.002	0.006	0.028	0	0	0	0	0.015	0.036	0	0.014	0.293	0.049	0.029	0	0.012	0.014	0	0.041	0.013	0	0	0	0.101	0	0	0	0	0	0.002	0.504	0.015	0	0	0.011	0.022	0.006	0.019	0.11	0.001	0.002
ASV_174	4.669	13.406	3.52516800810418e-08	1.19150678673921e-06	Enriched	0.871	0.106	0.048	0.347	0.033	0.015	0.201	0.014	0	0	0	0	0.003	0.015	21.801	0	0.021	0.001	0	0.009	0.001	0	0	0.007	0.049	0.033	0.021	0.018	0.161	0.027	0.048	0.051	0.117	0.007	0.135	0.038	0.44	0.15	0.739	0.188	0.147	0.085	0.022	0.325	0.05	0.243	0.025	0.014	0.036	0.129	0.746	0	0.096	0.105	0.089	0.116	0.014	0.003	0	0.065	0	0.001	0	0	0.002	0.024	0.006	0.007	0	0.001
ASV_85	2.662	12.49	2.10546010635139e-07	5.93037929955641e-06	Enriched	0.553	0.137	0.192	0.531	0.036	0.026	0.026	0.235	0.01	0.071	7.009	0.024	0.376	0.037	0.225	0.104	0.807	2.677	0.05	0.259	0.427	0.229	0.185	0.123	0.034	0.138	0.512	0.038	0.025	0.236	0.235	0.35	0.133	0.328	0.145	0.243	0.059	0.119	0.13	0.095	0.085	0.026	0.027	0.163	0.032	0.095	0.047	0.016	0.139	0.278	0.009	0.025	0.015	0.217	0.009	0.002	0.005	0.075	0.032	0.109	0.012	0.392	0.131	0.372	0.228	0.02	0.136	0.775	0.081	0.106
ASV_176	3.409	10.892	1.381568501788e-06	3.33550109717388e-05	Enriched	0.166	0.03	0.017	0.002	0	0	0.267	0.041	0.003	0	1.201	0.001	0.001	0.848	0.001	0.873	0.003	0.425	0.042	0.444	0.001	0.007	0.001	0.004	0.002	0	0.001	0.138	0	0.002	0.04	0	0.013	0.014	0.005	0.008	0	0	0.005	0.022	0	0.005	0	0.016	0.012	0.098	0	0	0.025	0.051	0.099	0	0.145	0.042	0.041	0.013	0.107	0.038	0.067	0.025	0.015	0.001	0.024	0.056	0.013	0.011	0.196	0.012	0.011	0.014
ASV_29	2.197	13.077	1.99698078822441e-06	4.21862191512406e-05	Enriched	0.871	0.277	0.396	0.229	0.111	0.244	1.805	0.302	0.743	0.01	0.018	0.324	0.379	0.017	0.196	0.028	2.692	1.084	0.053	5.004	0.328	0.536	2.726	0.942	0.135	2.187	1.619	0.551	0.209	0.206	0.209	0.269	0.191	0.031	0.21	0.177	0.966	0.67	0.241	0.098	0.234	0.131	0.29	0.07	0.292	0.288	0.085	0.105	0.511	0.557	0.72	0.408	0.273	0.145	0.019	0.144	0.018	0.295	0.012	0.04	0.197	0.041	0.264	0.04	0.103	0.024	0.175	0.843	0.297	1.523
ASV_117	2.875	12.963	2.30650379346879e-06	4.33110156773584e-05	Enriched	0.827	0.188	0.041	0.039	0.31	0.062	0.128	0.103	1.116	0.001	0.014	0.057	0.099	0.475	8.103	0.008	1.234	0.157	0.003	0.229	0	0.032	0.001	0.04	8.641	0.023	0.328	0.249	0.011	0.305	0.708	0.889	0.112	0.024	0.031	0.029	0.023	0.059	0.21	0.011	0.421	0.247	0.098	0.007	0.042	0.795	0.023	0.035	0.118	0.052	0.276	0.138	0.059	0.109	0.023	1.164	0	0.024	0.024	0.376	0.013	0.01	0.415	0.039	0.419	0.493	0.025	0.009	0.01	0.002
ASV_24	-8.491	11.993	3.1028996996331e-06	5.24390049237994e-05	Depleted	0.001	0.436	0	0	0.003	0.004	0	0.002	0	0	0.013	0	0	0	0	0	0	0	0	0	0	0	0	0	0	0	0	0	0.003	0	0	0	0	0	0	0.014	0	0.002	0.008	0.003	0	0	0.011	0	0	0.002	0	0	0	0	0.004	0	12.141	0	0	0.005	0.005	0	0	0.016	0.003	0.001	0.012	0.067	0.362	0.639	0.243	4.791	0	0
ASV_33	-3.421	12.638	3.53074374570108e-06	5.42450630021348e-05	Depleted	0.092	0.797	0.231	0.135	0.485	0.94	0.003	0.151	0	0.134	0.034	0	0.018	0.004	0	0.001	0.023	0.067	0.011	0.005	0.001	0.015	0.022	0.005	0	0.061	0.012	0.024	0.057	0.862	0.6	1.907	0.605	0.053	0.212	5.883	0.218	0.079	0.321	0.683	0.531	0.201	4.36	0.313	0.397	0.162	1.273	11.966	0.001	0.005	0.004	0	0.096	0.007	0.014	0.003	0.077	0.052	1.735	0.048	0.301	0.091	0.03	0.082	0.061	0.11	0.028	0.031	0.017	0.003
ASV_92	-4.567	9.347	3.89076752793149e-06	5.44563826162544e-05	Depleted	0.004	0.062	0.002	0.002	0.022	0.034	0.001	0.01	0.002	0.015	0.002	0	0	0	0	0	0	0	0	0	0	0.001	0	0	0	0	0	0	0.002	0.136	0.183	0.008	0.002	0	0	0.002	0.006	0	0.003	0	0.03	0.003	0.051	0.007	0.012	0.095	0.008	0.025	0	0	0.015	0.001	0.708	0.005	0.002	0.002	0	0	0.002	0.029	0	0.021	0	0.002	0.055	0.006	0.006	1.099	0.06	0.002
ASV_101	-7.695	12.238	4.18895250894264e-06	5.44563826162544e-05	Depleted	0.004	0.604	0	0	0.069	0.013	0.004	0	0	0	0.004	0	0	0	0	0	0	0	0	0	0	0	0	0.001	0	0	0	0	0	0.014	0.002	0.006	0.002	0	0.004	0.003	0.01	0.085	0.053	0.033	0.002	0.026	0.004	1.35	0.022	0.019	22.805	0.867	0	0.007	0.004	0	0	0	0	0	0	0	0.022	0.002	0	0	0	0.006	0.005	0	0	0	0	0
ASV_20	-3.802	14.005	5.02060351304244e-06	6.06058566931552e-05	Depleted	0.134	1.363	0.176	0.132	0.396	0.246	0.028	0.703	0.027	0.218	0.104	0.001	0	0	0.003	0.178	1.245	0.001	0.012	0	0	0.016	0	0	0	0	0	0.008	0.026	0.686	1.29	0.067	0.128	0.002	0.684	0.542	0.151	0.598	0.231	0.063	0.182	0.343	0.42	0.1	0.673	0.302	0.085	0.143	0.326	1.008	0.035	0.015	7.293	0.038	0.291	0.225	13.575	0.046	12.326	0.072	0.031	0.078	2.076	0.933	1.191	0.096	0.566	7.609	2.461	0.221
ASV_67	3.358	12.325	1.39904934788256e-05	0.000141171458734291	Enriched	0.448	0.086	0.002	0.002	0.108	0.083	0.274	0.046	0.006	0.066	0.035	10.689	0.001	0.008	0.128	0.001	0.163	0	0.005	0.003	0.005	0.006	0.003	0.004	0	0	0	0	0	0.017	0.018	0.208	0.022	0	0.002	0.003	0.01	0	0.065	0.305	0.137	0.134	0.038	0.052	0.007	0.193	0.017	0.027	0.027	0.005	0.022	0.004	0.192	0.026	0.016	0.48	0	0.01	0	0.002	0.001	0.008	0.017	0.005	0.029	0.007	0.047	0.27	0.084	1.104
ASV_123	3.021	11.003	1.41961445126309e-05	0.000141171458734291	Enriched	0.284	0.048	0.257	0.055	0.047	0.024	0	0.175	0.003	0	0.001	0.131	0.013	0	0	0.184	0.455	1.615	0.045	0.066	0.051	4.049	0.071	0.134	0	0	0	0	0.016	0.117	0.013	0.004	0.132	0.105	0.156	0.065	0.05	0.004	0.296	0.267	0.08	0.062	0.007	0.002	0.025	0.007	0	0.01	0	0	0.002	0.001	0	0.01	0.033	0	0.298	0.013	0.016	0.001	0.128	0.003	0	0.005	0.046	0.001	0.004	0.003	0.007	0.029
ASV_154	2.315	12.05	1.44765770170681e-05	0.000141171458734291	Enriched	0.43	0.118	0.036	0.274	0.033	0.049	0.007	0.048	0.007	0.031	1.056	0.003	0.06	0.48	0.318	0.122	0.354	6.335	0.019	0.613	0.018	0.482	0.027	0.056	0.381	0.072	0.246	0.041	0.005	0.091	0.09	0.071	0.036	0.012	0.09	0.14	0.023	0.01	0.03	0.022	0.061	0.041	0.147	0.184	0.08	0.131	0.051	0.014	0.399	0.008	0.147	0	0.04	0.028	0.044	0.011	0.016	0.061	0.075	0.047	0.001	0.326	0.126	0.349	0.456	0.036	0.337	0.621	0.226	0.264
ASV_26	2.111	13.897	1.50360133563151e-05	0.000141171458734291	Enriched	1.572	0.508	0.214	1.278	0.258	0.301	0.123	1.23	0.404	0.007	0.093	0.55	1.211	16.011	7.746	0.022	3.138	3.364	0.361	0.16	0.263	0.347	0.243	0.179	2.726	0.084	0.487	0.084	0.109	0.256	0.402	0.635	0.261	0.175	0.883	0.283	0.132	0.172	0.822	1.138	0.262	0.314	0.165	0.256	0.214	0.264	0.053	0.085	1.646	0.251	0.16	0.09	0.111	0.183	2.775	1.305	0.649	0.061	0.103	0.774	0.041	2.097	0.177	0.101	0.132	0.317	1.447	1.245	0.267	0.51
ASV_136	3.39	12.68	2.01546912975701e-05	0.000179270675225756	Enriched	0.902	0.104	0.046	0	0	0.021	0.006	0.065	0	0.067	0.047	0.001	12.085	0.22	0	0	0.079	9.062	0.027	0.106	0.036	0.481	0.435	0.681	0	0	0	0	0	0.002	0.006	0	0.05	0.002	0	0.015	0.138	0.002	0.033	0.003	0.054	0.005	0.029	0.025	0.037	0.088	0.051	0.196	0.492	0.931	0.015	0.003	1.363	0	0.069	0.019	0.043	0.005	0.032	0.012	0.054	0.015	0.001	0.009	0.001	0.001	0.008	0.284	0.175	0.086
ASV_94	2.201	12.369	5.64905873246365e-05	0.000477345462893178	Enriched	0.419	0.182	0.104	0.115	0.044	0.237	0.473	0.233	0.126	0.021	0.048	0.021	0.003	1.901	5.87	0	0.001	0.536	0.027	0.018	0.023	0.063	0.022	0.019	0.004	0.052	0.041	0.89	0.248	0.068	0.073	0.035	0.058	0.056	0.083	0.123	0.015	0.01	0.822	0.139	0.043	0.049	0.083	0.014	0.229	0.102	0.1	0.081	0.246	0.249	0.103	0.007	0.128	1.034	0.194	0.621	0.002	0.507	0.056	0.497	0.177	0.084	0.067	0.132	0.386	0.062	0.419	0.171	0.018	0.049
ASV_61	-5.283	13.013	8.04859051693784e-05	0.00064771990350595	Depleted	0.029	0.562	0.01	0.218	0.011	0.265	0	0	0	0.007	0	0	0	0	0	0	0	0.233	0.003	0	0	0.003	0	0.004	0	0	0	0	0	0.091	0.048	1.782	0.503	0	0.635	0.145	1.098	0.087	0.013	0.005	0	0.003	0	0.263	2.239	0.438	0.002	0.409	0	0	0	0	0.002	0.007	0.016	0	0.077	0.001	15.661	0.029	0.018	0	0.001	0.005	0.002	0	0.003	0.007	0	0.009
ASV_73	-2.767	11.359	9.2570622445955e-05	0.000711110690607563	Depleted	0.048	0.366	0.055	0.122	0.446	0.299	0.018	0.082	0.066	0.043	0.001	0	0	0	0	0	0	0.006	0.019	0	0.001	0.001	0.004	0.004	0	0.013	0.001	0.056	0.15	0.036	0.039	0.019	0.341	0.085	0.239	1.72	0.063	0.186	0.043	0.223	0.284	0.611	1.103	1.169	1.89	1.712	1.236	0.074	0.116	0.129	0.11	0.069	0.002	0.201	0.544	0.861	0.772	0.01	0	0.005	0	1.147	0.013	0.017	0.016	0.001	0.01	0	0.13	0.008
ASV_120	2.997	10.922	0.000117464849586196	0.000863111286089878	Enriched	0.231	0.054	0.005	0.003	0.011	0.049	0.007	0.319	0.093	0.001	0.007	0.007	0.006	2.166	0.015	0	0	0.054	0.025	0.05	0.065	0.118	0.97	2.026	0	0	0	0	0.25	0	0	0.001	0	0	0	0.14	0.002	0.006	0.025	1.435	0.022	0.008	0	0.009	0.047	0.005	0.042	0.037	0.046	0.024	0	0	0.008	0.013	0.039	0.02	0	0.006	0	0.011	0.003	0	0	0.002	0.008	0.024	0.025	0.009	0	0.019
ASV_18	2.301	14.743	0.000132299493066158	0.000931608930340863	Enriched	1.953	0.815	0.212	2.889	0.244	0.141	11.124	8.22	14.468	0.006	0.158	3.889	1.643	0.032	5.294	0.016	0	0.003	0.102	0.084	0.048	0.269	0.249	0.138	0.282	0.457	0.764	0.043	0.064	0.065	0.376	2.133	0.249	0.005	1.246	0.296	0.44	3.455	0.14	0.599	0.661	0.526	0.614	0.22	0.18	0.712	0.023	0.014	1.137	0.107	0.05	0.923	0.056	0.742	0.248	4.427	0.039	0.907	0.038	0.098	0.004	0.062	1.375	0.165	0.081	3.037	3.82	0.494	0.437	3.962
ASV_109	-3.38	12.95	0.000151308218947984	0.00102284356008837	Depleted	0.11	0.902	0.014	0.019	0.006	0.013	0.006	0.808	0	0.004	0.017	0.025	0.042	0.006	0	0	0.005	0.001	0.001	0.001	0.014	0.131	0.015	0.049	1.65	0.007	0.022	0.013	0.005	0.018	0.017	0.025	0.022	0	0.016	0.003	0.004	0.002	0.053	0.025	0.017	0.026	0.009	0.014	0.02	0.036	0.013	0.004	0.201	1.68	0.015	0.014	28.377	0.087	0.031	0.111	0.05	3.335	0.004	0.007	0.016	0.003	0	0.006	0.105	0.085	0.271	3.126	0.014	0.019
ASV_51	2.006	13.202	0.000161156672785058	0.00104751837310288	Enriched	0.745	0.307	0.127	0.107	0.061	0.235	0.603	0.549	1.758	0.018	0.079	5.321	0.883	1.075	0.603	0.003	0.055	0.066	0.065	1.921	0.329	0.39	1.641	0.882	0.34	1.187	1.06	0.011	0.014	0.059	0.094	0.197	0.013	0.01	0.102	0.131	0.513	0.397	0.16	0.117	0.256	0.09	0.058	0.073	0.047	0.014	0.125	0.324	2.54	0.142	0.184	1.265	0.093	0.082	0.072	1.023	0.018	0.02	0.018	0.078	0.001	0.08	0.216	0.176	0.111	0.253	2.286	0.123	0.73	0.571
ASV_82	-2.662	9.437	0.000189347003777706	0.0011851719866086	Depleted	0.016	0.091	0.057	0.042	0.111	0.15	0.004	0	0	0.022	0.004	0	0	0	0	0	0	0.017	0	0	0	0.003	0	0.003	0	0	0.001	0	0.029	0.188	0.163	0.118	0.169	0	0.179	0.097	0.648	0.417	0.028	0.03	0.113	0.147	0.056	0.032	0.13	0.765	0.017	0.041	0.003	0.005	0.055	0.011	0.002	0	0.011	0.002	0.025	0.014	0.214	0.001	0.001	0.017	0.012	0.007	0.015	0.004	0.02	0.014	0	0.042
ASV_167	-3.33	9.875	0.000450914951085285	0.00272159381190761	Depleted	0.015	0.159	0.022	0.073	0.191	0.081	0.001	0.014	0	0.001	0	0	0	0.006	0	0	0	0	0.004	0	0	0.001	0	0	0	0	0	0	0.247	0.083	0.141	0.071	0.658	0	0.07	1.862	0.034	0.028	0.13	1.974	0.154	0.134	0.085	0.05	0.444	0.355	0.068	0.041	0	0.002	0.015	0	0.002	0.003	0.006	0.006	0.007	0.001	0	0.002	0.012	0	0	0	0.001	0.001	0	0	0	0
ASV_114	2.885	13.271	0.000723355964441527	0.0042154192410558	Enriched	0.817	0.136	0.13	0.01	0.003	0.013	0.006	0.002	3.545	0.001	0.013	0.599	0.086	0.006	0.003	0	0.001	0.003	0.057	4.702	1.015	0.613	3.768	1.785	0	3.205	1.196	0.482	0.016	0.002	0.004	0	0.004	0.019	0.048	0.009	0.021	0.022	0.018	0	0	0.01	0.004	0.091	0.015	0.024	0.025	0.004	0.012	0.075	0.004	4.608	0.017	0.007	0.002	0	0	0	0.004	0.034	0	0.002	0.566	0.039	0	0	0.001	0	0.004	0.005
ASV_58	-2.169	11.578	0.00074850992235158	0.0042166058959139	Depleted	0.087	0.359	0.058	0.932	0.119	0.261	0.006	0.041	0.007	0.415	0.019	0	0.003	0.006	0.004	0.001	0	0.049	0.087	0.017	0.005	0.149	0.031	0.036	0	0	0.002	0.003	0.056	0.156	0.161	0.322	0.335	0.168	0.249	0.123	0.038	0.089	0.965	0.874	0.147	0.162	0.388	0.647	0.229	0.288	0.407	7.921	0.018	0.005	0.018	0.001	0.03	0.046	0.006	0.239	0.027	0.084	0.012	0.016	0.013	0.467	0.012	0.021	0.018	0.066	0.052	0.031	0.005	0.171
ASV_72	2.335	14.348	0.000886003445726271	0.00483014781702386	Enriched	1.284	0.602	0.009	0.313	0.05	0.22	0.158	0.408	0	0.669	0.108	0.034	0.929	0.011	1.763	17.456	6.909	3.399	0.014	0.031	0.005	0.006	0.003	0.003	0.007	0.01	0.051	0.815	0	0.082	0.07	0.456	0.265	0.299	0.115	0.912	0.407	0.059	0.088	0.076	0.143	0.028	0.484	0.209	0.012	0.007	0.696	0.039	0.469	15.766	0.167	0.006	1	0.078	0.145	0.327	0	0.003	0.016	0.036	0.127	0.604	0.352	0.41	0.055	0.048	0.447	0.787	0.012	0.001
ASV_134	2.037	12.203	0.000974640636186545	0.00504951911151366	Enriched	0.327	0.187	0.033	0.089	0.114	0.051	0.015	0.065	0.01	0.024	0.011	0.001	0.063	0.026	0.071	0	0.012	0.193	6.531	0.054	0.663	0.083	0.087	0.188	0	0.072	0.05	0	0.019	0.039	0.05	0.153	0.056	0.012	0.045	0.059	0.019	0.053	1.496	0.174	0.102	0.088	0.067	0.293	0.272	0.121	0.316	0.035	0.003	1.255	0.011	0	0.005	0.069	1.127	0.235	0.084	0.061	0.004	0.016	0.004	0.582	0.007	0.036	0.029	0.043	0.048	0.013	0.02	0.749
ASV_42	-2.252	12.897	0.00100781205832801	0.00504951911151366	Depleted	0.164	0.707	0.026	0.01	0.324	0.526	0.072	1.328	0.002	0.046	0.034	0.057	0.001	0.003	0.001	0.008	0	1.236	0.023	0.117	0.01	0.023	0.004	0.053	0	0.001	0	0.363	0.175	0.686	0.209	0.194	0.054	0.041	0.031	0.219	0.465	7.812	0.115	0.245	0.234	1.049	1.56	0.066	0.254	0.376	0.085	0.134	0.018	0.09	0.779	0.003	0.165	0.015	0.927	0.038	5.545	0.108	4.618	0.02	0.79	0.154	0.251	0.032	0.125	0.205	0.057	1.604	0.01	0.138
ASV_128	-4.298	6.847	0.00101587958456488	0.00504951911151366	Depleted	0	0.016	0	0	0.008	0.002	0	0	0	0	0	0	0	0	0	0	0	0	0	0	0	0	0	0	0	0	0	0	0	0	0	0	0	0	0	0	0	0.002	0.381	0.231	0.004	0.015	0.002	0.02	0.002	0	0	0	0.001	0	0	0	0	0	0	0	0	0	0.008	0	0	0	0	0.001	0	0	0	0	0.002	0
ASV_106	2.919	13.346	0.00127783619367044	0.00617012333515154	Enriched	0.461	0.217	0	0.018	0	0.013	0.053	0.192	10.612	0	0.057	0	0.302	0.006	0.639	0.004	0.001	0	0.003	0.057	0.003	0.003	0.001	0.011	0	0	0	0	0.005	0.003	0.002	0.006	0.014	0	0.005	0	0.025	0.008	0	0.014	0.022	0.003	0.007	0.002	0.037	0.002	0.013	0.004	0.983	0.063	0.88	0	0.019	1.028	0.003	0.022	0	0.114	0.05	0.058	0.026	0.016	0.001	0	0.04	0.052	1.502	0.034	0.076	3.96
ASV_95	-3.274	12.378	0.00144430551105902	0.00678021198247151	Depleted	0.067	0.399	0.007	0.096	0.191	0.073	0.003	0.002	0	1.218	0.007	0	0	0	0.001	0	0	0	0.016	0	0	0.003	0	0.122	0	0	0	0	0.04	0.023	0.042	0.216	0.081	0.071	0.242	0.045	0.013	0.061	3.774	0.754	0.124	0.835	0.4	0.15	0.085	0.088	0.038	0.027	0	0.029	0.002	0	0.135	0	0	0	0.057	0.008	9.201	0.041	0.02	0	0.004	0.019	0.014	0.001	0.006	0.014	0.08	0
ASV_158	2.715	11.486	0.00198096068371257	0.00904817177155199	Enriched	0.316	0.071	0	0.049	0	0.011	0.036	0.005	0	0	0.004	0.748	0.36	0	0	0	0	0.053	0.123	0.176	0.111	0.141	1.118	5.206	0	0.041	0.041	0	0	0.191	0.059	0.158	0.643	0	0.018	0.092	0.004	0	0.271	0.019	0	0.008	0.004	0	0	0	0	0.002	0.857	0	0.018	0	0	0.031	0	0.03	0	0	0.002	0.007	0.001	0.045	0	0	0.04	0.025	0.043	0.177	0.238	0.01
ASV_66	-3.404	11.69	0.00226605744636674	0.0100779923272626	Depleted	0.019	0.331	0	0.062	0	0	0.036	0.007	0.013	0	0.113	0	0	0.004	0	0.083	0	0	0.004	0.003	0.004	0.007	0.055	0.107	0	0.002	0	0	0	0	0	0	0.041	0	0.025	0	0.092	0	0	0.008	0.002	0	0.011	0	0	0	0.174	0.165	0.577	0.002	0	0.018	0.002	0.002	0.005	0.005	0.002	0	0.03	11.162	0.007	0.001	0.032	0.277	0.02	1.072	0.024	0.016	0.041	0.072
ASV_116	-2.113	11.227	0.00250852630692974	0.0108702806633622	Depleted	0.079	0.364	0.296	0.294	0.842	0.263	0.004	0.002	0.001	0.197	0.001	0	0	0.001	0	0	0	0.007	0.005	0.039	0.001	0.003	0.008	0.023	0	0.007	0.011	0.048	0.037	0.556	0.213	0.85	0.117	0.121	0.077	0.099	0.323	0.273	0.053	0.06	0.496	2.621	0.35	3.49	1.708	1.61	1.298	0.035	0.003	0.024	0.004	0.244	0.003	0.008	0.003	0.002	0.002	0.001	0.022	0.012	0.004	0.364	0.004	0.101	0.013	0	0.013	0.023	0.033	0.01
ASV_21	-2.209	12.709	0.00338304862262331	0.0142933804305835	Depleted	0.219	0.834	1.844	1.888	0.357	0.314	0	1.105	0.002	0.049	0.008	0	0.013	0	0	0.012	0.003	0.02	0.014	0.008	0.015	0.01	0.003	0.012	0	0	0.011	0.001	0.096	9.327	7.176	2.49	0.359	0.082	0.691	2.729	0.054	0.138	0.398	1.838	0.544	1.606	0.368	0.402	0.312	0.755	1.05	0.642	0.183	0.044	0.002	0.01	0.002	0.219	0.028	1.598	0.007	0.029	0.008	0.009	0	1.458	0.016	0.005	0.009	0.007	0.27	0.048	0.005	0.009
ASV_36	-1.8	12.388	0.00373115059449538	0.0153796207431639	Depleted	0.204	0.68	0.468	0.937	0.498	0.648	0.013	1.475	0.006	0.582	0.012	0.006	0.001	0.006	0.009	0	0.067	0.195	0.02	0.003	0.009	0.192	0	0.017	0	0	0.001	0.133	0.219	0.617	0.721	1.327	0.364	1.124	0.372	0.254	0.237	0.192	0.564	2.271	0.451	0.536	0.208	6.931	0.741	1.029	0.817	6.277	0.045	0.02	0.031	0.021	0.051	0.168	0.031	0.25	0.155	1.451	0.03	0.028	0.117	0.492	0.017	0.03	0.006	0.064	0.068	0.085	0.004	0.151
ASV_31	1.605	13.375	0.0042110161496919	0.016944326888046	Enriched	1.035	0.435	0.24	0.292	0.033	0.09	0.09	1.424	0.276	0	0.203	0.515	1.938	0.001	7.005	0.019	5.336	0.001	0.055	0.07	0.17	0.274	0.07	0.189	7.736	0.167	0.656	0.056	0.051	0.082	0.347	0.273	0.056	0.039	0.095	0.089	0.138	0.02	0.205	0.052	0.063	0.072	0.036	0.023	0.062	0.102	0.083	0.091	0.714	0.213	0.079	0.075	0.094	5.504	0.527	1.623	0.073	0.14	0.185	0.869	0.048	0.067	0.087	0.097	1.506	1.194	1.2	1.215	0.535	0.237
ASV_126	1.804	11.698	0.00444037950770744	0.0174146882631988	Enriched	0.242	0.106	0.06	0.003	0.017	0.013	0.099	0.014	1.26	0	0.025	1.166	0.019	0.199	0.001	0.077	0.015	0.01	0.011	0.639	0.017	1.432	0.017	0.004	0.269	0.126	0.446	0.363	0.073	0.003	0.006	0.001	0.011	0.003	0.007	0.005	0.023	0.012	0.038	0.016	0.063	0.015	0.02	0.005	0	0.012	0.004	0.006	0.025	1.815	0.011	0.011	0.061	0.003	0.011	0.002	0.032	0.017	0.095	0.041	0.578	0.017	0.737	0.109	0.367	0.001	0.014	0.071	0.026	0.081
ASV_140	-2.073	9.435	0.00462874009381953	0.0174146882631988	Depleted	0.025	0.106	0.07	0.042	0.1	0.387	0.004	0.01	0	0.015	0.007	0	0	0	0	0	0	0	0	0	0	0	0.001	0.008	0	0	0.015	0.001	0.065	0.021	0.044	0.018	0.128	0	0.081	0.815	0.029	0.012	0.035	0.553	1.277	0.049	0.527	0.025	0.182	0.091	0.04	0.002	0.003	0.039	0.07	0.004	0.003	0.007	0.156	0.003	0.007	0.009	0.002	0.02	0.015	0.017	0	0.004	0.004	0.102	0.004	0.001	0	0
ASV_157	2.425	11.272	0.00463704717067424	0.0174146882631988	Enriched	0.173	0.054	0.038	0.029	0.003	0.004	0.003	0	0.384	0.001	0.002	2.085	0.003	0	0.004	0	0.004	0	0.014	0.043	0.41	0.029	1.061	0.273	0	0.083	0.021	0	0.042	0.003	0.002	0	0	0.014	0.004	0.028	0.184	0.01	0.013	0.003	0.011	0.003	0.002	0	0.007	0.017	0.206	0.229	0.001	0.002	0.004	0.914	0.005	0	0	0.002	0.002	0.003	0	0.515	0	0	0.036	0.005	0	0	0	0	0.001	0
ASV_148	-4.133	10.515	0.0063277609540516	0.0232476435051026	Depleted	0.01	0.108	0.002	0	0	0.002	0.001	0.216	0	0	0.038	0	0.001	0	0	0	0	0	0	0.004	0	0	0	0	0	0	0	0	0.003	0.002	0	0	0	0	0	0	0	0	0	0	0	0	0.002	0.007	0.002	0	0.004	0	0.165	0.356	0.002	3.872	0	0.015	0.008	0.002	0	0.03	0	0	0.001	0	0	0.001	0	0	0	0	0.017	0.035
ASV_151	-2.601	11.043	0.00664808381534173	0.0239048120168671	Depleted	0.06	0.287	0.005	1.283	0.039	0.098	0.004	0.005	0.006	0.031	0.001	0	0	0	0	0	0	0	0.018	0	0	0.067	0	0	0	0	0.002	0	0.025	0.203	0.141	1.97	0.164	0.068	0.465	0.022	0.046	0.099	1.744	0.093	0.074	0.162	0.06	1.632	0.095	0.305	0.327	4.262	0	0.002	0	0.01	0	0.02	0.002	0.003	0.014	0.042	0	0.004	0.003	0.001	0	0.001	0	0	0	0	0	0.017
ASV_5	-1.481	14.454	0.00749210585503451	0.0263784560312673	Depleted	0.592	2.421	0.766	2.048	1.85	2.618	0.518	0.23	0.052	0.105	0.205	0.028	0.035	0.006	0.004	0.352	0	0.408	0.2	0.075	3.02	0.486	0.133	2.007	0	0.049	0.133	0.062	0.456	0.682	1.554	1.945	1.416	0.72	1.465	1.408	3.812	2.358	1.734	3.022	1.545	3.111	3.86	11.417	6.04	6.059	1.589	8.64	4.745	0.046	0.551	0.332	0.39	0.451	1.694	0.277	1.193	0.518	0.089	1.234	0.158	20.557	0.118	1.138	0.55	1.169	0.161	0.604	2.075	0.788
ASV_16	-2.746	13.816	0.00777215824048336	0.0268060151559528	Depleted	0.321	1.168	4.716	0.125	0.102	2.05	0.003	0.134	0	1.176	0.002	0	0	0	0	0.007	0	0	0.001	0.003	0.001	0.007	0	0.009	0	0.001	0.004	0	0.423	8.612	6.077	0.852	0.169	1.031	0.145	0.197	0.059	0.348	1.128	0.991	0.756	0.642	0.902	0.458	2.107	3.63	0.095	0.343	0.004	0.542	0.004	0	0.003	0.002	0.013	0.002	0.009	0	19.29	0.117	0.092	0	0	0.002	0	0	0	0	0.001	0.006
ASV_44	-1.459	10.59	0.00867572605323359	0.0293239540599295	Depleted	0.054	0.173	0.507	0.127	0.1	0.141	0.012	0.01	0.002	0.025	0.016	0.011	0.001	0.001	0.034	0.04	0.14	0.01	0.007	0.033	0.006	0.039	0.045	0.032	0	0	0	0.074	1.63	0.086	0.029	0.015	0.378	0.066	0.323	1.004	0.006	0.126	0.251	0.125	0.514	0.088	0.411	0.023	0.097	0.031	0.008	0.134	0.004	0.039	0.768	0.008	0.046	0.003	0.017	0.006	0.041	0.216	0.081	0.039	0.015	0.016	0.045	0.074	0.026	0.003	0.008	0.198	0.262	0.012
ASV_93	-1.643	10.491	0.0102388928838169	0.0339288803404914	Depleted	0.057	0.226	0.149	0.417	0.299	0.214	0.003	0.002	0	0.251	0.049	0.003	0.009	0.01	0	0.013	0	0.033	0	0.027	0	0.001	0.001	0.001	0	0	0	0	0.04	0.018	0.044	0.037	0.2	0.063	0.246	0.063	0.054	0.399	3.493	0.103	0.241	0.178	0.181	0.247	1.9	0.45	0.297	0.345	0.009	0.005	0.02	0.004	0.04	0.003	0.003	0.023	0.05	0.067	0.016	0.015	0.004	0.01	0.027	0.259	0.009	0.045	0.005	0.013	0.254	0.01
ASV_144	-2.163	9.917	0.0118965277184922	0.0386637150850996	Depleted	0.026	0.123	0.082	0.041	0.055	0.118	0.004	0	0	0.355	0	0	0	0	0	0	0	0.004	0.001	0	0	0.009	0	0.009	0	0	0.001	0	0.002	0.006	0.006	0.191	0.146	0.141	0.047	0.731	0.004	0.002	0.479	0.049	0.225	0.157	0.362	0.186	0.04	0.045	0.668	1.225	0	0.003	0.29	0	0.002	0	0.006	0	0.046	0	0.026	0.011	0.007	0	0.012	0.014	0.015	0.001	0.001	0.001	0	0
ASV_207	1.703	10.523	0.0154072288859397	0.0491287109759209	Enriched	0.107	0.064	0	0.003	0.003	0	0.048	0	0	0	0.119	0	0	0.177	0.015	0.031	0.258	0.034	1.636	0.088	0.018	0.149	0.014	0.016	0.002	0	0	0.185	0.012	0.005	0	0	0.002	0.003	0.002	0	0.034	0.265	0.09	0.005	0.002	0.034	0.004	0	0.002	0.141	0.002	0.002	0.013	0.014	0.077	0	0.135	0.002	0.011	0.147	0.039	0.902	0.008	0.014	0.003	0.027	0.051	0.152	0.183	0.094	0.092	0.066	0.002	0.049
ASV_124	1.437	11.894	0.0169871045809221	0.053163345818071	Enriched	0.21	0.141	0.118	0.083	0.039	0.041	0.178	0.043	1.625	0	0.031	0.015	0.058	1.122	0.712	0.011	0.013	0.161	0.018	0.866	0.062	0.029	0.055	0.099	0	0.04	0.005	0.042	0.067	0.029	0.061	0.11	0.034	0	0.036	0.038	0.044	0.132	0.203	0.025	0.08	0.059	0.04	0.014	0.052	0.012	0.047	0.029	0.009	0.423	0.338	0.208	0.147	0.137	0.005	0	0	0	0.016	0.148	0.013	0.339	1.165	0.161	0.047	0.129	0.381	0.77	0.02	0.351
ASV_74	-1.639	11.165	0.0178252555247459	0.0547721487942192	Depleted	0.091	0.254	0.317	0.283	0.969	0.122	0.009	0.01	0	0.024	0.001	0	0	0.03	0	0	0	0.001	0.094	0.008	0.003	0	0.004	0.009	0	0	0	0.475	1.34	0.05	0.097	0.057	0.504	0.019	0.332	1.551	0.061	0.079	0.085	0.577	0.325	0.817	0.232	0.15	0.456	0.379	0.231	0.029	0.001	0.152	0.037	0	0.015	0.021	0.014	0.092	0.061	0.003	0.008	0.011	0.114	2.399	0.036	0.031	0.08	0.015	0.02	0.006	0.151	0.012
ASV_69	-1.6	13.247	0.0186071187363553	0.0561536261865008	Depleted	0.26	0.749	0.281	0.151	0.047	0.049	0.034	0.655	0.415	0	0.029	0.267	0.074	3.015	0.013	0	0.052	0	0.008	0.006	0.043	0.09	0.064	0.18	0.671	0.137	0.37	0.103	0.019	0.108	0.174	0.047	0.049	0.048	0.291	0.119	0.029	0.022	0.04	0.06	0.065	0.031	0.009	0.039	0.04	0.071	0.068	0.008	0.149	0.068	0.075	12.444	0.26	0.549	1.463	0.455	0.027	0.6	0.006	0.18	0.48	0.139	2.92	1.008	0.176	0.074	8.54	0.172	0.065	0.292
ASV_143	-1.802	10.573	0.0216598958734918	0.0642196912740371	Depleted	0.059	0.21	0.007	0.614	0.136	0.182	0.004	0.062	0.001	0.489	0	0	0	0	0	0	0	0.003	0.01	0.003	0.003	0	0.001	0	0	0	0	0.025	0.045	0.086	0.149	0.241	0.25	0.002	0.513	0.045	0.065	0.055	0.093	1.868	0.137	0.16	0.402	0.774	1.05	0.876	0.087	0.008	0.001	0.014	0.015	0	0.003	0.007	0.492	0.045	0.744	0.078	0	0	0.001	0.443	0.007	0.004	0.013	0.014	0.014	0	0	0
ASV_59	1.389	12.676	0.0222120684716305	0.0647213719259577	Enriched	0.572	0.32	0.063	0.068	0.058	0.171	10.297	0.201	0.041	0	0.168	0.025	0.248	0.966	0.676	0.001	0.96	0.387	0.037	0.057	0.01	0.079	0.039	0.026	0	0.016	0.006	0.259	0.088	0.012	0.084	0.119	0.088	0.036	0.054	0.052	0.092	0.004	3.228	0.152	0.033	0.031	0.127	0.03	0.14	0.045	0.168	0.064	0.53	0.301	0.224	0	0.182	0.52	0.069	0.557	0	0.001	0.103	1.528	0.127	0.094	0.07	0.442	0.031	3.384	0.241	0.176	0.037	0.169
ASV_80	3.55	11.449	0.0229065009265789	0.0652520977318084	Enriched	0.489	0.04	0.003	0.006	0	0.002	0.006	0	0	12.7	0	0	0	0	0	0	0	0	0	0	0	0	0	0	0	0	0	0	0	0.421	0.116	0.008	0.002	0	0.023	0	0.008	0	0	0	0.002	0	0	0.005	0	0	0.004	0	0	1.091	0	0	0	0	0	0	0	0	0.002	0	0	0	0	0.001	0	0	0	0	0	0
ASV_57	1.853	12.354	0.0231664252302278	0.0652520977318084	Enriched	0.733	0.145	0.075	0.003	0.086	0.002	0.003	0.108	0	0	0.005	0	3.382	0.122	0	0.012	6.32	0.01	0.061	0.086	0.046	8.635	0.042	0.048	0	0	0	0	0.002	0.003	0.004	0	0.038	0.003	0.02	0.165	0.002	0	0.03	0.044	0.063	0.072	0.002	0	0.002	0.174	0	0.002	0.168	0.005	0.002	0.039	0.192	0	0.366	0.022	0.018	0.006	0.643	0.18	0.196	0	0	0.016	0.062	0.035	0.052	2.822	0.016	0.63
ASV_90	-1.337	11.282	0.0262659462952618	0.0727695889163809	Depleted	0.079	0.237	0.067	0.065	0.102	0.1	0.501	0.393	0.001	0.004	0.223	0.143	0	0.03	0.001	0.004	0.246	0	0.053	0.052	0	0.044	0.004	0.001	0	0	0	0.017	1.117	0.011	0.02	0.004	0.074	0.019	0.343	0.246	0.017	0.038	0.193	0.025	0.065	0.052	0.058	0.043	0.16	0.145	0.047	0.188	0.04	0.144	0.312	0.056	1.429	0.011	0.177	0.033	0.36	1.385	0.052	0.069	0.07	0.018	0.021	0.327	0.245	0.713	0.113	1.334	0.055	0.138
ASV_83	-1.684	11.114	0.0274179922160883	0.0747361400728857	Depleted	0.104	0.327	0.503	1.086	0.701	0.237	0.003	0.062	0	0	0	0	0	0.001	0	0	0.003	0	0.016	0	0	0.004	0.006	0.007	0	0.031	0.001	0.034	0.499	0.03	0.229	0.11	0.598	0.014	0.269	0.904	0.103	0.138	0.008	0.022	0.915	3.273	0.556	0.665	2.07	0.517	2.397	0.087	0.001	0.002	0.035	0.034	0	0.002	0.006	0.023	0.077	0	0.004	0.012	0.003	0.038	0.015	0.009	0.004	0.007	0.008	0.002	0.026	0.006
ASV_110	1.366	12.114	0.0286203660043896	0.0767752675355849	Enriched	0.394	0.183	0.067	0.006	0.014	0.019	6.764	0.036	0.148	0.008	0.041	0.074	0.508	0.22	0.004	0.001	0.494	0.019	0.003	0.024	0.034	0.632	0.109	0.045	0.038	0.468	0.394	0.064	0.043	0.006	0.018	0.011	0.052	0.056	0.009	0.109	0.01	0.014	0.025	0.022	0.017	0.018	0.004	0.005	0.002	0.067	0.004	0.01	0.024	0.098	0.033	0.11	1.236	0.015	0.044	0.013	0.002	0.169	0.024	0.216	3.305	0.022	0.161	0.097	1.434	0.011	0.008	0.021	0.116	0.003
ASV_156	-2.696	9.923	0.0311336666820246	0.0805805347219926	Depleted	0.029	0.144	0.002	0.006	0.017	0.707	0.003	0	0	0	0	0	0.001	0	0	0	0	0	0	0.001	0.001	0.003	0	0	0	0	0	0	0	0	0	0	0.007	0.048	0.005	0.04	0.002	0.113	1.431	0.038	0.052	0.232	0.647	1.593	0.01	0.048	1.72	0.025	0	0	0.004	0	0	0	0	0	0	0	0.04	0	0	0	0	0.005	0	0	0	0	0	0
ASV_65	1.089	12.747	0.0314434893544467	0.0805805347219926	Enriched	0.662	0.358	0.313	0.425	0.033	0.047	0.533	0.532	0.133	0	0.034	0.429	3.415	7.038	0.093	0	0.019	0.255	0.022	1.073	0.064	0.229	0.214	0.175	0.692	0.211	0.529	0.712	0.186	0.297	0.253	0.11	0.169	0.51	0.337	0.2	0.143	0.016	0.293	0.063	0.061	0.046	0.036	0.068	0.065	0.179	0.142	0.033	0.93	0.129	0.108	0.937	1.02	0.703	0.675	0.369	0.041	1.428	0.002	1.049	0.282	0.082	0.131	0.216	1.816	0.034	1.244	0.07	0.08	0.502
ASV_131	-2.727	10.172	0.0314693212523758	0.0805805347219926	Depleted	0.019	0.198	0	0	0.147	0.12	0	0	0	0.193	0.004	0	0	0	0	0.036	0	0	0	0	0	0	0	0	0	0	0	0	0	0.002	0.002	0.003	0.002	0	0.004	0.002	0.013	0	0.403	7.411	0.089	0.126	0.002	0.009	0.112	0	0.004	0.002	0	0.002	0	0	0	0	0	0	0	0	0.036	0.001	0.001	0.002	0	0.001	0	0	0.006	0	0.005	0.081
ASV_25	1.383	14.18	0.0324488718231823	0.0818486468375792	Enriched	0.857	0.969	0.293	0.448	3.977	0.722	0.185	0.055	0.003	0.106	0.601	0.031	0.001	0.053	0.001	14.709	0.005	0.351	0.556	0.079	0.008	0.006	0.004	0.005	0	0	0	0.07	0.678	0.056	0.099	0.075	0.459	0.041	0.899	1.712	0.199	0.158	0.413	2.129	2.282	2.186	1.051	1.511	1.354	1.941	11.067	1.165	0.051	0.098	0.652	0.128	1.189	0.057	0.055	0.185	0.346	2.274	0.095	0.019	0.035	0.049	2.462	0.732	0.248	0.129	0.086	1.057	1.108	0.183
ASV_177	-1.451	9.743	0.0356391966837748	0.0885738858758521	Depleted	0.029	0.074	0.086	0.013	0.042	0.015	0.013	0.206	0.001	0	0.006	0	0	0	0	0.02	0.218	0	0.003	0.013	0.003	0.004	0.006	0.117	0	0	0	0	0.043	0.339	0.169	0.064	0.018	0.01	0.004	0.012	0.017	0.018	0.003	0	0.063	0.015	0.029	0.027	0.04	0.019	0.136	0.008	0.012	0.044	0.007	0.004	0.02	0.026	0.106	0.05	1.124	0.036	0.002	0.009	0.003	0.106	0.227	0.021	0	0	0.005	0.002	0.002	0.262
ASV_52	1.29	13.118	0.0391795956848886	0.0957324963965617	Enriched	0.548	0.422	0.125	0.075	0.025	0.068	0.095	0.468	0.007	0.054	0.456	0.161	0.001	0.852	0.044	0.023	0.264	0.004	11.214	0.048	0.059	0.066	0.062	0.064	0	0	0.001	0.025	0.419	0.021	0.04	0.001	0.101	0.077	0.084	0.094	0.069	0.525	0.008	0.011	0.02	0.08	0.047	0.016	0.065	0.372	0.023	0.244	0.131	1.268	0.208	0.48	0.331	1.898	0.097	3.646	0.205	3.611	0.002	0.104	0.356	0.305	0.165	0.254	0.513	0.934	0.073	0.137	0.198	0.491
ASV_1	-1.042	16.262	0.039652513300351	0.0957324963965617	Depleted	3.761	8.24	13.375	10.78	5.455	11.016	0.352	0.839	0.042	9.19	4.258	0.091	17.509	0.073	1.777	0.184	11.853	0.645	2.035	1.311	0.188	1.611	0.516	0.195	0.254	0.698	2.843	0.699	20.94	14.534	17.989	15.468	40.208	42.028	16.461	12.272	5.755	3.044	5.257	5.004	21.615	3.428	17.792	4.993	6.509	7.374	11.856	19.01	0.112	1.453	20.029	0.29	2.889	0.235	0.649	0.437	5.904	0.557	4.516	0.261	1.085	0.339	2.901	6.844	1.658	0.158	0.201	1.55	2.032	0.446
ASV_37	-1.518	12.456	0.0411229130015046	0.0978841168627363	Depleted	0.252	0.52	1.341	0.297	4.331	0.047	0.029	0.005	0.002	0.013	0.002	0.199	0.003	0	0	0	0	0.004	0.001	0.013	0.071	0.041	0.014	0.02	0	0.076	0.024	0.02	0.217	0.021	0.055	0.039	0.18	0.126	0.264	0.16	0.193	0.059	0.286	0.496	0.707	0.647	0.567	0.683	0.803	0.569	0.019	0.05	0.004	0.024	0.02	0.234	0.019	0.003	0.016	0.005	0.036	0.005	0.077	0.071	15.008	0.01	0.016	0.021	0.027	0.013	0.011	0.008	0.002	0.065
ASV_169	-1.58	8.944	0.0431167938995064	0.101204696791897	Depleted	0.024	0.055	0.005	0.026	0.125	0.361	0	0.086	0	0.004	0.002	0	0.003	0	0	0	0	0.011	0	0	0	0	0.001	0	0	0	0	0	0.003	0.044	0.092	0.162	0.029	0	0.023	0.337	0.006	0.077	0.02	0.117	0.05	0.149	0.38	0.009	0	0.257	0.008	0.204	0	0	0	0	0.012	0.003	0.008	0	0.043	0.01	0.149	0.037	0.051	0.009	0.001	0.001	0.011	0.014	0.001	0.001	0.001	0
ASV_149	-1.418	10.64	0.0468729599776764	0.108201015959091	Depleted	0.075	0.154	0.82	0.346	0.028	0.436	0.01	0	0	0.001	0.01	0	0.051	0	0	0.001	0.147	0.066	0.019	0	0	0.001	0	0.004	0	0.015	0.006	0	0.022	0.056	0.084	0.157	0.495	3.212	0.224	0.083	0.015	0.014	0.068	0.084	0.176	0.052	0.094	0.436	0.217	0.162	0.093	0.031	0.165	0.002	0.237	0	0.003	0.018	0.005	0.011	0.034	0.005	0.002	0.008	0.054	0.01	0.002	0.009	0.034	0.001	0.056	0.015	0.001	0.008
ASV_63	-1.159	11.356	0.047377959650726	0.108201015959091	Depleted	0.133	0.301	0.44	0.507	0.194	0.147	0.01	1.499	0.012	0.304	0.004	0.006	0.003	0	0.025	0	0.044	0.043	0.087	0.006	0.01	0.068	0.025	0.028	0	0	0.001	0	0.026	0.136	0.251	1.551	0.137	1.056	0.169	0.263	0.113	0.168	0.439	0.133	0.113	0.268	0.152	3.145	0.581	1.074	0.297	0.737	0.016	0.01	0.037	0.008	0.024	0.1	0.028	0.034	0.068	0.091	0.06	0.04	0.098	1.02	0.007	0.049	0.013	0.041	0.028	0.022	0.009	0.022
ASV_147	-1.252	10.38	0.0556503056322054	0.125398688691236	NotSig	0.061	0.175	0.231	0.328	0.354	0.15	0.003	0.007	0.002	0.165	0.007	0	0.004	0.001	0	0	0	0.168	0.023	0.033	0.003	0.004	0.004	0.048	0.002	0.022	0.01	0.006	0.053	0.594	0.149	0.465	0.108	0.276	0.059	0.042	0.078	0.063	0.073	0.338	0.254	0.729	0.098	1.945	0.359	0.962	0.134	0.006	0	0.032	0	0.072	0	0.02	0	0	0	0.003	0.002	0.006	0.015	0.221	0.002	0.13	0.004	0.01	0.023	0.014	0	0.013
ASV_118	-1.733	12.288	0.0613807281010447	0.136491355908902	NotSig	0.126	0.508	0	0	0.003	0.25	0.06	0.379	0.014	0	0.127	0	0.472	0	0.001	0	0	0.472	0.026	0.956	0.013	0.435	0.029	0.038	0	0	0	0	0	0.012	0.033	0.017	0	0	0	0	0.021	0.047	0.003	0.003	0	0.188	0.163	0.007	0.05	0.043	0.011	0.016	0.165	0.002	0.02	0.003	0.002	13.178	0.119	0.239	0	0	0.064	0.369	0.022	0.016	0.004	0.017	0.035	2.443	0.127	2.971	0.079	0.839
ASV_17	-0.963	11.474	0.069180960807494	0.148766321214646	NotSig	0.134	0.29	0.091	0.166	0.114	0.594	0.061	0.007	0.09	1.042	0.018	0.011	0.026	0	0.021	0.009	0.184	0.094	0.004	0.061	0.009	0.769	0.013	0.008	0	0.011	0.071	0.021	0.039	0.121	0.149	0.128	0.841	0.036	0.178	0.103	0.134	1.722	1.684	0.52	0.134	0.258	0.451	0.15	0.214	0.457	0.108	0.378	0.013	0.156	1.224	0.011	0.749	0.003	0.011	0.016	0.23	0.097	0.911	0.039	0.194	0.016	0.022	0.082	0.335	0.004	0.022	0.027	0.113	0.088
ASV_4	-1.037	14.218	0.0694314800269925	0.148766321214646	NotSig	1.12	2.363	0.856	4.704	10.376	4.79	0.464	0.698	0.023	1.849	0.138	0.004	0	0.105	0.134	0.012	0	0.107	0.548	0.128	0.084	0.951	0.147	0.168	0.002	0	0	2.824	2.036	0.527	0.615	0.209	2.593	1.391	8.563	2.191	1.098	1.357	3.962	4.773	5.014	10.057	3.893	1.747	9.03	7.481	1.529	0.506	0.147	0.511	2.354	0.079	0.132	0.511	6.101	2.393	0.64	0.161	0.062	0.293	0.096	6.335	0.274	8.547	0.901	0.418	0.171	0.1	0.43	0.009
ASV_28	-3.497	13.878	0.0702873441462078	0.148766321214646	NotSig	0.124	1.398	0	0	0	0	0.098	0	0	0	0.936	0	0	0	0	0	0	0	0.004	0.089	0.011	2.084	0.004	0	0	0	0	0	0	0	0	0	0	0	0	0	0	0	0	0	0	0	0	0	0	0	0	0	0	0	0	0	0	0.005	0	0	0	0	0	0.275	0	0.002	0.001	0.531	0.989	55.504	0.953	0.459	0.006	0.003
ASV_54	1.032	12.822	0.0712179109757223	0.148766321214646	NotSig	0.605	0.41	0.115	0.112	0.1	0.092	0.641	0.626	1.439	0.011	0.127	0.013	0.003	7.76	0	0	0.083	0.412	0.045	0.01	0.014	0.019	0.015	0.175	3.055	0.106	0.556	0.193	0.065	0.352	0.387	0.053	0.05	0.017	0.061	0.123	0.143	1.626	0.09	0.144	0.102	0.317	0.011	0.034	0.115	0.262	0.197	0.07	0.98	0.149	1.417	0.004	0.037	2.454	0.755	2.541	0.153	1.295	0.018	0.084	0.012	0.017	0.478	0.193	0.014	0.334	1.622	0.198	0.047	0.179
ASV_129	1.102	11.963	0.071502101174311	0.148766321214646	NotSig	0.358	0.162	0.247	0.102	0.03	0.06	0.006	0.055	0.001	0.001	0.004	0.067	0.392	0.048	0.01	0	1.176	3.937	0.01	0.012	0.06	0.258	0.099	0.305	0.014	0.129	0.102	2.175	0.016	0.033	0.101	0.024	0.02	0.066	0.039	0.092	0.027	0.087	0.07	0.103	0.087	0.031	0.051	0.027	0.065	0.198	0.002	0.014	0.03	0.042	0.011	0	0.11	0.011	0.025	0.166	0.018	0.03	0.03	0.012	0.016	2.693	0.008	0.024	0.053	0.022	0.152	1.856	0.005	0.319
ASV_46	-1.146	11.506	0.0721824753822545	0.148766321214646	NotSig	0.166	0.333	0.861	1.398	0.584	0.173	0.012	0.945	0.017	0.127	0.006	0	0.006	0	0.029	0	0.025	0.003	0.1	0	0.004	0.001	0	0.004	0	0	0.014	0.003	0.248	0.417	0.27	0.416	0.213	0.652	0.58	1.041	0.132	0.49	0.163	0.515	0.431	1.198	0.1	0.558	0.414	0.707	3.875	0.128	0.311	0.12	0.097	0.001	0.007	0.083	0.042	0.103	0.041	0.069	0.018	0.012	0.004	0.422	0.012	0.014	0.004	0.036	0.024	0.006	0.001	0.007
ASV_152	0.897	11.264	0.0791885525341126	0.1593365250674	NotSig	0.221	0.148	0.053	0.023	0.105	0.1	0.01	0.017	0.001	0.497	0.277	0.078	0.031	0.475	0.004	0.007	0.019	0.16	0.056	0.372	0.079	2.798	0.357	0.06	0.054	0.003	0.029	0.092	0.161	0.017	0.099	0.026	0.124	0.206	0.093	0.283	0.019	0.138	0.193	0.09	0.141	0.036	0.132	0.061	0.09	0.074	0.066	0.087	0.003	0.171	2.563	0.03	0.098	0.003	0.013	0.002	0.219	0.075	0.111	0.015	0.301	0.016	0.015	0.253	0.099	0.007	0.004	0.027	0.018	0.058
ASV_38	1.035	13.468	0.0791968526962225	0.1593365250674	NotSig	0.485	0.467	0.211	0.177	0.039	0.122	0.444	0.125	5.139	0.008	0.089	2.386	0.046	1.583	0.456	0.059	0.013	0.024	0.027	0.073	0.515	0.124	0.185	0.395	0.182	0.142	0.037	0.006	0.191	0.009	0.037	0.046	0.065	0.301	0.208	0.037	0.071	0.071	0.454	0.106	0.056	0.044	0.02	0.025	0.354	0.164	0.074	0.05	0.301	0.555	0.16	1.47	0.197	0.142	0.042	0.504	0.052	0.043	0.004	3.208	0.458	0.159	5.657	0.425	0.138	0.654	0.39	0.087	0.453	2.118
ASV_130	-1.046	10.41	0.0836039773789839	0.165102010803672	NotSig	0.064	0.145	0.116	0.268	0.307	0.079	0.01	0.007	0.002	0.637	0.098	0.001	0	0.035	0	0.001	0.003	0.003	0.052	0.008	0.001	0.01	0.014	0.011	0.002	0	0.001	0	0.091	0.023	0.385	0.101	0.204	0.238	0.093	0.528	0.059	0.063	0.085	0.052	0.273	0.327	0.105	0.011	0.095	0.091	0.049	0.128	0.006	0.03	2.348	0.001	0.04	0.007	0.006	0.005	0.039	0.001	0.064	0.032	0.028	0.005	0.032	0.282	0.036	0.001	0.003	0.002	0.119	0.008
ASV_14	-0.985	14.055	0.0847272103531458	0.165102010803672	NotSig	0.628	1.339	0.545	0.828	0.066	0.083	4.146	1.072	0.491	0.001	0.32	1.765	1.258	1.333	0.009	0.005	0.204	0.02	0.031	0.04	0.081	1.532	0.038	0.171	1.473	0.172	0.212	0.44	0.668	0.086	0.268	0.291	0.18	0.293	0.578	0.303	0.145	0.03	0.293	0.101	0.078	0.108	0.056	0.111	0.125	0.288	0.293	0.105	1.811	0.688	0.182	10.092	1.587	1.41	1.244	0.371	0.061	2.263	0.03	1.392	1.632	0.21	3.947	0.691	5.308	0.396	9.885	0.648	0.626	7.346
ASV_8	-0.983	14.168	0.0849933428397599	0.165102010803672	NotSig	0.859	1.625	1.461	1.262	0.385	0.547	0.152	2.535	0.001	0	0.284	0.003	0.037	0.389	0.003	0.028	0.004	0.031	0.1	0.164	1.038	1.541	0.55	2.874	5.655	1.016	2.224	0.042	0.065	2.025	1.613	1.114	0.218	0.054	0.497	0.676	0.312	0.136	0.792	1.331	0.488	0.503	0.473	0.835	0.611	0.798	0.229	0.206	1.138	0.088	0.312	0.035	0.73	0.82	1.435	8.962	0.184	8.221	0.083	3.104	0.124	0.382	0.062	0.197	0.544	0.294	13.889	5.908	5.974	2.803
ASV_87	0.854	12.468	0.0921670136133937	0.177002560234813	NotSig	0.513	0.343	0.3	0.244	0.169	0.182	0.006	1.055	0.012	0.039	0.188	0.041	2.447	0.026	0.001	0.009	0.057	0.003	0.07	0.084	0.787	1.135	0.525	3.316	2.357	0.167	0.108	0.01	0.098	0.08	0.235	0.42	0.016	0.061	0.029	0.049	0.782	0.115	0.113	1.133	0.327	0.284	0.045	0.118	0.067	0.524	0.032	0.048	0.947	1.045	0.162	0.083	0.993	0.381	0.186	2.674	0.02	1.036	0.067	0.067	0.426	0.046	0.007	0.07	0.053	0.266	0.264	0.175	0.098	0.753
ASV_122	-0.993	10.141	0.0946896385787374	0.179803920447265	NotSig	0.042	0.101	0.039	0.015	0.055	0.038	0.2	0.082	0.049	0	0.023	0.001	0	0.4	0.012	0.001	0	0	0.005	0.003	0	0.06	0	0.004	0.063	0	0.02	0.014	0.078	0.041	0.031	0.003	0.038	0.092	0.045	0.005	0.008	0.196	0.053	0.054	0.102	0.052	0.06	0.039	0.055	0.141	0.013	0.002	0.009	0.042	0.169	0.249	0.046	0.013	0.045	0.002	0.03	0.004	0.022	0.062	0.168	0.098	0.001	0.157	1.365	0.015	0.471	0.041	0.018	0.091
ASV_41	-0.905	10.93	0.112672079203503	0.211456881756789	NotSig	0.081	0.172	0.116	0.115	0.075	0.028	0.051	0.01	0.044	0.281	0.061	0.003	0	0	0.024	0.131	0	0.063	0.016	0.006	0.004	0.306	0.008	0.004	0	0.007	0.725	0.041	0.037	0.089	0.161	0.098	0.405	0.019	0.165	0.035	0.046	0.916	0.145	0.256	0.035	0.121	0.031	0.107	0.057	0.191	0.017	0.054	0.028	0.061	1.841	0.004	0.121	0.002	0.009	0.005	0.533	0.017	0.637	0.016	0.012	0.001	0.176	0.268	0.208	0.036	0.115	0.099	0.023	0.034
ASV_77	-0.991	10.77	0.11386139786904	0.211456881756789	NotSig	0.1	0.236	0.158	0.843	0.471	0.186	0.007	0.002	0.001	0.717	0.023	0.003	0.003	0.008	0	0.012	0	0.04	0.004	0.106	0.001	0.007	0.001	0	0	0	0	0	0.047	0.05	0.017	0.018	0.15	0.085	0.33	0.168	0.122	0.883	1.797	1.171	0.243	0.193	0.176	0.506	0.663	0.845	0.036	0.066	0.004	0.059	0.044	0.001	0.066	0.011	0.005	0.006	0.043	0.074	0.006	0.023	0.018	0.013	0.053	1.77	0.018	0.045	0.005	0.007	0.07	0.008
ASV_188	0.932	10.94	0.119601047311749	0.219701923866148	NotSig	0.128	0.109	0.005	0.01	0.017	0.009	0.133	0.012	0.007	0.039	0.022	0.001	0.044	0.003	1.011	0.235	0.122	0.037	0.064	0.29	0.006	0.117	0.008	0.001	0	0.006	1.073	0.07	0.002	0.009	0.002	0.012	0.016	0.003	0.007	0.012	0.031	0.535	0.018	0.035	0.009	0.067	0.018	0.007	0.007	0.071	0.015	0.025	0.007	0.044	2.264	0.01	0.013	0.003	0.008	0.038	0.264	0.038	0.042	0.034	0.055	0.027	0.221	0.357	0.033	0.003	0.005	0.028	0.177	0.017
ASV_115	-1.021	9.607	0.12510564985387	0.225457876393147	NotSig	0.047	0.087	0.043	0.174	0.695	0.1	0	0	0.008	0.035	0.001	0	0	0.01	0	0	0	0.006	0.001	0	0	0.001	0	0.007	0	0	0	0.131	0.016	0.024	0.046	0.032	0.072	0.077	0.097	0.005	0.082	0.322	0.12	0.387	0.15	0.16	0.076	0.227	0.242	0.152	0.897	0.039	0.088	0.002	0	0.003	0	0.008	0.016	0.086	0.023	0.03	0.02	0.02	0.02	0.001	0.001	0.001	0.022	0.032	0.008	0.016	0.002	0.024
ASV_50	-1.283	10.426	0.125402605804472	0.225457876393147	NotSig	0.068	0.12	0.101	0.013	0.014	0.827	0.025	0.079	0	0.584	0.01	0	0	0	0	0	0	0.098	0	0.003	0	0.001	0	0.005	0	0	0	0	0.008	0.449	0.356	0.01	0.025	0	0.004	0.253	0.036	0	0	0	0.158	0.005	0.172	0.032	0.262	0.169	0.053	0.14	0.003	0.046	0.061	0	0.25	0.106	0	0	0.007	0	0.004	0.009	0.001	0.007	0.007	0.302	0.052	0.01	0.02	1.916	0.081	0.007
ASV_125	-1.578	9.806	0.157056434734519	0.279395131264565	NotSig	0.017	0.07	0.003	0	0	0	0.022	0	0.004	0.006	0.02	0.007	0	0.133	0.001	0	0	0.001	0.224	0.003	0	0.007	0	0	0	0	0	0.004	0.009	0	0	0	0	0	0.002	0.003	0	0	0.025	0	0	0	0	0	0.002	0.002	0	0	0.001	0.019	0.022	0	0.094	0	0	0	0	0	0.03	2.152	0.003	0.026	0.464	0.031	0.011	0	0	0.001	0.021	0.003
ASV_47	-0.927	9.328	0.15896602674863	0.279846442922067	NotSig	0.034	0.077	0.048	0.201	0.078	0.107	0	0	0	0.379	0.001	0	0	0.001	0	0	0	0.001	0.034	0.012	0.001	0.003	0.001	0.007	0	0.002	0	0.007	0.048	0.017	0.053	0.012	0.344	0.061	0.217	0.031	0.082	0.138	0.063	0.939	0.052	0.039	0.078	0.098	0.379	0.205	0.187	0.058	0.004	0.002	0	0.003	0	0.002	0.002	0	0.002	0.008	0.012	0.011	0.004	0.008	0.011	0.014	0.005	0.001	0.004	0.01	0.034	0.005
ASV_62	-0.861	12.646	0.164414728155975	0.283601116141724	NotSig	0.263	0.547	0.17	0.148	0.03	0.021	1.674	0.321	0.045	0	0.08	0.541	0.544	0.238	0	0	0.007	0.007	0.007	0.015	0.193	0.268	0.08	0.289	1.207	0.289	0.441	0.214	0.057	0.024	0.053	0.017	0.014	0.024	0.151	0.079	0.05	0.014	0.193	0.046	0.03	0.041	0.013	0.034	0.02	0.131	0.04	0.021	2.973	0.159	0.204	0.107	0.256	0.819	0.467	9.427	0.112	0.891	0.016	0.245	0.893	0.05	0.025	0.148	0.094	0.31	4.276	0.072	0.098	0.266
ASV_111	-0.852	9.677	0.164455085099935	0.283601116141724	NotSig	0.039	0.081	0.003	0.179	0.199	0.107	0.012	0.043	0.001	0	0.01	0	0	0	0	0	0.001	0.026	0.15	0.003	0.001	0.009	0.01	0.032	0	0	0	0.224	0.014	0.803	0.11	0.137	0.285	0.022	0.129	0.034	0.029	0.008	0.023	0.019	0.141	0.198	0.022	0.018	0.202	0.281	0.004	0	0.003	0.014	0.013	0.006	0.042	0.057	0.02	0.016	0	0.001	0.02	0.079	0.061	0.225	0.002	0.071	0.019	0.067	0.156	0.01	0.007	0.015
ASV_91	1.036	11.602	0.168800076801788	0.286893129218607	NotSig	0.261	0.147	0.007	0.058	0.008	0.908	0.023	0.094	0.001	0.004	0.006	0.119	0.004	0	0	0.001	0	0.004	0.068	0.061	0.439	0.089	0.409	4.386	0.003	0.047	0.002	0.036	0.006	0	0	0.003	0	0.005	0.14	0	0.103	0.531	0.01	0.046	0.093	0.054	0.033	0.095	1.127	0.055	0	0.004	0.553	0.015	0.029	2.641	0.002	0.054	0.216	0.058	0.002	0.243	0	0.015	0	0.001	0	0.001	0.002	0.015	0.005	0.013	0.001	0.007
ASV_199	1.248	11.803	0.169759248058348	0.286893129218607	NotSig	0.395	0.143	0.007	0.003	0	0	0.006	0.002	0	0	0.026	0	0.003	0.075	0.003	0	0.043	0.006	0.033	0.086	0.098	6.541	0.701	0.331	0	0.011	0.025	2.277	0	0	0	0	0.002	0	0.009	0	0.002	0.036	0.008	0.016	0	0.003	0	0	0	0.007	0.002	0.002	0.001	0.183	0.033	0.001	0.015	0.002	0.002	0	0	0	0.062	0.036	4.795	0.007	0.01	0.22	0.024	0	0.018	0.048	0.031	0.432
ASV_108	-0.913	9.218	0.17440804599345	0.291831284880129	NotSig	0.035	0.08	0.005	0.463	0.127	0.214	0.001	0.005	0.001	0.025	0	0	0.004	0	0	0.039	0	0.006	0.004	0.006	0.005	0.009	0.003	0.004	0	0	0	0	0.033	0.003	0.006	0.001	0.205	0.012	0.404	0.108	0.017	0.087	0.128	0.016	0.169	1.521	0.232	0.061	0.07	0.081	0.011	0.006	0	0.005	0.004	0	0.003	0.002	0.002	0.002	0.02	0.004	0.012	0.004	0.044	0.003	0.045	0.015	0.011	0.007	0.001	0.002	0.001	0
ASV_121	-0.752	9.266	0.176287308598719	0.292083874050819	NotSig	0.03	0.078	0.079	0.026	0.152	0.085	0.018	0.002	0	0.127	0.04	0.001	0	0.001	0	0.003	0.007	0.011	0.03	0.048	0.009	0.015	0.001	0.019	0	0.001	0	0.103	0.025	0.006	0.037	0.008	0.074	0.005	0.022	0.336	0.344	0.192	0.058	0.125	0.13	0.608	0.074	0.048	0.658	0.181	0.053	0.047	0.06	0.003	0.024	0.015	0.003	0.005	0.002	0.022	0.016	0.022	0.004	0.004	0.02	0.021	0	0.002	0.007	0	0.003	0.005	0.016	0.005
ASV_137	0.922	11.076	0.18590647430759	0.305031011242551	NotSig	0.144	0.106	0.026	0.013	0	0.004	0.044	0.002	0.004	0	0.065	0.138	0.084	1.402	0.36	0.231	0.04	0.304	0.014	0.629	0.041	0.201	0.085	0.026	0	0.011	0.021	0	0.006	0	0.009	0	0.009	0.003	0.014	0.003	0.015	0.034	0.115	0.003	0.009	0.005	0.002	0	0.007	0.033	0.008	0.014	0.004	0.008	0.105	0.034	0.003	0	0.008	0	0.005	0	0.022	0.078	0.001	0.144	0.331	1.713	0.634	0.015	0.009	0.394	0.628	0.01
ASV_9	-0.648	14.539	0.188595337781898	0.30619616044819	NotSig	1.19	2.173	2.666	0.89	0.186	0.293	0.241	2.585	0.06	0.028	0.148	0.471	0.931	0.792	0.403	0.003	1.789	1.933	0.138	0.831	0.529	6.011	0.743	4.725	0.602	0.778	0.557	2.6	0.74	1.402	1	1.309	0.652	0.84	0.384	0.582	0.499	1.663	0.807	0.577	0.355	0.49	0.616	0.545	0.604	0.876	0.498	0.14	9.594	25.887	1.744	0.784	3.041	10.42	0.819	2.853	0.963	12.256	0.133	0.189	0.95	0.16	0.139	0.217	0.941	0.048	0.958	1.632	0.93	2.048
ASV_159	-0.729	10.845	0.190240218029941	0.30619616044819	NotSig	0.089	0.141	0.113	0.068	0.028	0.058	0.012	0.01	0.003	0	0.061	0.021	0.099	0.984	0.001	0.004	0.18	0.097	0.023	0.003	0.006	0.162	0.001	0.013	0.053	0.053	0.251	0.007	0.023	0.012	0.068	0.04	0.256	0.034	0.074	0.243	0.002	0.02	0.2	0.038	0.013	0.015	0.045	0.014	0.022	0.052	0.004	0.043	0.006	0.056	0.518	0.024	0.349	0.01	0.03	0.017	0.125	0.013	0.306	0.027	0.004	0.485	0.552	0.882	0.799	0.042	0.011	0.295	0.15	0.014
ASV_6	-0.874	13.798	0.196573004566281	0.313404129921712	NotSig	1.019	1.596	3.293	3.202	2.645	11.033	0.015	0.41	0.002	5.377	0.041	0.001	0.018	0.001	0	0.042	0.144	0.026	0.001	0.058	0.001	0.146	0.021	0.021	0	0	0	0.007	1.137	7.563	1.793	12.769	0.418	0.424	6.348	0.465	3.167	1.811	0.168	0.841	0.652	1.881	8.302	1.911	1.82	4.542	0.67	4.921	0.006	0.335	1.112	0.01	0.211	0.021	0.014	0.045	0.05	0.231	0.294	0.085	0.387	0.009	0.196	0.228	0.039	0.008	0.193	0.044	0.017	1.904
ASV_76	0.667	12.706	0.207455188167751	0.32523857586387	NotSig	0.376	0.401	0.185	0.265	0.332	0.152	0.074	0.307	0.022	0.032	0.028	0.036	0.424	0.008	0.041	0	0.357	0.029	4.712	0.151	0.92	0.264	0.151	0.36	0.016	0.426	0.43	0.067	0.071	0.048	0.117	0.208	0.112	0.262	0.19	0.071	0.038	0.065	0.534	0.506	0.277	0.258	0.21	1.282	0.347	0.455	0.206	0.054	0.502	3.238	0.046	0.021	0.029	0.075	0.675	0.518	0.112	0.987	0.044	0.054	0.022	2.995	0.011	0.08	0.141	0.041	0.193	0.369	1.061	0.313
ASV_119	0.898	12.035	0.209718903355712	0.32523857586387	NotSig	0.29	0.193	0.065	0.005	0.017	0.004	0.013	0.005	0.003	0.036	0.017	0.078	0.001	0.046	0	0.007	0.077	1.598	0.034	0.251	0.986	0.121	0.775	0.5	0	0.103	0.04	2.754	0.005	0.002	0	0.001	0	0.087	0.011	0	0.004	0.095	0.028	0.035	0.028	0.008	0	0.002	0.01	0.036	0.008	0.01	0.027	0.078	0.044	0.103	0.04	0.002	0.003	0	0.005	0.041	0.139	0.051	5.435	0.449	0.018	0.402	0.25	0.006	0.029	0.029	0.044	0.545
ASV_60	0.842	12.469	0.209769258989123	0.32523857586387	NotSig	0.332	0.261	0.226	0.244	0.025	0.141	0.257	0.022	1.839	0.011	0.018	0	0.122	0.046	0	0	0	0.003	0.03	0.094	0.075	0.16	0.918	1.86	0.473	0.64	1.434	0	0.591	0.161	0.45	0.051	0.016	0.048	0.016	0.36	0.048	0	0.471	0.169	0.011	0.003	0.049	0.027	0.022	0.01	0.036	0.012	0.772	0.157	0.812	1.913	0.034	0.167	0.017	0.025	0.025	0.024	0	0.019	0.003	0.048	2.62	0.047	0.002	0.011	0.035	0.053	0.02	1.624
ASV_55	-0.691	11.567	0.212942161586697	0.326637983351958	NotSig	0.122	0.275	0.128	0.071	0.449	0.246	0.08	0.329	0.014	0.176	1.453	0.001	0	0.015	0.001	0.011	0.007	0.003	0.042	0.015	0.017	0.074	0.004	0.029	0	0	0	0.014	0.533	0.018	0.013	0.014	0.065	0.112	0.106	0.065	0.063	0.172	0.266	0.67	0.26	0.217	0.19	0.247	0.666	0.512	0.214	0.822	0.034	0.014	0.171	0.084	0.604	0.008	0.209	0.027	0.105	0.088	0.099	0.152	0.473	0.249	0.079	0.206	1.74	0.294	0.205	0.079	0.687	0.711
ASV_7	0.674	14.93	0.214537373680872	0.326637983351958	NotSig	1.613	1.605	0.952	0.58	0.294	0.511	3.51	4.211	7.542	0.001	0.371	2.612	0.268	0.163	2.323	0.001	0.191	0.068	0.566	0.466	0.861	1.301	6.23	5.342	0.596	1.723	1.238	0.021	0.147	0.326	0.734	0.777	0.139	0.024	0.838	0.291	2.236	3.038	0.699	0.207	1.931	0.742	0.304	0.068	0.342	1.134	0.766	1.07	0.806	0.588	0.731	20.903	0.493	1.227	4.56	0.818	0.442	0.212	0.067	7.038	0.174	0.237	2.338	0.714	1.463	0.08	2.492	0.232	2.102	3.889
ASV_84	-0.944	10.608	0.225979816737371	0.340987402041212	NotSig	0.103	0.222	0.07	0.089	2.29	0.107	0.006	0.012	0	0.006	0.002	0	0	0.003	0	0	0	0	0.078	0.001	0	0	0	0	0	0	0	0.006	0.313	0.02	0.026	0.018	0.353	0.002	0.162	2.188	0.067	0.051	0.108	0.958	0.739	1.704	0.451	0.132	0.392	0.712	0.431	0.01	0.003	0.005	0.206	0.001	0.002	0.054	0.066	0.03	0.009	0.003	0.002	0.058	0.001	0.032	0.001	0.012	0.005	0	0.001	0.002	0.002	0
ASV_30	-0.771	12.069	0.240970677493245	0.360389774304056	NotSig	0.309	0.442	1.87	0.83	0.122	3.892	0.023	0.034	0.002	0.007	0.081	0	0	0	0	0	0.021	0.076	0.02	0.403	0.028	0.492	0.039	0.072	0	0	0	0.01	0.36	2.679	2.136	0.671	0.029	0.138	0.176	0.088	0.421	0.101	0.205	0.204	1.034	0.103	0.993	0.045	1.551	0.045	0.303	1.809	0.103	0.015	3.432	0.014	0.177	0.015	0.009	0.022	0.153	0.006	0.012	0.048	0.247	0.055	0.01	0.762	0.018	0	0.038	0.219	0.034	0.101
ASV_96	-1.18	9.714	0.249306148991949	0.369585431400346	NotSig	0.023	0.08	0	0.005	0.003	0	0.553	0.005	0.013	0	0.004	0	0	0	0.001	0	0	0	0	0	0.003	0	0.003	0.007	0.001	0	0.002	0	0.002	0.002	0	0.011	0	0	0	0.003	0	0.002	0.003	0	0.002	0	0	0.002	0	0.002	0	0	0.004	0.332	2.508	0.013	0.025	0.201	0.002	0.019	0	0.001	0	0.005	0	0.049	0.063	0.067	0	0.038	0.006	0.001	0	0.014
ASV_70	0.8	10.344	0.258193028247831	0.379431493685943	NotSig	0.087	0.097	0.17	0.159	0.302	0.135	0.001	0	0.002	0.081	0	0.354	0	0	0.001	0	0	0.029	0.007	0.012	0.416	0.309	0.15	0.05	0	0.08	0	0	0.085	0.003	0.009	0.007	1.42	0.049	0.345	0.146	0.34	0.043	0.058	0.376	0.113	0.021	0.02	0.395	0.302	0.076	0.011	0.027	0.004	0.02	0	0.079	0.005	0.007	0	0.002	0.011	0.1	0	0.002	0.001	0.001	0.001	0.001	0	0	0	0.005	0.004	0.003
ASV_142	-0.902	9.521	0.274568335197658	0.400017660762105	NotSig	0.021	0.054	0.003	0.002	0.033	0.002	0.225	0.026	0.006	0	0.014	0.007	0	0.01	0.179	0	0	0	0	0	0.001	0	0	0	0.014	0	0.001	0.01	0.003	0	0	0	0.002	0.003	0	0.099	0	0	0.013	0.019	0.069	0.034	0	0	0.007	0.002	0	0.017	0.015	0.025	0.013	0	0.391	0.01	0.014	0.146	0.025	0.003	0.06	0.125	0.018	0	0.005	0.037	0.029	0.372	0.098	0.604	0	0.003
ASV_78	0.611	11.378	0.281022449279953	0.405921315626599	NotSig	0.207	0.156	0.142	0.083	0.086	0.509	0.022	0.014	0.007	0.446	0.014	0.011	0.004	0.001	0.001	0.044	0.32	0.245	0.025	1.667	0.048	0.69	0.208	0.772	0	0.003	0	0.017	0.095	0.238	0.086	0.082	0.022	0.151	0.163	0.034	0.019	0.184	0.115	0.057	0.098	0.072	0.138	0.03	0.1	0.141	0.091	0.097	0.073	0.286	1.738	1.412	0.302	0.002	0.008	0	0.039	0.278	0.01	0.014	0.012	0.016	0.006	0.072	0.156	0.004	0.013	0.059	0.027	0.013
ASV_22	-0.664	12.888	0.295918355921184	0.423495232710473	NotSig	0.331	0.597	0.086	0.17	0.814	0.342	0.172	0.297	0.017	0.017	0.026	0.042	0	0.044	0	0.003	0	2.063	1.366	0.013	0.006	0.052	0.049	0.168	0	0	0	2.852	0.257	0.3	0.809	0.044	0.151	0.316	0.237	0.419	0.036	0.043	0.19	0.517	0.932	0.492	0.284	0.104	0.551	0.634	0.07	0.052	0.076	0.168	0.287	0.111	0.518	0.06	0.316	0.116	0.096	0.01	1.038	0.896	0.536	6.95	0.035	0.351	0.086	0.243	6.49	0.066	0.106	0.073
ASV_35	-0.717	12.28	0.298200785162996	0.423495232710473	NotSig	0.312	0.461	0.317	0.287	0.042	0.045	0.216	1.954	0.001	0	0.101	0.101	0.169	0.632	0	0	0.033	0.009	0.01	0	0	0.001	0	0	2.372	0.107	0.963	0.756	0.169	0.023	0.134	0.173	0.13	0.017	0.104	0.67	0.019	0.032	0.035	0.057	0.048	0.052	0.02	0.011	0.077	0.091	0	0.01	0.195	0.269	4.908	0.508	0.078	5.079	1.977	3.225	0.294	0.023	0.008	0.575	0.001	0.019	0.004	0.046	0.062	0.034	0.011	0.035	0.064	0.067
ASV_135	-0.831	9.47	0.310686377538012	0.437549981699367	NotSig	0.057	0.081	0.058	0.096	0.089	1.154	0.009	0.012	0	0	0.001	0	0.001	0	0	0	0.015	0.04	0	0	0	0	0	0	0	0	0	0	0.022	0.074	0.347	1.54	0.029	0.005	0.023	0.003	0.069	0.028	0.01	0	0.462	0.165	0.145	0.059	0.172	0.029	0.055	0.025	0.015	0.012	0.031	0.003	0.005	0.011	0.002	0	0	0	0.002	0.001	0.003	0.01	0.004	0.012	0	0	0.006	0.005	0	0
ASV_113	0.467	12.127	0.317515533850731	0.440002753780376	NotSig	0.323	0.31	0.312	0.203	0.08	0.088	1.467	0.748	0.082	0	0.078	1.266	0.224	0.252	0.004	0	0.017	0.029	0.01	0.125	0.064	1.235	0.164	0.496	0.553	0.311	0.294	0.288	0.096	0.344	0.266	0.225	0.085	0.23	0.07	0.131	0.096	0.251	0.353	0.155	0.115	0.155	0.109	0.07	0.04	0.171	0.112	0.05	0.897	0.835	0.125	0.251	0.832	1.813	0.2	0.423	0.05	1.525	0.012	0.253	0.412	0.053	0.012	0.148	0.775	0.049	0.66	0.088	0.175	0.326
ASV_10	1.309	13.081	0.317635124030804	0.440002753780376	NotSig	0.638	0.482	0	0.006	0	0	9.066	0	0	0	2.013	0	0	0	0	0	0	0	1.589	1.178	0.973	0.584	0.413	0.542	0.111	0.037	0.057	0.024	0.002	0.011	0.073	0.004	0	0.043	0	0.003	0	0.008	0	0	0	0	0	0	0	0	0	0	0	0	0	0	0	0	0	0	0.009	0.001	0.012	1.431	0	0.005	0	18.63	0	0	0	0	0.004	0
ASV_210	0.692	11.421	0.328545987956975	0.451416845241698	NotSig	0.101	0.128	0.003	0.003	0.019	0.036	0.179	0.139	1.261	0	0.055	0	0	0.004	0.359	0	0.216	0.007	0.041	0.019	0.014	0.039	0.01	0.011	0	0	0	0.208	0.002	0.008	0.004	0.007	0	0.002	0.002	0.006	0	0.002	0.221	0.003	0.061	0.023	0.004	0.014	0.082	0.098	0.04	0.01	0.077	0.044	0.059	0.251	0.025	0.051	0.081	0.26	0.005	0.004	0.008	0.106	0.155	0.084	1.216	0.065	0.021	1.907	0.098	0.07	0.197	0.009
ASV_32	-0.529	11.347	0.338071453315403	0.460758674276638	NotSig	0.169	0.226	1.175	0.227	0.183	0.526	0.035	0.132	0.033	0.156	0.03	0	0.001	0	0	0.005	0.433	0.068	0.01	0.064	0.009	0.032	0.031	0.017	0	0.003	0.007	1.205	0.017	0.158	0.077	0.051	0.899	0.407	0.422	0.753	0.197	0.069	0.882	0.204	0.479	0.137	0.609	0.086	0.312	0.514	0.078	0.324	0.001	0.076	0.02	0.001	0.037	0.002	0.014	0.017	0.139	0.042	0.879	0.03	0.114	0.18	0.388	0.114	0.307	0.027	0.022	0.288	0.103	0.008
ASV_15	-0.525	13.226	0.344093516456008	0.465214434248523	NotSig	0.4	0.805	0.548	0.195	0.05	0.073	4.985	0.669	0.691	0.001	0.406	0.355	0.074	0.237	0.038	0.003	0.204	0.011	0.003	0.01	0.029	0.417	0.034	0.11	0.953	0.093	0.066	0.148	0.102	0.103	0.468	0.055	0.097	0.233	0.244	0.217	0.082	0.016	1.694	0.095	0.093	0.052	0.087	0.066	0.05	0.164	0.059	0.093	0.98	0.269	0.239	0.397	0.479	2.465	3.007	2.685	0.257	1.344	0.038	2.667	1.644	0.118	0.087	2.032	1.479	1.24	0.735	0.193	0.604	6.785
ASV_56	-0.613	11.968	0.361154014166743	0.484404987255394	NotSig	0.283	0.377	0.039	0.161	0.111	0.024	0.139	6.1	0.002	0.003	0.066	0.064	0.093	0.091	0	0.001	0	0.013	0.001	0	0.005	0	0.001	0.007	0	0.001	0.086	0.341	0.409	0.006	0.017	0.024	0.164	0.031	0.549	0.128	0.029	0	0.03	0.076	0.054	0.093	0.047	0.027	0.02	0.024	0.055	0.021	0.152	0.347	0.25	0.068	0.024	5.153	3.19	0.423	1.097	1.524	0.083	0.978	0.101	0.013	0.038	0.067	0.016	0.203	0.144	0.081	0.022	0.045
ASV_40	0.451	11.943	0.370538735266116	0.493079104409241	NotSig	0.258	0.254	0.171	0.268	0.227	0.248	0.026	0.101	0.017	1.113	0.267	0.018	1.07	0.263	0.129	0.759	0.256	0.722	0.03	0.08	0.009	0.773	0.015	0.015	0	0.007	0.01	0.117	1.199	0.045	0.117	0.111	0.6	0.359	0.28	0.579	0.042	0.002	0.413	0.074	0.323	0.126	0.188	0.064	0.232	0.229	0.055	0.211	0.012	0.325	0.68	0.004	0.897	0.003	0.044	0.094	0.551	0.116	0.532	0.021	0.035	0.201	0.135	0.407	0.411	0.004	0.022	0.249	0.665	0.015
ASV_141	-0.522	11.005	0.379037839954996	0.500448398065581	NotSig	0.086	0.17	0.017	0.062	0.781	0.036	0.006	0.055	0.01	0	0.024	0.003	0.001	0.387	0	0.047	0	0.014	0.031	0.004	0.445	0.01	0.034	0.14	0	0.002	0.061	0.062	0.154	0.003	0.02	0.079	0.018	0.066	0.086	0.025	0.128	0.014	0.363	0.406	0.121	0.26	0.109	0.411	0.167	0.033	0.178	0.068	0.037	0.012	0.037	0.024	0.066	0.098	0.028	1.228	0.066	0.203	0.002	0	0.092	0.218	0.001	0.004	0.107	0.024	0.056	0.024	0.821	1.3
ASV_23	-0.423	13.547	0.396615586904011	0.519597164238588	NotSig	0.644	1.031	1.67	0.781	0.097	0.167	0.083	2.383	0.02	0	0.136	0.288	0.105	0.664	0.098	0	1.095	4.034	0.082	0.218	0.294	0.352	0.242	1.664	0.94	0.411	0.267	0.65	0.592	0.418	0.938	0.992	0.148	0.493	0.409	0.33	0.434	0.751	0.569	0.112	0.173	0.18	0.138	0.613	0.267	0.393	1.813	0.196	13.127	0.269	1.815	0.843	0.683	3.831	0.402	2.986	0.781	3.66	0.105	0.113	0.901	0.113	0.056	0.181	0.248	0.098	0.421	0.766	1.053	0.88
ASV_870	-0.528	10.133	0.407079621546718	0.529203508010734	NotSig	0.085	0.142	0.026	0.05	1.603	0.152	0.016	0.084	0	0.001	0.006	0	0.005	0.001	0	0	0	0.023	0.059	0	0.003	0.003	0	0	0	0	0	0.19	0.039	0.005	0.015	0.008	0.083	0.007	0.133	0.186	0.031	0.093	0.133	0.536	0.735	1.273	0.292	0.077	0.574	0.481	0.07	0.012	0.006	0.029	0.044	0	0.04	0.046	0.269	0.156	0.018	0.005	0.004	0.018	0.031	0.054	0.008	0.062	0.021	0.032	0.303	0.002	0.005	0.012
ASV_43	0.388	12.756	0.429982194460867	0.554709853922798	NotSig	0.37	0.475	0.341	0.797	0.321	0.464	0.06	0.23	0.004	0.2	1.819	0.007	1.137	0.192	0.378	1.262	0.186	0.163	1.371	0.147	0.009	0.191	0.014	0.023	0.108	0.004	0.032	0.151	0.622	0.126	0.295	0.307	0.541	3.127	0.722	0.767	0.157	0.053	0.824	0.558	0.501	0.572	0.509	1.076	0.247	0.369	1.476	0.157	0.027	0.291	0.663	0.017	0.211	0.047	0.1	0.08	0.849	0.098	0.474	0.107	0.085	0.203	1.083	1.894	0.249	0.022	0.038	0.223	0.172	0.026
ASV_220	-0.366	10.015	0.439492204797841	0.562683201597236	NotSig	0.066	0.098	0.125	0.479	0.097	0.152	0.035	0.01	0.002	0.109	0.152	0	0.077	0.004	0.01	0.001	0.127	0.024	0.02	0.121	0.004	0.038	0.015	0.004	0.005	0.005	0.051	0.053	0.14	0.071	0.103	0.067	0.229	0.196	0.621	0.055	0.029	0.01	0.241	0.063	0.186	0.054	0.147	0.098	0.287	0.138	0.076	0.244	0.004	0.01	0.138	0.001	0.39	0.015	0.005	0.006	0.046	0.008	0.077	0.016	0.025	0.007	0.032	0.124	0.122	0.001	0.008	0.008	0.02	0.003
ASV_104	0.474	11.87	0.488778470531034	0.621079409922893	NotSig	0.447	0.294	0.072	0.193	0.008	0.038	0.064	0.098	0.002	0	0.002	0	0.068	0.108	0	0.009	0.004	0	0	0.29	0.003	0.026	0.003	0.004	9.844	0.025	0.469	0.289	0.2	0.07	0.191	0.103	0.074	0.014	0.075	0.031	7.247	0.593	0.877	0.035	0.089	0.064	0.018	0.275	0.045	0.179	0.032	0.004	0.048	0.01	0.031	0.015	0.002	0.091	0.08	1.311	0.007	0	0.002	0.281	0.003	0.008	0.017	0.014	0.008	0.165	0.038	0.008	0.004	0.012
ASV_64	0.783	12.983	0.510184363106758	0.643441472873449	NotSig	0.879	0.403	1.447	0.081	0.008	1.567	0.012	0	0	19.713	0.006	0	0	0	0	0	0.004	0	0	0.003	0	0.001	0	0	0	0	0	0	0.011	1.594	0.593	0.039	0.106	13.198	0.086	0.014	0.006	0	0.008	0	0.011	0.049	0.15	0.007	0.14	0	0.002	0.194	0	0.674	0.002	0	0.007	0	0	0	0	0	0.006	0.004	0	0	0	0.009	0	0	0	0.001	0	0
ASV_99	0.453	11.282	0.522816734255871	0.64905834678261	NotSig	0.188	0.152	0.086	0.057	0.039	0.169	0.047	0.067	0.079	0.008	0.047	0.126	0	3.728	0.001	0.001	0	0.006	0	0	0	0.001	0	0	0.011	0	0.006	0.412	0.079	0	0	0	0.031	0	0.029	0.211	0.034	0.071	0.09	0.038	0.028	0.034	0.011	0.02	0.155	0.136	0.083	0.07	0.031	0.027	0.031	0.051	0.221	0.415	0.009	0.3	0	0.001	0.014	3.164	0.133	0.037	0.059	0.166	0.016	0.039	0.115	0.368	0.036	0.036
ASV_27	0.354	13.217	0.523578516047115	0.64905834678261	NotSig	0.499	0.634	0.19	0.247	0.061	0.088	0.318	0.686	0.016	0.001	0.273	0.243	0.108	0.071	5.304	0.136	0.319	0.113	0.029	0.192	0.033	0.058	0.02	0.295	1.194	2.036	0.925	0.029	0.174	0.082	0.169	0.336	0.034	0.005	0.115	0.229	0.578	0.04	0.426	0.057	0.111	0.046	0.02	0.02	0.115	0.195	0.059	0.064	1.975	0.393	0.171	0.252	0.165	6.125	1.553	0.164	0.221	0.276	0.028	0.428	0.007	1.423	0.064	0.187	0.229	2.828	4.613	1.668	0.346	0.629
ASV_39	0.403	13.396	0.526159724906613	0.64905834678261	NotSig	1.087	0.871	0.286	0.541	0.402	0.182	0.144	0.096	0.029	0.001	0.026	0.062	0.031	0.457	0.218	0	0	0	0.031	4.713	0.019	0.042	0.045	0.053	20.043	0.046	0.482	0.315	0.206	0.491	1.453	6.35	0.598	0.102	0.185	0.115	8.962	1.335	2.173	0.074	1.246	0.572	0.038	1.604	0.529	1.381	0.076	0.002	0.076	0.017	0.075	0.003	0.01	0.408	0.063	1.898	0.016	0.029	0.03	4.471	0.012	0.009	0.013	0.106	0.019	0.502	1.152	0.014	0.14	0.028
ASV_97	0.265	11.914	0.56167545629016	0.687848928355341	NotSig	0.271	0.308	0.438	0.14	0.114	0.485	0.013	0.468	0.01	0.003	0.036	0.021	0.755	0.073	0.016	0	0.016	0.06	0.029	0.049	0.524	0.265	0.217	1.726	0.333	0.443	0.319	0.502	0.047	0.355	0.218	0.505	0.059	0.068	0.092	0.099	0.291	0.12	0.326	0.869	0.228	0.204	0.194	0.229	0.192	0.591	0.221	0.058	1.056	0.08	0.14	0.149	0.12	1.786	0.159	1.027	0.064	1.808	0.008	0.048	0.282	0.049	0.005	0.062	0.145	0.187	0.307	0.162	0.09	0.219
ASV_103	0.278	11.237	0.606566194061625	0.737479761125285	NotSig	0.195	0.159	0.036	0.057	0.072	0.028	0.019	0.276	0.04	0	0.055	0.001	0.257	0.069	0	0.004	0.502	0.054	0.014	0.04	0.047	0.023	0.064	0.443	0.818	0.673	1.122	0.348	0	0.015	0.105	0.191	0.023	0.009	0.048	0.02	0.31	0.168	0.095	0.068	0.106	0.093	0.045	0.005	0.132	0.217	0.023	0.01	0.724	0.117	0.022	0.063	0.02	0.078	0.013	0.172	0.002	0.001	0.012	0.033	0.013	0.043	0.757	0.099	0.04	0.274	2.053	0.181	0.058	0.234
ASV_200	-0.27	11.146	0.612026637369849	0.738803583682175	NotSig	0.137	0.233	0.142	0.183	0.21	0.348	0.035	0.07	0.009	0.006	0.01	0	1.759	0	0.003	0.003	0	0.047	0.008	0.018	0.237	0.061	0.02	0.313	0	0.007	0.045	0.041	0.042	0.13	0.196	0.227	0.139	0.056	0.235	0.142	0.321	0.142	0.749	0.626	0.167	0.242	0.42	1.142	0.479	0.717	0.138	0.25	1.573	0.007	0.059	0.021	0.02	0.273	0.22	0.066	0.13	0.128	0.002	0.042	0.022	0.066	0	0.041	0.083	0.027	0.03	0.016	0.342	0.043
ASV_79	-0.247	11.429	0.631304428948885	0.756669847463557	NotSig	0.149	0.246	0.039	0.309	0.097	0.701	0.045	0.002	0.01	1.325	0.074	0	0.029	0.004	0.046	0.375	0.055	0.405	0.093	0.008	0.013	0.159	0.003	0.036	0.001	0.005	0.022	0.007	0.04	0.115	0.321	0.451	0.445	0.76	0.233	0.114	0.025	0.158	0.378	0.109	0.661	0.17	0.313	0.325	0.299	0.114	0.339	0.799	0.371	0.376	0.922	0.006	0.024	0.013	0.036	0.014	0.653	0.044	0.03	0.064	0.079	0.016	0.095	1.085	0.112	0.004	0.041	0.102	0.036	0.024
ASV_311	-0.266	9.798	0.647148689794832	0.766081351839973	NotSig	0.059	0.086	0.503	0.062	0.053	0.353	0.004	0.014	0	0.169	0.013	0	0	0	0	0.079	0.172	0.023	0.005	0.077	0.001	0.015	0	0	0	0	0	0	0.186	0.212	0.088	0.033	0.268	0.015	0.099	0.059	0.052	0.075	0.108	0.079	0.089	0.07	0.583	0.025	0.127	0.403	0.004	0.095	0.149	0.005	0.233	0.011	0.094	0.011	0.005	0.009	0.039	0.161	0.02	0.014	0.004	0.011	0.008	0.075	0.025	0.001	0.006	0.049	0.022	0.001
ASV_49	0.297	12.813	0.651423173973183	0.766081351839973	NotSig	0.506	0.502	0.464	0.136	0.108	1.793	0.015	0.036	0.001	0.049	0.132	0.001	0	0.003	0	0.129	3.176	2.026	0.053	4.673	0.048	0.258	0.028	0.025	0	0.002	0.006	0	0.082	0.164	0.158	0.198	0.032	0.003	0.402	0.032	2.555	0.687	0.251	0.218	0.297	0.134	0.697	0.045	0.294	1.022	0.068	0.176	0.611	0.012	0.018	0.021	0.005	0.011	0.025	0.017	0.002	0.038	0.153	0.021	0.432	0.171	0.43	0.596	0.032	0.003	0.455	0.174	0.219	10.107
ASV_100	0.261	10.684	0.652755708076663	0.766081351839973	NotSig	0.107	0.104	0.19	0.167	0.006	0.019	0.193	0.149	0.012	0	0.115	0	0	0.668	0.003	0.001	0	0.076	0.087	0.102	0.146	0.379	0.155	0.109	0.134	0.001	0.068	0.001	0.003	0.026	0.046	0.076	0.016	0.077	0.133	0.008	0.004	0.014	0.053	0	0.037	0.023	0.016	0.007	0.007	0.067	0	0.002	0.527	0.132	0.149	0.032	0.076	0.114	0.086	0.055	0.002	0.014	0.028	0.102	0.013	0.031	0.012	0.024	0.279	1.092	0.07	0.026	0.219	0.657
ASV_127	-0.347	10.427	0.659514597925668	0.768675634823709	NotSig	0.096	0.124	0.123	0.125	0.003	0	0.031	0.489	0	0.001	0.002	0.001	0	0	0	0	0	0.049	0	0	0	0	0	0	0.296	0.007	0.022	1.346	0.282	0.018	0.024	0.004	0.034	0.087	0.048	0.051	0.004	0	0	0	0.002	0	0.013	0.093	0.017	0.026	0.025	0.004	0.018	0.066	0.013	0.024	0.096	0.023	3.19	0.058	0.098	0.37	0	0.225	0.004	0.002	0.001	0.012	0.055	0.089	0.091	0.019	0	0.005
ASV_189	0.207	11.435	0.687170057797502	0.795422875121766	NotSig	0.157	0.16	0.158	0.205	0.072	0.047	0.007	0.098	0.025	0.013	0.056	0.062	0.595	0.881	0.967	0.005	0.023	0.422	0.044	0.027	0.032	0.047	0.015	0.013	0.168	0.004	0.079	0.006	0.056	0.05	0.084	0.179	0.101	0.177	0.154	0.249	0.034	0.024	0.103	0.093	0.091	0.08	0.038	0.082	0.082	0.088	0.032	0.05	0.127	0.01	0.007	0.075	0.01	0.345	0.013	0.067	0.03	0.055	0.02	0.075	0.01	0.138	1.684	0.064	0.078	1.076	0.314	0.218	0.343	0.1
ASV_48	-0.273	11.719	0.709200830961263	0.813878708073812	NotSig	0.288	0.248	0.601	5.043	0.033	0.603	0.012	0.257	0.002	0.222	0.02	0	0	0	0.656	0.009	0	0	0.014	0	0	0	0.001	0.02	0	0	0	0.001	0.054	0.174	0.09	0.243	0.294	0.16	0.996	0.2	0.809	0.16	0.145	0.005	0.011	0.101	0.143	0.529	0.384	0.322	0.066	0.149	0.083	0.056	0.002	0.006	0.047	0.036	0.038	0.003	0.064	0	0.018	0.027	0.016	4.763	0.018	0.125	0.026	0.008	0.004	0.012	0.018	0.015
ASV_75	-0.24	11.772	0.714475900243471	0.813878708073812	NotSig	0.267	0.307	1.827	0.075	0.194	1.276	0.013	0.038	0	0.934	0.087	0	0	0	0	0.061	2.229	0.094	0.016	0.023	0.006	0.051	0.014	0.009	0	0	0	0	2.574	1.693	1.196	0.252	1.95	0.39	0.162	0.311	0.143	0.041	0.391	0.033	0.106	0.064	0.5	0.02	0.145	0.195	0.106	0.109	0.32	0.147	0.875	0.041	0.067	0.008	0.017	0.011	0.769	0.018	0.006	0.02	0.054	0.009	0.006	0.057	0.044	0.003	0.011	0.007	0.028	0.005
ASV_88	-0.232	11.923	0.717561701201171	0.813878708073812	NotSig	0.135	0.256	0.08	0.031	0.044	0.006	0.512	0.043	0.553	0.003	0.006	0.301	0.047	0.055	0.003	0.005	0.101	0.06	0.007	0.032	0.399	0.157	0.376	0.129	0.004	0.12	0.261	0.179	0.054	0.002	0.017	0.003	0.02	0.007	0.009	0.038	0.034	0.016	0.05	0.025	0.232	0.01	0.009	0.005	0.042	0.026	0.002	0.016	0.089	0.173	0.32	0.434	0.275	0.016	0.005	0.036	0.025	0.048	0.036	0.099	7.908	0.007	0.042	0.112	0.038	0.001	0.028	0.01	0.031	0.421
ASV_183	-0.379	10.005	0.726111382187135	0.818085490597505	NotSig	0.071	0.142	0	0	0.717	0.581	0.001	0	0	0	0.008	0	0	0	0	0	0.001	0.531	0.005	0	0	0	0	0	0	0	0	0	0	0.009	0.004	0.008	0.004	0	0	0	0.134	0.053	0.975	0.076	0.464	1.503	0.002	1.902	0.446	0.117	0.157	0.002	0	0	0	0	0	0	0	0	0	0	0	0.005	0	0	0.007	0.022	0.008	0.029	0.001	0.003	0.011	0
ASV_89	0.237	12.808	0.74429420059824	0.833018012590083	NotSig	0.228	0.32	0.087	0.088	0.047	0.013	0.092	0.055	0.006	0.025	0.005	0.116	0.001	0.004	0.001	3.476	0.005	0.001	0.023	0.515	0.059	0.596	0.333	0.309	0	0.01	0.004	0.064	0.062	0.005	0.009	0.001	0.043	0.053	0.099	0.022	0.002	0.099	0.09	0.074	0.015	0.013	0.092	0.016	0.027	0.038	0.021	0.01	0.052	0.014	0.178	0.044	0.049	0.029	0.048	0.083	0.219	0.63	0.002	0.027	0.375	0.189	10.337	0.304	0.005	0	0.011	0.028	0.014	0.019
ASV_881	0.228	11.064	0.761151160286199	0.841808180869948	NotSig	0.257	0.235	0.072	0.067	6.162	0.289	0.004	0.017	0	0.008	0.032	0.006	0	0.001	0	0	0	0.006	0.014	0.005	0.001	0.001	0.001	0.003	0	0	0	0	0.164	0.024	0.073	0.086	0.2	0.007	0.169	0.051	0.084	0.097	0.188	1.239	1.01	2.165	0.645	0.218	1.469	0.793	0.191	0.368	0	0.005	0.024	0.153	0	0.005	0.014	0.008	0.096	0.226	0	0.005	0.035	0	0.004	0.02	0.025	0.017	0.001	0.003	0	0
ASV_12	-0.205	12.181	0.762110364929598	0.841808180869948	NotSig	0.467	0.514	0.08	0.742	10.008	0.447	0.018	0.552	0.004	0.215	0.024	0	0	0	0.004	0.022	0	0.004	0	0.008	0.004	0.006	0.001	0.001	0	0	0	0	0.057	0.124	0.088	2.682	0.229	0.228	2.001	0.051	0.111	0.66	0.596	2.875	0.631	4.34	1.264	1.051	1.157	0.793	0.284	0.186	0.009	0.039	0.022	0.01	0.121	0.116	0.042	0.006	0.43	0.034	0.113	0.061	0.137	0.212	0.013	0.046	0.316	0.034	0.01	0.074	0.293	0.021
ASV_146	-0.163	9.485	0.767833383468735	0.842622349391014	NotSig	0.047	0.077	0.012	0.39	0.097	0.081	0.004	0.005	0.002	0.289	0.098	0	0.028	0.026	0.028	0.013	0	0.084	0.045	0.004	0	0.004	0	0.003	0.001	0	0	0	0.042	0.05	0.079	0.104	0.063	0.046	0.095	0.075	0.013	0.087	0.576	0.133	0.154	0.392	0.116	0.266	0.182	0.155	0.115	0.076	0	0.041	0.103	0.001	0.002	0.003	0.011	0.003	0.018	0.01	0.02	0.008	0.003	0.033	0.013	0.086	0.02	0.004	0	0.005	0.025	0.003
ASV_235	-0.129	9.767	0.801206115097916	0.873573119042244	NotSig	0.05	0.074	0.026	0.068	0.108	0.182	0.001	0.01	0	0.19	0.068	0	0.137	0.004	0.016	0.081	0.032	0.011	0.034	0.045	0.023	0.128	0.025	0.019	0	0.008	0.048	0.034	0.202	0.024	0.017	0.046	0.148	0.15	0.086	0.088	0.008	0.004	0.308	0.044	0.173	0.054	0.179	0.054	0.135	0.176	0.036	0.157	0	0.005	0.169	0	0.157	0.003	0.003	0.013	0.112	0.017	0.175	0.02	0.009	0.007	0.012	0.215	0.068	0.001	0	0.005	0.018	0.001
ASV_11	-0.122	14.49	0.822381064063001	0.887576776545443	NotSig	1.425	1.78	0.682	0.63	0.1	0.135	1.008	1.328	0.14	0.007	0.146	1.019	5.672	5.276	1.264	0.005	0.119	0.264	0.038	0.638	0.116	0.428	0.502	1.394	4.821	6.548	4.563	0.2	0.243	1.05	0.607	0.75	0.321	0.451	0.111	0.63	0.887	0.525	1.807	0.117	0.158	0.157	0.123	0.05	0.127	0.138	0.526	0.595	0.801	0.207	0.408	0.193	0.282	1.601	3.94	0.358	0.824	4.003	0.036	2.66	0.85	0.874	0.152	1.499	42.835	0.484	1.299	0.414	0.871	0.799
ASV_112	-0.152	11.795	0.824553573477127	0.887576776545443	NotSig	0.213	0.24	0.233	0.047	0.006	0.006	0.592	0.024	0.014	0.001	0.183	0.003	0	0.019	0.047	0.017	1.672	0.004	0.038	1.17	0.017	0.867	0.013	0.008	0.183	0.04	0.217	0.116	0.054	0.02	0.066	0.003	0.045	0.053	0.014	0.083	0	0.002	0.063	0.008	0.017	0.013	0.002	0	0.005	0.029	0.006	0.004	0.006	0.007	0.055	0.02	3.031	0	0.002	0.03	0.007	0.013	0.163	0.03	0.02	0.026	1.412	0.375	3.947	0.004	0.008	0.067	0.359	0.03
ASV_13	0.101	14.187	0.858785399993485	0.918574256955057	NotSig	0.718	1.249	0.399	0.299	0.291	0.271	0.36	0.48	0.031	0.018	3.043	0.186	0.001	3.761	0.01	6.057	0.228	0.335	0.213	1.378	0.053	0.167	0.021	0.073	0.13	0.002	0.103	0.766	0.521	0.106	0.253	0.022	0.344	0.311	0.863	0.604	0.023	0.049	0.238	0.095	0.191	0.188	0.036	0.093	0.446	0.584	0.185	0.719	0.261	0.41	0.584	0.598	4.279	2.266	1.388	4.252	2.21	5.841	0.484	0.216	0.085	0.236	7.415	8.422	3.839	0.685	0.26	1.09	1.194	0.591
ASV_166	0.145	9.763	0.8825529966371	0.929897216859004	NotSig	0.085	0.112	0.002	0	1.988	0.017	0	0.002	0	0	0	0	0	0	0	0	0	0.001	0.01	0.015	0.08	0.039	0.017	0.024	0	0	0	0.003	0	0.003	0.017	0.003	0	0	0	0	0.067	0.081	0.01	0.049	0.644	2.616	0.125	0.288	0.471	0.281	0.006	0	0	0	0	0.001	0.002	0.003	0.003	0.003	0.023	0.001	0	0.005	0	0	0	0	0	0.004	0	0.002	0	0
ASV_138	-0.096	11.633	0.883368032927155	0.929897216859004	NotSig	0.276	0.346	0.005	3.418	0.468	0.096	0.114	0.228	0.028	0	0.02	0	0	0.325	0.007	0.028	0.029	0	0	0.004	0.001	0.004	0	0	0.486	0.922	0.457	0.542	0.22	0.008	0.015	0.049	0.196	0	1.208	0.031	3.793	0.411	0.268	0.354	0.668	1.041	0.078	2.426	1.229	0.95	0.125	0.004	0.013	0.127	0.36	0.004	0.059	0.08	0.153	0.095	0.036	0.008	0.016	0.135	0.003	0.001	0.001	0.041	0.076	0.232	0.018	0	0.005	0.009
ASV_2	0.085	16.352	0.88587841369408	0.929897216859004	NotSig	3.769	5.533	8.236	5.475	4.824	5.822	0.191	1.129	0.053	14.134	22.539	0.001	0.019	0.008	0.184	23.014	7.219	0.685	1.718	1.999	0.052	0.479	0.036	0.07	0	0.001	0.074	0.029	5.372	3.302	2.029	0.981	7.106	0.527	12.699	5.322	2.301	14.609	4.207	1.459	1.838	3.407	12.425	0.924	9.272	6.347	0.725	2.963	1.941	0.642	6.771	2.442	3.395	0.263	0.777	2.915	13.737	2.188	9.378	0.518	0.165	10.789	3.831	9.331	2.899	0.31	1.837	7.28	52.21	0.965
ASV_407	-0.099	10.279	0.909440438577218	0.941674560015272	NotSig	0.075	0.097	0	0.003	0.003	0.139	0.133	0.23	0	0.001	0.013	0	1.087	0.001	0.221	0.001	0.003	0.001	0	0.089	0.009	0.003	0	0.007	0	0	0	0	0	0	0.002	0.006	0.004	0	0	0	0.013	0.036	0	0	0.004	0.015	0.04	0.018	0.012	0.014	0	0.004	0.851	0.357	0.004	0.004	0.003	1.531	0.07	0.243	0	0	0.036	0.016	0.001	0.001	0	0	0	0.007	0.038	0.002	0.01	0.716
ASV_98	0.134	9.225	0.910252294069911	0.941674560015272	NotSig	0.037	0.071	0.149	0.029	0.097	0.004	0.641	0.017	0	0.001	0	0.008	0	0.003	0.006	0	0	0	0	0	0	0	0	0	0	0	0	0	0	0.002	0	0	0.02	0	0.022	0.012	0	0	0.145	0.011	2.248	0.126	0	0	0	0	0	0.078	0.119	0.003	0	0	0.204	0	0.005	0	0	0	0	0	0.001	0	0	0	0	0	0	0	0	0
ASV_86	-0.08	10.366	0.916188390790545	0.941674560015272	NotSig	0.088	0.098	0	0	0.102	1.107	0.486	0.122	0.001	0.008	0.004	0.158	0	0.03	0.246	0.001	0.003	0.011	0	0	0	0.007	0	0	0	0	0	0	0	0.023	0.044	0.189	0	0	0	0	0.019	0	0.008	0.079	0.286	0.09	0.248	0.016	0.095	0	0.013	0.12	0.155	0.237	0.832	0.001	0.057	0.227	0.025	0.038	0.002	0.037	0.002	0.039	0	0.154	0.162	0.176	0.012	0.021	0.023	0.613	0.054	0.006
ASV_53	0.059	9.739	0.919386404748638	0.941674560015272	NotSig	0.053	0.083	0.017	0.055	0.208	0.028	0.031	0.151	0.004	0	0.005	0.013	0	0	0	0.001	0	0.006	0.027	0.036	0.117	0.131	0.057	0.042	0	0.076	0	0.368	0.023	0.024	0.165	0.006	0.02	0.003	0.072	0.197	0.197	0.067	0.449	0.294	0.108	0.165	0.042	0.025	0.616	0.079	0	0.014	0.054	0.288	0.009	0.018	0.145	0.007	0.002	0	0.009	0.003	0.004	0.204	0.019	0.001	0.001	0.011	0.015	0.099	0.001	0.023	0.001	0.001
ASV_34	0.041	12.727	0.939009359863782	0.955979408536019	NotSig	0.434	0.418	0.247	0.503	0.061	0.085	0.136	0.575	0.076	0.001	0.066	0.094	0.069	0.015	0.757	0	0.509	0.955	0.05	0.944	0.237	0.249	0.353	1.093	2.409	0.045	0.602	1.15	0.115	0.124	0.092	0.133	0.049	0.054	0.278	0.314	0.034	0.199	0.241	0.052	0.189	0.116	0.054	0.02	0.057	0.229	0.019	0.027	1.566	1.197	0.123	0.718	0.096	0.722	0.038	0.175	0.025	0.869	0.064	0.149	0.045	3.028	0.027	0.122	0.098	0.245	0.186	4.733	0.034	0.92
ASV_81	0.033	11.59	0.946562853954835	0.957898936038127	NotSig	0.179	0.221	0.214	0.075	0.039	0.058	0.051	0.29	0.045	0	0.156	0.05	0.102	0.32	0.923	0.003	0.004	0.003	0.008	0.017	0.027	0.156	0.118	0.22	0.943	0.231	0.446	0.15	0.064	0.099	0.167	0.097	0.061	0.116	0.045	0.097	0.029	0.03	0.241	0.06	0.106	0.075	0.031	0.016	0.095	0.098	0.013	0.017	0.183	0.112	0.094	0.579	0.587	0.858	0.302	0.34	0.016	0.895	0.014	0.125	0.123	0.07	0.025	0.308	0.075	0.137	0.464	0.442	0.194	1.804
ASV_3	-0.026	15.507	0.96439147182746	0.970131897255004	NotSig	3.216	4.003	3.285	5.389	1.277	2.272	0.12	26.412	0.068	1.318	0.073	0.027	19.546	0.024	3.496	2.695	5.479	10.227	0.584	0.187	0.045	0.261	0.006	0.107	0	0.201	0.498	0.032	23.584	8.93	15.547	6.946	4.535	0.201	3.247	15.993	18.973	5.892	2.944	2.048	4.879	1.631	3.59	0.906	0.913	1.793	2.121	3.122	0.025	1.021	0.156	0.011	0.106	0.185	2.022	0.094	29.312	0.639	0.179	0.089	1.787	1.143	0.025	0.157	1.445	0.124	0.305	0.107	0.487	0.915
ASV_209	0.023	11.37	0.971428303717371	0.971428303717371	NotSig	0.186	0.189	0.014	0.031	0.21	0.073	0.031	0.357	0.02	0	0.016	0.239	0	0	0	0	0	0	0.063	0.024	0.024	0.051	0.217	1.322	0.142	0.09	1.721	0.196	0.081	0.102	0.246	0.143	0.014	0	0.014	0.035	0.021	0	0.1	0.082	0.26	0.217	0.009	0.002	0.05	0.369	0.017	0.019	0.001	0.163	0.108	1.222	0.074	0.036	0.742	0.011	0.121	0.49	0.018	0.07	0.077	0.008	0	0.024	0.035	0.758	1.244	0.042	0.005	0.894
