ID	log2FC	log2CPM	PValue	FDR	level	MeanA	MeanB	DS00P030	DS00P037	DS00P049	DS00P054	DS00P060	DS00P065	DS00P076	DS00P119	DS00P138	DS00P140	DS00P166	DS00P172	DS00P180	DS00P191	DS00P193	DS00P194	DS00P196	DS03P016	DS03P017	DS03P030	DS03P037	DS03P049	DS03P054	DS03P060	DS03P065	DS03P076	DS04P86	DS05P114	DS04P138	DS06P140	DS06P180	DS04P194	DS05P196	DS03P237	DS03P239	DS03P245	DS03P272	DS03P279	DS03P288	DS03P295	DS03P298	DS03P312	DS03P313
ASV_10	-12.201	12.879	2.50304863193961e-09	4.23015218797795e-07	Depleted	0	0.638	0	0	0	0	0	0	0	0	0	0	0	0	0	0	0	0	0	0	0.006	0	0	9.066	0	0	0	2.013	0	0	0	0	0	0	0	1.589	1.178	0.973	0.584	0.413	0.542	0.111	0.037	0.057	0.024
ASV_66	5.473	12.993	1.47293461877558e-05	0.00124462975286537	Enriched	1.03	0.019	0.007	0.005	0.002	0.088	0.592	0	13.753	1.738	0.007	0.003	0.004	0	1.305	0	0.001	0.001	0	0	0.062	0	0	0.036	0.007	0.013	0	0.113	0	0	0.004	0	0.083	0	0	0.004	0.003	0.004	0.007	0.055	0.107	0	0.002	0	0
ASV_17	3.501	13.167	8.22957684920483e-05	0.00463599495838539	Enriched	1.977	0.134	0.079	5.501	0.24	0.015	0.012	24.269	0.003	0.024	0.001	0.012	0.032	0	0.104	0	0.139	0.465	2.714	0.091	0.166	0.114	0.594	0.061	0.007	0.09	1.042	0.018	0.011	0.026	0	0.021	0.009	0.184	0.094	0.004	0.061	0.009	0.769	0.013	0.008	0	0.011	0.071	0.021
ASV_158	-6.023	11.911	0.000123365161370441	0.00521217806790114	Depleted	0.008	0.316	0	0.008	0	0.003	0	0	0.013	0	0	0	0	0.002	0	0.102	0.009	0	0	0	0.049	0	0.011	0.036	0.005	0	0	0.004	0.748	0.36	0	0	0	0	0.053	0.123	0.176	0.111	0.141	1.118	5.206	0	0.041	0.041	0
ASV_98	5.335	13.127	0.000214161324516866	0.00723865276867006	Enriched	1.015	0.037	0.087	0.103	0.002	0.915	0	0	0	12.625	0.004	0.014	0.001	0.015	3.482	0	0	0.013	0	0.149	0.029	0.097	0.004	0.641	0.017	0	0.001	0	0.008	0	0.003	0.006	0	0	0	0	0	0	0	0	0	0	0	0	0
ASV_107	-6.231	14.377	0.000404696554549046	0.0103212367957781	Depleted	0.058	1.721	0.79	0.046	0.002	0.003	0.009	0	0.003	0	0	0	0	0.002	0	0.004	0	0	0.131	0.005	0.019	0.451	0.092	0	0.005	0	0	0.001	0.021	0	0	0	0	0	1.911	41.14	0.207	0.109	0.329	0.189	0.189	0	0	0	0.067
ASV_105	-5.475	14.877	0.000427506849529271	0.0103212367957781	Depleted	0.085	1.071	0.072	0.256	0	0.072	0.264	0.015	0.001	0.154	0	0	0	0.009	0.378	0.004	0.211	0.003	0.001	0	0.002	0.069	0.024	0.254	0	13.531	0	0	0.113	0	0	0	0	0	0	0.094	0.148	1.358	0.715	8.074	0.802	0	0.468	2.179	0.004
ASV_90	3.1	12.23	0.000691659920353214	0.0146113158174616	Enriched	0.794	0.079	0.121	0.023	8.788	0.098	0.089	0.012	0.29	0.021	0.004	0.083	1.54	0	0.001	0.046	0.111	2.263	0.011	0.067	0.065	0.102	0.1	0.501	0.393	0.001	0.004	0.223	0.143	0	0.03	0.001	0.004	0.246	0	0.053	0.052	0	0.044	0.004	0.001	0	0	0	0.017
ASV_85	-2.833	12.947	0.000971293189704659	0.0165340625547801	Depleted	0.131	0.553	0.032	0.026	0.017	0.053	0.028	0.052	0.074	0.246	0.128	0.001	0	0.019	0.33	1.156	0.014	0.031	0.02	0.192	0.531	0.036	0.026	0.026	0.235	0.01	0.071	7.009	0.024	0.376	0.037	0.225	0.104	0.807	2.677	0.05	0.259	0.427	0.229	0.185	0.123	0.034	0.138	0.512	0.038
ASV_136	-4.705	13.437	0.000978346896732548	0.0165340625547801	Depleted	0.05	0.902	0.012	0.01	0.009	0.062	0	0.066	0.089	0	0.058	0.001	0	0	0.003	0	0	0.004	0.531	0.046	0	0	0.021	0.006	0.065	0	0.067	0.047	0.001	12.085	0.22	0	0	0.079	9.062	0.027	0.106	0.036	0.481	0.435	0.681	0	0	0	0
ASV_73	3.649	11.575	0.00122356818949023	0.0187984567294408	Enriched	0.593	0.048	0.327	0.054	0.047	0.003	9.532	0.082	0.002	0	0	0	0	0	0	0.014	0.003	0.011	0	0.055	0.122	0.446	0.299	0.018	0.082	0.066	0.043	0.001	0	0	0	0	0	0	0.006	0.019	0	0.001	0.001	0.004	0.004	0	0.013	0.001	0.056
ASV_134	-3.241	12.116	0.00173204981043064	0.0243930348302315	Depleted	0.058	0.327	0.072	0.038	0.095	0.019	0.239	0.102	0.021	0	0.155	0.098	0	0	0.001	0.119	0.001	0	0.018	0.033	0.089	0.114	0.051	0.015	0.065	0.01	0.024	0.011	0.001	0.063	0.026	0.071	0	0.012	0.193	6.531	0.054	0.663	0.083	0.087	0.188	0	0.072	0.05	0
ASV_154	-2.729	12.307	0.00213080703118726	0.0277004914054344	Depleted	0.101	0.43	0.02	0.051	0.022	0.021	0.36	0.032	0.108	0.023	0.339	0	0.001	0	0	0.187	0.003	0.521	0.025	0.036	0.274	0.033	0.049	0.007	0.048	0.007	0.031	1.056	0.003	0.06	0.48	0.318	0.122	0.354	6.335	0.019	0.613	0.018	0.482	0.027	0.056	0.381	0.072	0.246	0.041
ASV_129	-2.691	11.831	0.00234565976428977	0.0282918659626361	Depleted	0.06	0.358	0.035	0.041	0.006	0.126	0.027	0.004	0.025	0.064	0.158	0.049	0	0.008	0.214	0.145	0.095	0.021	0	0.247	0.102	0.03	0.06	0.006	0.055	0.001	0.001	0.004	0.067	0.392	0.048	0.01	0	1.176	3.937	0.01	0.012	0.06	0.258	0.099	0.305	0.014	0.129	0.102	2.175
ASV_125	3.864	11.065	0.00251111236354758	0.0282918659626361	Enriched	0.224	0.017	0	0.003	0.019	0.029	0	0	0.003	0	0.006	0.001	3.034	0	0	0.001	0.022	0	0.696	0.003	0	0	0	0.022	0	0.004	0.006	0.02	0.007	0	0.133	0.001	0	0	0.001	0.224	0.003	0	0.007	0	0	0	0	0	0.004
ASV_122	2.625	11.118	0.00492226820880727	0.0519914579555268	Enriched	0.307	0.042	0.042	0.008	1.022	0.036	1.537	0	0.039	0.025	0.076	1.343	0.027	0	0.011	1.047	0.003	0.008	0	0.039	0.015	0.055	0.038	0.2	0.082	0.049	0	0.023	0.001	0	0.4	0.012	0.001	0	0	0.005	0.003	0	0.06	0	0.004	0.063	0	0.02	0.014
ASV_117	-2.598	13.481	0.00601027989928698	0.0597492531164411	Depleted	0.174	0.827	0.243	0.241	0.017	0.034	0.17	0	0.007	0.645	0.038	0.44	0.191	0.002	0.4	0.112	0.188	0.215	0.013	0.041	0.039	0.31	0.062	0.128	0.103	1.116	0.001	0.014	0.057	0.099	0.475	8.103	0.008	1.234	0.157	0.003	0.229	0	0.032	0.001	0.04	8.641	0.023	0.328	0.249
ASV_43	-1.99	12.339	0.00779029762991297	0.0731422388586273	Depleted	0.164	0.37	0.24	0.397	0.221	0.012	0.243	0.082	0.06	0.021	0.084	0.083	0.148	0.002	0.004	0.096	0.012	0.843	0.243	0.341	0.797	0.321	0.464	0.06	0.23	0.004	0.2	1.819	0.007	1.137	0.192	0.378	1.262	0.186	0.163	1.371	0.147	0.009	0.191	0.014	0.023	0.108	0.004	0.032	0.151
ASV_114	-2.976	13.894	0.0102483698774742	0.0911565531206914	Depleted	0.225	0.817	0.002	0.026	0.009	0.115	0.055	0.001	0.65	0	0.18	0	0	0	0.001	0.061	1.531	1.189	0	0.13	0.01	0.003	0.013	0.006	0.002	3.545	0.001	0.013	0.599	0.086	0.006	0.003	0	0.001	0.003	0.057	4.702	1.015	0.613	3.768	1.785	0	3.205	1.196	0.482
ASV_142	2.519	10.144	0.015927236198779	0.116737606934651	Enriched	0.118	0.021	0.037	0.031	0.024	0.036	0.06	0.005	0.016	0	0	1.139	0.003	0	0.123	0.006	0.489	0	0.028	0.003	0.002	0.033	0.002	0.225	0.026	0.006	0	0.014	0.007	0	0.01	0.179	0	0	0	0	0	0.001	0	0	0	0.014	0	0.001	0.01
ASV_188	1.95	12.247	0.0160259804199143	0.116737606934651	Enriched	0.542	0.128	0.02	0.015	0.095	0.003	0.128	0.412	0.008	0.008	0.147	3.568	0.669	0.005	0.159	0.006	0.55	2.618	0.814	0.005	0.01	0.017	0.009	0.133	0.012	0.007	0.039	0.022	0.001	0.044	0.003	1.011	0.235	0.122	0.037	0.064	0.29	0.006	0.117	0.008	0.001	0	0.006	1.073	0.07
ASV_174	-3.463	13.549	0.0169675435820653	0.116737606934651	Depleted	0.078	0.871	0.032	0.01	0.047	0	0	0	0	0.003	0.009	1.212	0.004	0	0.001	0.004	0.001	0.004	0	0.048	0.347	0.033	0.015	0.201	0.014	0	0	0	0	0.003	0.015	21.801	0	0.021	0.001	0	0.009	0.001	0	0	0.007	0.049	0.033	0.021	0.018
ASV_39	-2.448	13.479	0.0172966904262115	0.116737606934651	Depleted	0.191	1.087	0.327	0.013	0.009	0.005	0.709	0.043	0.014	0.008	0.998	0.006	0.157	0.614	0.001	0	0.335	0.003	0	0.286	0.541	0.402	0.182	0.144	0.096	0.029	0.001	0.026	0.062	0.031	0.457	0.218	0	0	0	0.031	4.713	0.019	0.042	0.045	0.053	20.043	0.046	0.482	0.315
ASV_86	2.846	11.899	0.0174376445128891	0.116737606934651	Enriched	0.43	0.088	0.057	2.476	0.075	0.289	0	0.016	0	0	0.254	2.975	0.01	1.051	0	0	0.1	0	0	0	0	0.102	1.107	0.486	0.122	0.001	0.008	0.004	0.158	0	0.03	0.246	0.001	0.003	0.011	0	0	0	0.007	0	0	0	0	0	0
ASV_67	2.678	15.232	0.017615306894368	0.116737606934651	Enriched	3.109	0.448	0.092	0.595	0	10.166	0.284	0.171	0.038	0.073	0.006	8.997	0.003	27.127	0.044	0.726	0	4.526	0.003	0.002	0.002	0.108	0.083	0.274	0.046	0.006	0.066	0.035	10.689	0.001	0.008	0.128	0.001	0.163	0	0.005	0.003	0.005	0.006	0.003	0.004	0	0	0	0
ASV_34	-1.743	12.289	0.0179596318361002	0.116737606934651	Depleted	0.13	0.434	0.099	0.113	0.343	0.526	0.133	0.01	0.05	0.089	0.116	0.369	0.028	0.012	0.189	0.028	0.007	0.095	0.001	0.247	0.503	0.061	0.085	0.136	0.575	0.076	0.001	0.066	0.094	0.069	0.015	0.757	0	0.509	0.955	0.05	0.944	0.237	0.249	0.353	1.093	2.409	0.045	0.602	1.15
ASV_159	1.744	11.38	0.0215850164181459	0.133974849333613	Enriched	0.369	0.089	0.03	0.005	0.06	0.031	0.129	0.003	0.028	0.175	0.116	0.019	0.743	0.003	0.036	0.723	0.003	2.584	1.577	0.113	0.068	0.028	0.058	0.012	0.01	0.003	0	0.061	0.021	0.099	0.984	0.001	0.004	0.18	0.097	0.023	0.003	0.006	0.162	0.001	0.013	0.053	0.053	0.251	0.007
ASV_2	-2.1	15.665	0.02219701645764	0.133974849333613	Depleted	1.609	3.769	3.306	5.212	1.239	0.389	1.158	8.479	2.303	0.005	0.315	0.246	0.112	0.003	0.034	2.5	0.058	1.138	0.86	8.236	5.475	4.824	5.822	0.191	1.129	0.053	14.134	22.539	0.001	0.019	0.008	0.184	23.014	7.219	0.685	1.718	1.999	0.052	0.479	0.036	0.07	0	0.001	0.074	0.029
ASV_220	-1.645	9.272	0.0269172645835329	0.156862679814381	Depleted	0.024	0.066	0.062	0.138	0.011	0.003	0.002	0.081	0.006	0	0	0	0.021	0	0.015	0.011	0.016	0.017	0.025	0.125	0.479	0.097	0.152	0.035	0.01	0.002	0.109	0.152	0	0.077	0.004	0.01	0.001	0.127	0.024	0.02	0.121	0.004	0.038	0.015	0.004	0.005	0.005	0.051	0.053
ASV_24	3.465	7.037	0.0288248452332873	0.162379961480852	Enriched	0.011	0.001	0	0.01	0	0.088	0	0	0.084	0	0	0	0	0	0	0	0	0	0	0	0	0.003	0.004	0	0.002	0	0	0.013	0	0	0	0	0	0	0	0	0	0	0	0	0	0	0	0	0
ASV_72	-2.164	14.418	0.0345463675235012	0.18252971336643	Depleted	0.595	1.284	0.057	0.138	7.805	0.177	0.014	0.114	0.002	0.103	0.116	0.006	0	0	0.356	0.204	0.065	0.575	0.389	0.009	0.313	0.05	0.22	0.158	0.408	0	0.669	0.108	0.034	0.929	0.011	1.763	17.456	6.909	3.399	0.014	0.031	0.005	0.006	0.003	0.003	0.007	0.01	0.051	0.815
ASV_42	1.864	12.047	0.0345618392173122	0.18252971336643	Enriched	0.576	0.164	0.258	0.387	6.383	0.009	0.025	0.036	0.006	1.168	0.015	0.001	0	0	0.821	0.458	0.016	0.035	0.168	0.026	0.01	0.324	0.526	0.072	1.328	0.002	0.046	0.034	0.057	0.001	0.003	0.001	0.008	0	1.236	0.023	0.117	0.01	0.023	0.004	0.053	0	0.001	0	0.363
ASV_200	-1.881	10.8	0.0421878339949287	0.216052846822513	NotSig	0.063	0.137	0.22	0.167	0.06	0.033	0.301	0.075	0.043	0	0.006	0.001	0.004	0	0.004	0.152	0	0.007	0.001	0.142	0.183	0.21	0.348	0.035	0.07	0.009	0.006	0.01	0	1.759	0	0.003	0.003	0	0.047	0.008	0.018	0.237	0.061	0.02	0.313	0	0.007	0.045	0.041
ASV_71	-2.309	14.947	0.0468848744623577	0.222100012834572	NotSig	0.512	1.7	0.064	0.246	0.011	0.002	0.004	0.04	0.005	4.48	2.261	0.001	0.001	0.003	0.587	0.759	0.118	0.103	0.01	0.043	0.002	0.163	0.026	0.032	0	0	0.003	0.013	1.756	0	0.001	0	0.023	0.001	0.295	0.329	0.768	20.013	1.328	13.113	5.809	0	0.283	0.194	0.001
ASV_47	2.135	9.776	0.0480497238013959	0.222100012834572	NotSig	0.15	0.034	0.114	0.041	0.007	0	0	2.199	0.002	0	0.001	0.011	0	0	0	0.02	0.001	0.001	0.152	0.048	0.201	0.078	0.107	0	0	0	0.379	0.001	0	0	0.001	0	0	0	0.001	0.034	0.012	0.001	0.003	0.001	0.007	0	0.002	0	0.007
ASV_15	1.465	13.73	0.04830645885229	0.222100012834572	NotSig	1.329	0.4	0.062	0.103	1.803	4.919	3.042	0.011	2.776	0.666	0.137	0.341	2.371	0.203	0.496	0.068	3.142	0.481	1.97	0.548	0.195	0.05	0.073	4.985	0.669	0.691	0.001	0.406	0.355	0.074	0.237	0.038	0.003	0.204	0.011	0.003	0.01	0.029	0.417	0.034	0.11	0.953	0.093	0.066	0.148
ASV_18	-1.913	15.427	0.048625446596918	0.222100012834572	NotSig	0.847	1.953	0.163	0.085	0.021	1.742	1.78	0.051	0.088	0.11	0.179	5.657	0.003	1.86	0.004	1.774	0.518	0.37	0	0.212	2.889	0.244	0.141	11.124	8.22	14.468	0.006	0.158	3.889	1.643	0.032	5.294	0.016	0	0.003	0.102	0.084	0.048	0.269	0.249	0.138	0.282	0.457	0.764	0.043
ASV_80	-4.678	11.985	0.0545880817770499	0.24277331106109	NotSig	0.024	0.489	0	0	0.004	0	0	0.403	0	0	0	0	0	0	0	0	0	0	0	0.003	0.006	0	0.002	0.006	0	0	12.7	0	0	0	0	0	0	0	0	0	0	0	0	0	0	0	0	0	0
ASV_21	-2.097	10.379	0.0587101654894373	0.254410717120895	NotSig	0.047	0.219	0.411	0.097	0	0.021	0.236	0.014	0.007	0	0.001	0	0	0	0	0	0.007	0	0.011	1.844	1.888	0.357	0.314	0	1.105	0.002	0.049	0.008	0	0.013	0	0	0.012	0.003	0.02	0.014	0.008	0.015	0.01	0.003	0.012	0	0	0.011	0.001
ASV_177	-2.063	8.188	0.0685873956462005	0.289781746605197	NotSig	0.005	0.029	0.015	0.003	0.002	0.046	0.004	0	0.006	0.01	0	0	0	0	0	0	0	0	0	0.086	0.013	0.042	0.015	0.013	0.206	0.001	0	0.006	0	0	0	0	0.02	0.218	0	0.003	0.013	0.003	0.004	0.006	0.117	0	0	0	0
ASV_76	-1.335	12.442	0.0795593833836542	0.323545303502213	NotSig	0.269	0.376	0.203	0.144	0.095	0.072	0.3	0.086	0.017	0.094	0.124	0.004	0.014	0.005	0.442	2.263	0.012	0.577	0.127	0.185	0.265	0.332	0.152	0.074	0.307	0.022	0.032	0.028	0.036	0.424	0.008	0.041	0	0.357	0.029	4.712	0.151	0.92	0.264	0.151	0.36	0.016	0.426	0.43	0.067
ASV_99	1.863	12.629	0.0804077085626802	0.323545303502213	NotSig	0.596	0.188	0.022	0.105	0.007	0.289	0.005	0.032	0.709	0	0.013	0.011	4.907	0	0	0.001	1.525	0.001	2.511	0.086	0.057	0.039	0.169	0.047	0.067	0.079	0.008	0.047	0.126	0	3.728	0.001	0.001	0	0.006	0	0	0	0.001	0	0	0.011	0	0.006	0.412
ASV_56	-1.679	11.101	0.0860264958403888	0.338104134814551	NotSig	0.076	0.283	0.193	0.01	0.691	0.038	0.005	0.008	0.051	0.021	0.004	0.024	0.007	0.005	0.167	0.001	0.003	0	0.066	0.039	0.161	0.111	0.024	0.139	6.1	0.002	0.003	0.066	0.064	0.093	0.091	0	0.001	0	0.013	0.001	0	0.005	0	0.001	0.007	0	0.001	0.086	0.341
ASV_81	1.215	12.242	0.0930074290544075	0.357233079777156	NotSig	0.365	0.179	0.025	0.079	0.174	0.669	0.213	0	0.807	0.118	0.26	1.269	1.586	0.317	0.215	0.255	0.157	0.019	0.034	0.214	0.075	0.039	0.058	0.051	0.29	0.045	0	0.156	0.05	0.102	0.32	0.923	0.003	0.004	0.003	0.008	0.017	0.027	0.156	0.118	0.22	0.943	0.231	0.446	0.15
ASV_203	1.406	13.574	0.102155137141624	0.383649292820765	NotSig	0.894	0.23	0.007	0.103	0.019	0.146	0.046	0.095	0.019	1.861	1.861	2.235	0.162	5.095	0.541	0.687	0.99	1.332	0.003	0.027	0.047	0.008	0.045	0.193	0.012	1.15	0.015	0.011	2.019	0	0.062	0.003	0.001	0.132	0.001	0.008	0.273	0.055	0.114	0.491	0.034	0.058	0.777	0.435	0
ASV_1	-1.107	15.258	0.10993927212884	0.403907325864653	NotSig	2.098	3.761	3.553	11.285	1.198	0.126	0.622	8.055	0.426	0.477	0.214	0.266	2.606	0.008	1.27	0.572	0.704	2.556	1.72	13.375	10.78	5.455	11.016	0.352	0.839	0.042	9.19	4.258	0.091	17.509	0.073	1.777	0.184	11.853	0.645	2.035	1.311	0.188	1.611	0.516	0.195	0.254	0.698	2.843	0.699
ASV_104	-1.776	12.324	0.112715973391929	0.405297861770979	NotSig	0.122	0.447	0.007	0.036	0	0.003	0.007	0	0.01	0.578	0.029	0	0.149	0	0.391	0.02	0.843	0.001	0	0.072	0.193	0.008	0.038	0.064	0.098	0.002	0	0.002	0	0.068	0.108	0	0.009	0.004	0	0	0.29	0.003	0.026	0.003	0.004	9.844	0.025	0.469	0.289
ASV_41	1.294	10.978	0.119834090439611	0.421915860089462	NotSig	0.247	0.081	0.02	0.226	0.036	0.007	0.014	0.541	0.01	0.048	0	0.004	0.013	0.005	0.074	0	0.519	0.106	2.573	0.116	0.115	0.075	0.028	0.051	0.01	0.044	0.281	0.061	0.003	0	0	0.024	0.131	0	0.063	0.016	0.006	0.004	0.306	0.008	0.004	0	0.007	0.725	0.041
ASV_176	1.539	12.687	0.124384523572681	0.428999683342512	NotSig	0.713	0.166	0.005	0	2.559	0.003	0.218	0.003	0.082	0.003	0.346	0.008	3.074	0.011	0	0.699	0.001	0.005	5.098	0.017	0.002	0	0	0.267	0.041	0.003	0	1.201	0.001	0.001	0.848	0.001	0.873	0.003	0.425	0.042	0.444	0.001	0.007	0.001	0.004	0.002	0	0.001	0.138
ASV_59	-1.334	12.851	0.138699533856075	0.468804424433534	NotSig	0.242	0.572	0.054	0.072	0.294	0.034	1.347	0.014	1.461	0.004	0.076	0.018	0.462	0	0.019	0.004	0.004	0.118	0.133	0.063	0.068	0.058	0.171	10.297	0.201	0.041	0	0.168	0.025	0.248	0.966	0.676	0.001	0.96	0.387	0.037	0.057	0.01	0.079	0.039	0.026	0	0.016	0.006	0.259
ASV_141	-1.22	10.119	0.141912864089915	0.470260275121483	NotSig	0.06	0.086	0.371	0.01	0.073	0.036	0.011	0.04	0.04	0.005	0.06	0	0.006	0.005	0.029	0.075	0.001	0.262	0.003	0.017	0.062	0.781	0.036	0.006	0.055	0.01	0	0.024	0.003	0.001	0.387	0	0.047	0	0.014	0.031	0.004	0.445	0.01	0.034	0.14	0	0.002	0.061	0.062
ASV_109	1.347	11.364	0.145194884491218	0.47188337459646	NotSig	0.161	0.11	0.012	0.005	0.007	0.378	0.007	0.321	0.069	0	0.023	0	0	1.698	0.01	0.036	0.03	0.057	0.085	0.014	0.019	0.006	0.013	0.006	0.808	0	0.004	0.017	0.025	0.042	0.006	0	0	0.005	0.001	0.001	0.001	0.014	0.131	0.015	0.049	1.65	0.007	0.022	0.013
ASV_110	-1.168	12.438	0.151646223468249	0.479822363245414	NotSig	0.207	0.394	0.012	0.021	0.073	0.021	0.002	0.023	0.006	0.087	0.391	0.52	0.212	0.077	0.108	0.141	0.861	0.41	0.559	0.067	0.006	0.014	0.019	6.764	0.036	0.148	0.008	0.041	0.074	0.508	0.22	0.004	0.001	0.494	0.019	0.003	0.024	0.034	0.632	0.109	0.045	0.038	0.468	0.394	0.064
ASV_75	-1.636	11.027	0.153316021392026	0.479822363245414	NotSig	0.074	0.267	0.097	0.405	0.013	0.031	0.002	0.388	0.315	0.001	0	0	0	0	0	0.003	0	0	0.007	1.827	0.075	0.194	1.276	0.013	0.038	0	0.934	0.087	0	0	0	0	0.061	2.229	0.094	0.016	0.023	0.006	0.051	0.014	0.009	0	0	0	0
ASV_25	-1.372	14.043	0.163622270315302	0.496761432031658	NotSig	0.816	0.857	5.383	0.485	0.786	0.033	0.094	0.23	0.286	0.004	0.025	0.018	0.211	0.031	0.594	0.067	0.007	0.146	5.475	0.293	0.448	3.977	0.722	0.185	0.055	0.003	0.106	0.601	0.031	0.001	0.053	0.001	14.709	0.005	0.351	0.556	0.079	0.008	0.006	0.004	0.005	0	0	0	0.07
ASV_112	-1.188	11.181	0.167539630795789	0.496761432031658	NotSig	0.096	0.213	0.022	0	0.009	0.009	0.08	0	0.078	0.006	0.015	0.014	0.192	0.003	0.008	0.004	0	0.432	0.766	0.233	0.047	0.006	0.006	0.592	0.024	0.014	0.001	0.183	0.003	0	0.019	0.047	0.017	1.672	0.004	0.038	1.17	0.017	0.867	0.013	0.008	0.183	0.04	0.217	0.116
ASV_62	1.111	12.769	0.168338466883967	0.496761432031658	NotSig	0.551	0.263	0.03	0.051	2.08	1.506	0.06	0.007	0.548	1.461	0.004	0	0.548	1.003	0.075	0.024	1.904	0.051	0.01	0.17	0.148	0.03	0.021	1.674	0.321	0.045	0	0.08	0.541	0.544	0.238	0	0	0.007	0.007	0.007	0.015	0.193	0.268	0.08	0.289	1.207	0.289	0.441	0.214
ASV_128	1.429	5.6	0.171049204971406	0.496761432031658	NotSig	0.001	0	0.01	0	0	0.003	0	0	0	0	0	0	0	0	0	0.007	0	0	0	0	0	0.008	0.002	0	0	0	0	0	0	0	0	0	0	0	0	0	0	0	0	0	0	0	0	0	0
ASV_149	-1.544	9.143	0.173425588697443	0.496761432031658	NotSig	0.026	0.075	0.047	0.269	0.094	0.002	0.009	0.003	0.001	0	0	0	0	0	0	0	0	0.015	0.006	0.82	0.346	0.028	0.436	0.01	0	0	0.001	0.01	0	0.051	0	0	0.001	0.147	0.066	0.019	0	0	0.001	0	0.004	0	0.015	0.006	0
ASV_3	-1.163	15.184	0.184769234548713	0.520433343978875	NotSig	1.949	3.216	1.491	2.597	11.886	0.113	0.133	3.168	0.05	0.016	0.201	0.003	0.001	0	0.869	4.664	0.01	2.533	5.398	3.285	5.389	1.277	2.272	0.12	26.412	0.068	1.318	0.073	0.027	19.546	0.024	3.496	2.695	5.479	10.227	0.584	0.187	0.045	0.261	0.006	0.107	0	0.201	0.498	0.032
ASV_29	-0.904	13.696	0.190335750358133	0.527323636238106	NotSig	0.468	0.871	0.084	0.331	0.258	0.56	0.119	0.119	0.263	0.672	0.25	0.806	0.162	1.521	1.085	0.702	0.251	0.306	0.473	0.396	0.229	0.111	0.244	1.805	0.302	0.743	0.01	0.018	0.324	0.379	0.017	0.196	0.028	2.692	1.084	0.053	5.004	0.328	0.536	2.726	0.942	0.135	2.187	1.619	0.551
ASV_28	-2.662	10.544	0.198892857065292	0.542143432968295	NotSig	0.017	0.124	0	0	0	0	0	0	0.295	0	0	0	0	0	0	0	0	0	0	0	0	0	0	0.098	0	0	0	0.936	0	0	0	0	0	0	0	0.004	0.089	0.011	2.084	0.004	0	0	0	0	0
ASV_88	0.95	12.346	0.202161699118412	0.542306780174789	NotSig	0.485	0.135	0.017	0.041	0.12	0.081	0.044	0.007	0.005	0.262	0.279	0.437	2.031	0.005	0.58	0.369	0.814	2.358	0.796	0.08	0.031	0.044	0.006	0.512	0.043	0.553	0.003	0.006	0.301	0.047	0.055	0.003	0.005	0.101	0.06	0.007	0.032	0.399	0.157	0.376	0.129	0.004	0.12	0.261	0.179
ASV_8	0.978	14.147	0.218517749691655	0.573493285546904	NotSig	1.632	0.859	0.475	0.287	0.097	3.057	0.245	0.143	5.795	1.884	4.048	0.004	0.006	1.574	3.404	6.69	0.01	0.027	0.003	1.461	1.262	0.385	0.547	0.152	2.535	0.001	0	0.284	0.003	0.037	0.389	0.003	0.028	0.004	0.031	0.1	0.164	1.038	1.541	0.55	2.874	5.655	1.016	2.224	0.042
ASV_57	1.485	14.115	0.220574340594963	0.573493285546904	NotSig	1.532	0.733	0.047	0	0.152	25.02	0	0.007	0.008	0.001	0.038	0	0	0	0.134	0.096	0	0.529	0.013	0.075	0.003	0.086	0.002	0.003	0.108	0	0	0.005	0	3.382	0.122	0	0.012	6.32	0.01	0.061	0.086	0.046	8.635	0.042	0.048	0	0	0	0
ASV_131	1.835	8.901	0.227515889657498	0.58257856594117	NotSig	0.062	0.019	0.104	0	0.086	0	0	0.669	0.001	0.176	0	0	0	0	0	0.008	0	0	0.001	0	0	0.147	0.12	0	0	0	0.193	0.004	0	0	0	0	0.036	0	0	0	0	0	0	0	0	0	0	0	0
ASV_51	0.893	14.647	0.235233468477765	0.593350092130481	NotSig	1.699	0.745	0.037	0.387	0.045	0.791	0.115	0.03	4.743	3.167	2.427	4.871	0.32	6.363	0.701	2.234	1.11	1.539	0.006	0.127	0.107	0.061	0.235	0.603	0.549	1.758	0.018	0.079	5.321	0.883	1.075	0.603	0.003	0.055	0.066	0.065	1.921	0.329	0.39	1.641	0.882	0.34	1.187	1.06	0.011
ASV_143	-1.534	8.767	0.239703926502536	0.595734758513657	NotSig	0.021	0.059	0.191	0.021	0.007	0	0.023	0.119	0	0	0	0	0	0	0	0	0	0	0	0.007	0.614	0.136	0.182	0.004	0.062	0.001	0.489	0	0	0	0	0	0	0	0.003	0.01	0.003	0.003	0	0.001	0	0	0	0	0.025
ASV_58	1.023	10.304	0.251996528934394	0.617208889708878	NotSig	0.151	0.087	0.092	0.587	0.006	0.225	0.172	0.77	0.126	0	0	0	0	0	0	0.007	0.004	0.007	0.569	0.058	0.932	0.119	0.261	0.006	0.041	0.007	0.415	0.019	0	0.003	0.006	0.004	0.001	0	0.049	0.087	0.017	0.005	0.149	0.031	0.036	0	0	0.002	0.003
ASV_96	-1.595	8.46	0.271715066333337	0.640183100742805	NotSig	0.011	0.023	0	0	0.167	0.015	0	0	0.001	0.001	0	0	0.001	0	0	0	0	0	0	0	0.005	0.003	0	0.553	0.005	0.013	0	0.004	0	0	0	0.001	0	0	0	0	0	0.003	0	0.003	0.007	0.001	0	0.002	0
ASV_130	-0.983	9.324	0.27236850152995	0.640183100742805	NotSig	0.04	0.064	0.22	0.133	0.026	0	0.019	0.178	0.002	0	0.009	0.006	0.011	0	0	0	0.013	0.057	0.01	0.116	0.268	0.307	0.079	0.01	0.007	0.002	0.637	0.098	0.001	0	0.035	0	0.001	0.003	0.003	0.052	0.008	0.001	0.01	0.014	0.011	0.002	0	0.001	0
ASV_881	1.263	11.372	0.276081806478504	0.640183100742805	NotSig	0.577	0.257	9.373	0.113	0.157	0.003	0.009	0.005	0	0	0.004	0.001	0	0	0	0.054	0	0.086	0.007	0.072	0.067	6.162	0.289	0.004	0.017	0	0.008	0.032	0.006	0	0.001	0	0	0	0.006	0.014	0.005	0.001	0.001	0.001	0.003	0	0	0	0
ASV_84	1.441	10.266	0.283866128434173	0.640183100742805	NotSig	0.275	0.103	4.603	0.005	0.007	0	0	0	0.002	0	0	0	0.039	0	0	0	0	0.009	0.007	0.07	0.089	2.29	0.107	0.006	0.012	0	0.006	0.002	0	0	0.003	0	0	0	0	0.078	0.001	0	0	0	0	0	0	0	0.006
ASV_118	-1.219	10.595	0.284031087775896	0.640183100742805	NotSig	0.071	0.126	0.02	0.356	0.002	0.019	0.035	0	0.045	0	0	0.119	0	0.003	0.23	0.384	0	0.001	0	0	0	0.003	0.25	0.06	0.379	0.014	0	0.127	0	0.472	0	0.001	0	0	0.472	0.026	0.956	0.013	0.435	0.029	0.038	0	0	0	0
ASV_106	-1.425	14.437	0.28410492636515	0.640183100742805	NotSig	0.577	0.461	0.005	0	0.019	0.007	0.431	0	0.065	0.005	0.809	6.411	0	0.107	0.738	1.213	0.001	0.001	0	0	0.018	0	0.013	0.053	0.192	10.612	0	0.057	0	0.302	0.006	0.639	0.004	0.001	0	0.003	0.057	0.003	0.003	0.001	0.011	0	0	0	0
ASV_33	0.936	10.192	0.291166849524915	0.647463125917246	NotSig	0.166	0.092	0.461	1.828	0.034	0.007	0	0.137	0.009	0.162	0.16	0	0	0	0	0.008	0	0.005	0.01	0.231	0.135	0.485	0.94	0.003	0.151	0	0.134	0.034	0	0.018	0.004	0	0.001	0.023	0.067	0.011	0.005	0.001	0.015	0.022	0.005	0	0.061	0.012	0.024
ASV_14	0.744	13.852	0.301919170445092	0.662653763704164	NotSig	1.247	0.628	0.084	0.067	1.559	1.076	1.652	0.014	2.081	0.123	0.792	0.014	2.725	1.475	0.92	0.177	4.054	4.298	0.084	0.545	0.828	0.066	0.083	4.146	1.072	0.491	0.001	0.32	1.765	1.258	1.333	0.009	0.005	0.204	0.02	0.031	0.04	0.081	1.532	0.038	0.171	1.473	0.172	0.212	0.44
ASV_147	-0.854	9.097	0.336172278129352	0.72520864900491	NotSig	0.031	0.061	0.193	0.013	0	0.01	0.175	0.037	0.062	0.001	0	0	0.011	0	0.001	0.011	0	0.005	0	0.231	0.328	0.354	0.15	0.003	0.007	0.002	0.165	0.007	0	0.004	0.001	0	0	0	0.168	0.023	0.033	0.003	0.004	0.004	0.048	0.002	0.022	0.01	0.006
ASV_60	-0.952	12.907	0.339002859594011	0.72520864900491	NotSig	0.264	0.332	0	0.251	0.187	1.913	0.043	0.07	0.074	0	0.203	0.001	1.285	0.026	0	0.151	0.27	0.013	0	0.226	0.244	0.025	0.141	0.257	0.022	1.839	0.011	0.018	0	0.122	0.046	0	0	0	0.003	0.03	0.094	0.075	0.16	0.918	1.86	0.473	0.64	1.434	0
ASV_311	-0.999	9.149	0.353021996520007	0.727376165579381	NotSig	0.032	0.059	0.064	0.251	0.013	0.045	0.004	0.133	0.015	0	0	0	0.001	0	0	0	0	0.005	0.013	0.503	0.062	0.053	0.353	0.004	0.014	0	0.169	0.013	0	0	0	0	0.079	0.172	0.023	0.005	0.077	0.001	0.015	0	0	0	0	0	0
ASV_26	-0.681	14.505	0.358159379067386	0.727376165579381	NotSig	1.061	1.572	0.193	0.144	0.146	0.547	0.819	0.026	0.052	1.559	1.799	1.412	1.201	1.738	1.192	6.03	0.45	0.711	0.014	0.214	1.278	0.258	0.301	0.123	1.23	0.404	0.007	0.093	0.55	1.211	16.011	7.746	0.022	3.138	3.364	0.361	0.16	0.263	0.347	0.243	0.179	2.726	0.084	0.487	0.084
ASV_46	0.972	10.999	0.358653292941873	0.727376165579381	NotSig	0.255	0.166	0.49	0.041	0.004	0.003	3.56	0.143	0.075	0	0	0	0.001	0	0	0	0	0.017	0.006	0.861	1.398	0.584	0.173	0.012	0.945	0.017	0.127	0.006	0	0.006	0	0.029	0	0.025	0.003	0.1	0	0.004	0.001	0	0.004	0	0	0.014	0.003
ASV_92	0.924	6.528	0.366313591457282	0.727376165579381	NotSig	0.006	0.004	0.022	0.026	0	0.024	0.007	0.004	0.006	0	0	0	0	0	0	0	0	0	0.011	0.002	0.002	0.022	0.034	0.001	0.01	0.002	0.015	0.002	0	0	0	0	0	0	0	0	0	0	0.001	0	0	0	0	0	0
ASV_64	-1.605	12.988	0.367315675553067	0.727376165579381	NotSig	0.371	0.879	0.007	2.128	0.002	0	0	4.164	0	0	0	0	0	0	0	0	0	0	0	1.447	0.081	0.008	1.567	0.012	0	0	19.713	0.006	0	0	0	0	0	0.004	0	0	0.003	0	0.001	0	0	0	0	0	0
ASV_87	0.692	13.479	0.3802846582718	0.727376165579381	NotSig	1.127	0.513	0.168	0.123	0.009	0.377	0.035	0.254	1.94	1.618	0.267	0.003	0	0.503	1.177	10.7	0.632	1.339	0.007	0.3	0.244	0.169	0.182	0.006	1.055	0.012	0.039	0.188	0.041	2.447	0.026	0.001	0.009	0.057	0.003	0.07	0.084	0.787	1.135	0.525	3.316	2.357	0.167	0.108	0.01
ASV_11	0.636	14.971	0.38038471727333	0.727376165579381	NotSig	2.259	1.425	0.097	0.118	1.046	1.54	1.587	0.107	0.909	0.443	7.628	18.333	0.629	0.638	1.228	0.944	1.225	1.855	0.073	0.682	0.63	0.1	0.135	1.008	1.328	0.14	0.007	0.146	1.019	5.672	5.276	1.264	0.005	0.119	0.264	0.038	0.638	0.116	0.428	0.502	1.394	4.821	6.548	4.563	0.2
ASV_16	-1.153	11.225	0.380514964628908	0.727376165579381	NotSig	0.155	0.321	0.089	2.205	0.022	0.005	0	0.31	0	0	0	0	0.003	0	0	0.001	0	0	0.001	4.716	0.125	0.102	2.05	0.003	0.134	0	1.176	0.002	0	0	0	0	0.007	0	0	0.001	0.003	0.001	0.007	0	0.009	0	0.001	0.004	0
ASV_44	0.663	9.685	0.388479622494968	0.727376165579381	NotSig	0.098	0.054	0.168	0.71	0.073	0.002	0.002	0.084	0	0.013	0.001	0.001	0.139	0.002	0.081	0	0.033	0.349	0.008	0.507	0.127	0.1	0.141	0.012	0.01	0.002	0.025	0.016	0.011	0.001	0.001	0.034	0.04	0.14	0.01	0.007	0.033	0.006	0.039	0.045	0.032	0	0	0	0.074
ASV_407	0.932	10.913	0.391430307312459	0.727376165579381	NotSig	0.123	0.075	0.005	0.079	0.002	0.041	0	0.026	0.007	0	0.001	1.877	0	0.002	0.01	0.02	0.007	0.004	0.004	0	0.003	0.003	0.139	0.133	0.23	0	0.001	0.013	0	1.087	0.001	0.221	0.001	0.003	0.001	0	0.089	0.009	0.003	0	0.007	0	0	0	0
ASV_156	1.332	8.45	0.391627128453242	0.727376165579381	NotSig	0.058	0.029	0.042	0.931	0	0	0	0	0	0	0	0	0	0	0	0	0.006	0	0	0.002	0.006	0.017	0.707	0.003	0	0	0	0	0	0.001	0	0	0	0	0	0	0.001	0.001	0.003	0	0	0	0	0	0
ASV_135	-1.188	8.471	0.393425079854539	0.727376165579381	NotSig	0.019	0.057	0.171	0.056	0.058	0.031	0.002	0	0.001	0	0	0	0	0	0	0	0	0	0	0.058	0.096	0.089	1.154	0.009	0.012	0	0	0.001	0	0.001	0	0	0	0.015	0.04	0	0	0	0	0	0	0	0	0	0
ASV_183	-1.431	9.136	0.395968090137888	0.727376165579381	NotSig	0.035	0.071	0.522	0.003	0	0	0	0	0.001	0	0	0	0	0	0	0	0	0.015	0.046	0	0	0.717	0.581	0.001	0	0	0	0.008	0	0	0	0	0	0.001	0.531	0.005	0	0	0	0	0	0	0	0	0
ASV_30	-0.869	11.134	0.40316477417644	0.732632761675465	NotSig	0.165	0.309	0.173	2.397	0.079	0.088	0	0.01	0.014	0.001	0.003	0.008	0	0	0.003	0.003	0	0.019	0.004	1.87	0.83	0.122	3.892	0.023	0.034	0.002	0.007	0.081	0	0	0	0	0	0.021	0.076	0.02	0.403	0.028	0.492	0.039	0.072	0	0	0	0.01
ASV_49	-0.772	12.401	0.415307842840989	0.739143720058036	NotSig	0.27	0.506	0.111	1.282	0.017	0.012	0.004	0.071	0.099	1.22	0.5	0	0.001	0	0.007	1.164	0.014	0.019	0.069	0.464	0.136	0.108	1.793	0.015	0.036	0.001	0.049	0.132	0.001	0	0.003	0	0.129	3.176	2.026	0.053	4.673	0.048	0.258	0.028	0.025	0	0.002	0.006	0
ASV_111	0.8	9.22	0.415494990565168	0.739143720058036	NotSig	0.049	0.039	0.213	0.023	0.051	0.036	0.062	0.001	0.012	0	0	0	0.298	0	0	0.007	0	0.001	0.133	0.003	0.179	0.199	0.107	0.012	0.043	0.001	0	0.01	0	0	0	0	0	0.001	0.026	0.15	0.003	0.001	0.009	0.01	0.032	0	0	0	0.224
ASV_55	0.64	11.407	0.432796257819237	0.753806510537512	NotSig	0.244	0.122	0.206	0.1	0.35	0.024	0.161	0.524	0.329	0.215	0.074	0.657	0.049	0.002	0.003	1.343	0.076	0.008	0.029	0.128	0.071	0.449	0.246	0.08	0.329	0.014	0.176	1.453	0.001	0	0.015	0.001	0.011	0.007	0.003	0.042	0.015	0.017	0.074	0.004	0.029	0	0	0	0.014
ASV_78	-0.631	11.312	0.434570117418624	0.753806510537512	NotSig	0.161	0.207	0.037	0.592	0.09	0.033	0.014	0.305	0.012	0.111	0.142	0	0	0.002	0.749	0.106	0.151	0.013	0.387	0.142	0.083	0.086	0.509	0.022	0.014	0.007	0.446	0.014	0.011	0.004	0.001	0.001	0.044	0.32	0.245	0.025	1.667	0.048	0.69	0.208	0.772	0	0.003	0	0.017
ASV_48	0.981	11.721	0.437118568240688	0.753806510537512	NotSig	0.26	0.288	0.052	0.092	0	0.009	0	0.475	3.764	0	0	0.018	0.001	0	0	0	0	0.001	0	0.601	5.043	0.033	0.603	0.012	0.257	0.002	0.222	0.02	0	0	0	0.656	0.009	0	0	0.014	0	0	0	0.001	0.02	0	0	0	0.001
ASV_93	-0.69	8.957	0.443626918841579	0.754996903963463	NotSig	0.034	0.057	0.228	0.097	0.006	0.002	0.016	0.151	0.007	0.001	0.003	0.022	0.011	0	0.001	0.001	0.007	0.009	0.015	0.149	0.417	0.299	0.214	0.003	0.002	0	0.251	0.049	0.003	0.009	0.01	0	0.013	0	0.033	0	0.027	0	0.001	0.001	0.001	0	0	0	0
ASV_126	0.645	13.032	0.45251877565083	0.754996903963463	NotSig	0.719	0.242	0.002	0.026	0.036	0.002	0.067	0.026	0.003	0.393	0.275	0.508	2.367	0.003	5.946	0.001	1.526	0.874	0.168	0.06	0.003	0.017	0.013	0.099	0.014	1.26	0	0.025	1.166	0.019	0.199	0.001	0.077	0.015	0.01	0.011	0.639	0.017	1.432	0.017	0.004	0.269	0.126	0.446	0.363
ASV_137	-0.696	11.168	0.452540862400799	0.754996903963463	NotSig	0.07	0.144	0.002	0.008	0	0.005	0	0	0.015	0.029	0.099	0.286	0.312	0.327	0.018	0.052	0.029	0	0.006	0.026	0.013	0	0.004	0.044	0.002	0.004	0	0.065	0.138	0.084	1.402	0.36	0.231	0.04	0.304	0.014	0.629	0.041	0.201	0.085	0.026	0	0.011	0.021	0
ASV_124	-0.672	12.517	0.458946509267213	0.754996903963463	NotSig	0.236	0.21	0.025	0.118	0.071	0.394	0.051	0	2.658	0	0.311	0.16	0.003	0.017	0.021	0.166	0.013	0.011	0.001	0.118	0.083	0.039	0.041	0.178	0.043	1.625	0	0.031	0.015	0.058	1.122	0.712	0.011	0.013	0.161	0.018	0.866	0.062	0.029	0.055	0.099	0	0.04	0.005	0.042
ASV_40	-0.54	11.968	0.460146042060572	0.754996903963463	NotSig	0.29	0.258	0.156	0.177	0.137	0.015	0.023	1.55	0.06	0.008	0.052	0.054	0.065	0	0.196	0.531	0.04	1.161	0.71	0.171	0.268	0.227	0.248	0.026	0.101	0.017	1.113	0.267	0.018	1.07	0.263	0.129	0.759	0.256	0.722	0.03	0.08	0.009	0.773	0.015	0.015	0	0.007	0.01	0.117
ASV_157	-0.8	12.106	0.47434659021421	0.770813209098091	NotSig	0.17	0.173	0	0.01	0	0.003	0.009	0	0	0.14	0.007	0.33	0.778	0.053	0	0.032	1.258	0.273	0	0.038	0.029	0.003	0.004	0.003	0	0.384	0.001	0.002	2.085	0.003	0	0.004	0	0.004	0	0.014	0.043	0.41	0.029	1.061	0.273	0	0.083	0.021	0
ASV_207	0.717	11.314	0.485562819321665	0.781524918717727	NotSig	0.26	0.107	0.002	0	0.406	0.105	0.007	0	0.009	0	0.013	0.857	0.104	0.005	0	0.617	0.001	2.108	0.178	0	0.003	0.003	0	0.048	0	0	0	0.119	0	0	0.177	0.015	0.031	0.258	0.034	1.636	0.088	0.018	0.149	0.014	0.016	0.002	0	0	0.185
ASV_38	0.558	14.535	0.490317943827712	0.781733325536635	NotSig	1.5	0.485	0.064	0.067	0.075	2.362	0.264	0.029	0.062	0.991	2.127	3.674	5.992	2.308	0.943	0.159	5.862	0.391	0.134	0.211	0.177	0.039	0.122	0.444	0.125	5.139	0.008	0.089	2.386	0.046	1.583	0.456	0.059	0.013	0.024	0.027	0.073	0.515	0.124	0.185	0.395	0.182	0.142	0.037	0.006
ASV_95	-0.984	9.45	0.50301626843656	0.79448363893251	NotSig	0.044	0.067	0.161	0.156	0	0	0	0.432	0	0	0	0.003	0	0	0	0	0	0	0	0.007	0.096	0.191	0.073	0.003	0.002	0	1.218	0.007	0	0	0	0.001	0	0	0	0.016	0	0	0.003	0	0.122	0	0	0	0
ASV_4	0.579	13.507	0.518974304951936	0.812098680897011	NotSig	1.582	1.12	13.746	1.172	8.037	0.107	2.858	0.664	0.103	0	0.013	0.042	0.038	0.002	0.001	0.004	0	0.017	0.092	0.856	4.704	10.376	4.79	0.464	0.698	0.023	1.849	0.138	0.004	0	0.105	0.134	0.012	0	0.107	0.548	0.128	0.084	0.951	0.147	0.168	0.002	0	0	2.824
ASV_870	0.681	9.729	0.536252997979093	0.821192816436777	NotSig	0.146	0.085	2.31	0.049	0.056	0.003	0.014	0.001	0.005	0	0.003	0	0.011	0	0	0.008	0	0	0.013	0.026	0.05	1.603	0.152	0.016	0.084	0	0.001	0.006	0	0.005	0.001	0	0	0	0.023	0.059	0	0.003	0.003	0	0	0	0	0	0.19
ASV_94	-0.518	12.795	0.538708320435755	0.821192816436777	NotSig	0.315	0.419	0.057	0.051	0.125	0.426	1.868	0.01	0.448	0	0.062	0.768	0.336	0.661	0.001	0.032	0.104	0.095	0.315	0.104	0.115	0.044	0.237	0.473	0.233	0.126	0.021	0.048	0.021	0.003	1.901	5.87	0	0.001	0.536	0.027	0.018	0.023	0.063	0.022	0.019	0.004	0.052	0.041	0.89
ASV_23	-0.439	13.073	0.539363329138948	0.821192816436777	NotSig	0.514	0.644	0.102	0.115	1.464	0.213	1.111	0.204	1.815	0.117	1.688	0	0.049	0.025	0.864	0.374	0.04	0.265	0.296	1.67	0.781	0.097	0.167	0.083	2.383	0.02	0	0.136	0.288	0.105	0.664	0.098	0	1.095	4.034	0.082	0.218	0.294	0.352	0.242	1.664	0.94	0.411	0.267	0.65
ASV_69	0.478	12.482	0.545267980807917	0.822770435326231	NotSig	0.301	0.26	0.04	0.085	0.191	0.676	0.122	0.005	0.355	0.01	0.244	0.327	1.152	1.559	0.089	0.149	0.009	0.076	0.022	0.281	0.151	0.047	0.049	0.034	0.655	0.415	0	0.029	0.267	0.074	3.015	0.013	0	0.052	0	0.008	0.006	0.043	0.09	0.064	0.18	0.671	0.137	0.37	0.103
ASV_115	0.688	8.95	0.553423830635448	0.827686967941511	NotSig	0.061	0.047	0.339	0.062	0.002	0	0.394	0.23	0.003	0	0.001	0	0.001	0	0.001	0	0	0	0	0.043	0.174	0.695	0.1	0	0	0.008	0.035	0.001	0	0	0.01	0	0	0	0.006	0.001	0	0	0.001	0	0.007	0	0	0	0.131
ASV_70	-0.572	10.499	0.561411237458386	0.832267536232168	NotSig	0.074	0.087	0.035	0.085	0.002	0.003	0.007	0.265	0.002	0.402	0.006	0	0	0	0.094	0.098	0.058	0.196	0.007	0.17	0.159	0.302	0.135	0.001	0	0.002	0.081	0	0.354	0	0	0.001	0	0	0.029	0.007	0.012	0.416	0.309	0.15	0.05	0	0.08	0	0
ASV_97	-0.397	12.025	0.575255031984589	0.845374786133875	NotSig	0.264	0.271	0.149	0.1	0.223	0.796	0.135	0.027	0.332	0.039	0.264	0.007	0.006	0.014	0.277	1.614	0.081	0.053	0.365	0.438	0.14	0.114	0.485	0.013	0.468	0.01	0.003	0.036	0.021	0.755	0.073	0.016	0	0.016	0.06	0.029	0.049	0.524	0.265	0.217	1.726	0.333	0.443	0.319	0.502
ASV_116	-0.515	9.26	0.608033801086507	0.885842348134652	NotSig	0.042	0.079	0.391	0.09	0	0.014	0.002	0.022	0.175	0	0.007	0	0	0	0	0	0.012	0.007	0	0.296	0.294	0.842	0.263	0.004	0.002	0.001	0.197	0.001	0	0	0.001	0	0	0	0.007	0.005	0.039	0.001	0.003	0.008	0.023	0	0.007	0.011	0.048
ASV_113	-0.365	12.36	0.613857963384773	0.886683724889116	NotSig	0.284	0.323	0.109	0.067	0.225	0.208	1.276	0.018	0.425	0.025	0.78	0.014	1.068	0.082	0.1	0.188	0.095	0.126	0.021	0.312	0.203	0.08	0.088	1.467	0.748	0.082	0	0.078	1.266	0.224	0.252	0.004	0	0.017	0.029	0.01	0.125	0.064	1.235	0.164	0.496	0.553	0.311	0.294	0.288
ASV_210	-0.55	11.858	0.623138080596094	0.890344661054151	NotSig	0.136	0.101	0.005	0.003	0.026	0.132	0.206	0	0.028	0	0.001	0.047	1.679	0	0	0	0.13	0.049	0	0.003	0.003	0.019	0.036	0.179	0.139	1.261	0	0.055	0	0	0.004	0.359	0	0.216	0.007	0.041	0.019	0.014	0.039	0.01	0.011	0	0	0	0.208
ASV_167	0.556	7.414	0.640134858228078	0.890344661054151	NotSig	0.021	0.015	0.329	0.003	0.007	0.007	0	0.004	0.006	0	0.004	0	0	0	0	0	0	0	0	0.022	0.073	0.191	0.081	0.001	0.014	0	0.001	0	0	0	0.006	0	0	0	0	0.004	0	0	0.001	0	0	0	0	0	0
ASV_13	0.354	14.151	0.640438192186373	0.890344661054151	NotSig	1.402	0.718	0.183	0.072	3.599	0.535	1.954	0.043	0.872	0.146	1.274	0.072	5.43	0.023	0.717	0.931	0.366	2.34	5.269	0.399	0.299	0.291	0.271	0.36	0.48	0.031	0.018	3.043	0.186	0.001	3.761	0.01	6.057	0.228	0.335	0.213	1.378	0.053	0.167	0.021	0.073	0.13	0.002	0.103	0.766
ASV_32	0.42	11.035	0.64108816422738	0.890344661054151	NotSig	0.246	0.169	0.245	1.469	0.225	0.031	0.009	0.616	0.008	0	0	0	0	0	0.001	0	0.157	0.748	0.672	1.175	0.227	0.183	0.526	0.035	0.132	0.033	0.156	0.03	0	0.001	0	0	0.005	0.433	0.068	0.01	0.064	0.009	0.032	0.031	0.017	0	0.003	0.007	1.205
ASV_63	-0.403	10.322	0.642734015672228	0.890344661054151	NotSig	0.094	0.133	0.099	0.126	0.009	0.041	0.14	0.815	0.022	0	0.004	0.008	0.003	0	0	0.006	0.035	0.035	0.253	0.44	0.507	0.194	0.147	0.01	1.499	0.012	0.304	0.004	0.006	0.003	0	0.025	0	0.044	0.043	0.087	0.006	0.01	0.068	0.025	0.028	0	0	0.001	0
ASV_5	0.355	13.344	0.651565106822767	0.8952398622199	NotSig	1.159	0.592	2.526	2.256	0.741	0.277	3.879	4.021	0.342	0.031	0.179	0	0.066	0.002	0.023	5.125	0.017	0.191	0.024	0.766	2.048	1.85	2.618	0.518	0.23	0.052	0.105	0.205	0.028	0.035	0.006	0.004	0.352	0	0.408	0.2	0.075	3.02	0.486	0.133	2.007	0	0.049	0.133	0.062
ASV_151	-0.542	8.701	0.661494939928045	0.901553587482578	NotSig	0.031	0.06	0.069	0.305	0.002	0.003	0.057	0.055	0.029	0	0	0	0	0	0	0	0	0	0.001	0.005	1.283	0.039	0.098	0.004	0.005	0.006	0.031	0.001	0	0	0	0	0	0	0	0.018	0	0	0.067	0	0	0	0	0.002	0
ASV_79	0.354	11.258	0.674896296600772	0.912459793004244	NotSig	0.274	0.149	0.084	0.877	0.021	0.005	0.05	3.447	0.019	0.005	0	0.004	0.004	0	0.001	0.001	0.006	0.075	0.066	0.039	0.309	0.097	0.701	0.045	0.002	0.01	1.325	0.074	0	0.029	0.004	0.046	0.375	0.055	0.405	0.093	0.008	0.013	0.159	0.003	0.036	0.001	0.005	0.022	0.007
ASV_148	0.625	7.604	0.69400128332664	0.930842991128589	NotSig	0.01	0.01	0	0.003	0	0.136	0	0	0.035	0	0	0	0	0	0	0	0	0	0	0.002	0	0	0.002	0.001	0.216	0	0	0.038	0	0.001	0	0	0	0	0	0	0.004	0	0	0	0	0	0	0	0
ASV_146	-0.337	9.164	0.72510395511725	0.957522607460778	NotSig	0.045	0.047	0.072	0.128	0.006	0	0.03	0.476	0.012	0	0	0	0.007	0	0	0.001	0.003	0.001	0.028	0.012	0.39	0.097	0.081	0.004	0.005	0.002	0.289	0.098	0	0.028	0.026	0.028	0.013	0	0.084	0.045	0.004	0	0.004	0	0.003	0.001	0	0	0
ASV_54	-0.314	13.501	0.725224223402246	0.957522607460778	NotSig	0.714	0.605	0.106	0.036	0.066	0.05	5.637	0.016	1.495	0.076	0.405	0.003	0.992	0.002	0.753	0.006	2.47	0.024	0	0.115	0.112	0.1	0.092	0.641	0.626	1.439	0.011	0.127	0.013	0.003	7.76	0	0	0.083	0.412	0.045	0.01	0.014	0.019	0.015	0.175	3.055	0.106	0.556	0.193
ASV_108	-0.352	8.287	0.740794623389467	0.960931557087717	NotSig	0.028	0.035	0.124	0.323	0	0	0.002	0.01	0.002	0.001	0	0	0.004	0.002	0	0	0	0	0	0.005	0.463	0.127	0.214	0.001	0.005	0.001	0.025	0	0	0.004	0	0	0.039	0	0.006	0.004	0.006	0.005	0.009	0.003	0.004	0	0	0	0
ASV_20	0.306	10.803	0.750082109256067	0.960931557087717	NotSig	0.18	0.134	0.376	0.164	0.401	0.074	1.423	0.038	0.075	0.001	0.052	0.024	0	0	0.001	0.07	0	0.35	0.004	0.176	0.132	0.396	0.246	0.028	0.703	0.027	0.218	0.104	0.001	0	0	0.003	0.178	1.245	0.001	0.012	0	0	0.016	0	0	0	0	0	0.008
ASV_169	0.366	7.913	0.752308255341982	0.960931557087717	NotSig	0.026	0.024	0.037	0.369	0.002	0	0.005	0.012	0.002	0	0	0	0	0	0.001	0.001	0	0.001	0.018	0.005	0.026	0.125	0.361	0	0.086	0	0.004	0.002	0	0.003	0	0	0	0	0.011	0	0	0	0	0.001	0	0	0	0	0
ASV_52	-0.255	13.318	0.770866586782603	0.960931557087717	NotSig	0.558	0.548	0.037	0.015	0.344	0.06	0.37	0.045	0.62	0.065	0.302	1.343	2.734	0.011	0.011	0.304	0.118	3.029	0.073	0.125	0.075	0.025	0.068	0.095	0.468	0.007	0.054	0.456	0.161	0.001	0.852	0.044	0.023	0.264	0.004	11.214	0.048	0.059	0.066	0.062	0.064	0	0	0.001	0.025
ASV_65	0.222	13.582	0.772360296390079	0.960931557087717	NotSig	0.913	0.662	0.027	0.069	0.44	0.371	0.181	0.026	0.713	0.011	9.916	0.104	0.34	1.235	0.459	0.031	0.785	0.548	0.261	0.313	0.425	0.033	0.047	0.533	0.532	0.133	0	0.034	0.429	3.415	7.038	0.093	0	0.019	0.255	0.022	1.073	0.064	0.229	0.214	0.175	0.692	0.211	0.529	0.712
ASV_235	-0.201	9.565	0.788164552025547	0.960931557087717	NotSig	0.059	0.05	0.084	0.172	0.007	0	0.016	0.185	0.007	0.037	0.001	0.001	0.028	0	0.342	0.008	0	0.083	0.034	0.026	0.068	0.108	0.182	0.001	0.01	0	0.19	0.068	0	0.137	0.004	0.016	0.081	0.032	0.011	0.034	0.045	0.023	0.128	0.025	0.019	0	0.008	0.048	0.034
ASV_91	-0.246	12.06	0.792823295566541	0.960931557087717	NotSig	0.235	0.261	0.005	0.1	0.007	1.2	0	0.052	0	0.55	0.604	0.022	0.079	0.009	0.616	0.152	0.519	0.072	0	0.007	0.058	0.008	0.908	0.023	0.094	0.001	0.004	0.006	0.119	0.004	0	0	0.001	0	0.004	0.068	0.061	0.439	0.089	0.409	4.386	0.003	0.047	0.002	0.036
ASV_53	-0.249	9.563	0.809149119023191	0.960931557087717	NotSig	0.043	0.053	0.188	0.028	0.004	0.435	0	0	0.002	0	0.058	0	0	0	0	0.018	0	0.003	0	0.017	0.055	0.208	0.028	0.031	0.151	0.004	0	0.005	0.013	0	0	0	0.001	0	0.006	0.027	0.036	0.117	0.131	0.057	0.042	0	0.076	0	0.368
ASV_121	0.207	8.712	0.810194205644828	0.960931557087717	NotSig	0.045	0.03	0.31	0.11	0.032	0.003	0.004	0.2	0.001	0	0	0	0.004	0	0	0	0.001	0.019	0.081	0.079	0.026	0.152	0.085	0.018	0.002	0	0.127	0.04	0.001	0	0.001	0	0.003	0.007	0.011	0.03	0.048	0.009	0.015	0.001	0.019	0	0.001	0	0.103
ASV_83	0.271	9.776	0.81063774110394	0.960931557087717	NotSig	0.131	0.104	2.085	0.054	0.026	0.002	0.005	0.004	0.008	0	0.007	0	0	0	0	0	0.01	0.033	0	0.503	1.086	0.701	0.237	0.003	0.062	0	0	0	0	0	0.001	0	0	0.003	0	0.016	0	0	0.004	0.006	0.007	0	0.031	0.001	0.034
ASV_7	-0.18	15.402	0.81078082245687	0.960931557087717	NotSig	2.284	1.613	0.225	1.159	2.166	1.215	2.326	0.067	15.708	2.554	1.428	2.257	1.217	1.246	2.389	0.683	2.482	1.654	0.046	0.952	0.58	0.294	0.511	3.51	4.211	7.542	0.001	0.371	2.612	0.268	0.163	2.323	0.001	0.191	0.068	0.566	0.466	0.861	1.301	6.23	5.342	0.596	1.723	1.238	0.021
ASV_12	-0.268	11.539	0.813314643685085	0.960931557087717	NotSig	0.337	0.467	4.361	0.626	0.015	0.005	0.002	0.595	0.009	0.035	0	0.067	0.004	0	0.001	0	0	0	0.01	0.08	0.742	10.008	0.447	0.018	0.552	0.004	0.215	0.024	0	0	0	0.004	0.022	0	0.004	0	0.008	0.004	0.006	0.001	0.001	0	0	0	0
ASV_199	0.235	12.569	0.826019597872622	0.960931557087717	NotSig	0.42	0.395	0	0.003	0.007	0.003	0	0.04	0.009	2.355	0.619	0.004	0.003	0	3.782	0.089	0.058	0.164	0.01	0.007	0.003	0	0	0.006	0.002	0	0	0.026	0	0.003	0.075	0.003	0	0.043	0.006	0.033	0.086	0.098	6.541	0.701	0.331	0	0.011	0.025	2.277
ASV_82	0.244	7.506	0.826523802350156	0.960931557087717	NotSig	0.018	0.016	0.082	0.187	0.013	0.002	0.004	0.012	0	0	0	0	0.003	0	0	0	0	0	0.004	0.057	0.042	0.111	0.15	0.004	0	0	0.022	0.004	0	0	0	0	0	0	0.017	0	0	0	0.003	0	0.003	0	0	0.001	0
ASV_37	-0.2	11.006	0.827565011116657	0.960931557087717	NotSig	0.227	0.252	2.62	0.108	0.077	0.014	0	0.125	0.005	0.015	0.004	0.001	0.004	0	0.548	0.024	0.049	0.253	0.01	1.341	0.297	4.331	0.047	0.029	0.005	0.002	0.013	0.002	0.199	0.003	0	0	0	0	0.004	0.001	0.013	0.071	0.041	0.014	0.02	0	0.076	0.024	0.02
ASV_35	-0.195	11.994	0.833833266711749	0.960931557087717	NotSig	0.201	0.312	0.035	0.103	0.157	0.949	0.113	0	0.481	0.113	0.392	0	0.87	0.037	0.068	0.003	0.019	0.064	0.01	0.317	0.287	0.042	0.045	0.216	1.954	0.001	0	0.101	0.101	0.169	0.632	0	0	0.033	0.009	0.01	0	0	0.001	0	0	2.372	0.107	0.963	0.756
ASV_22	0.195	12.278	0.840320497953815	0.960931557087717	NotSig	0.493	0.331	1.047	0.092	1.271	0.146	2.817	0.004	0.051	0	0.318	0	0	0.008	0	2.491	0.001	0.005	0.137	0.086	0.17	0.814	0.342	0.172	0.297	0.017	0.017	0.026	0.042	0	0.044	0	0.003	0	2.063	1.366	0.013	0.006	0.052	0.049	0.168	0	0	0	2.852
ASV_31	-0.167	14.077	0.844126555799129	0.960931557087717	NotSig	1.131	1.035	0.017	0.059	0.176	0.492	14.015	0.003	0.902	0.103	0.006	1.418	0.32	0.907	0.007	0.08	0.225	0.501	0.001	0.24	0.292	0.033	0.09	0.09	1.424	0.276	0	0.203	0.515	1.938	0.001	7.005	0.019	5.336	0.001	0.055	0.07	0.17	0.274	0.07	0.189	7.736	0.167	0.656	0.056
ASV_138	0.198	11.7	0.845968487447406	0.960931557087717	NotSig	0.214	0.276	0.357	0.008	0.041	0.062	0.048	0.001	1.373	0.633	0.379	0.001	0	0.002	0.736	0	0	0	0	0.005	3.418	0.468	0.096	0.114	0.228	0.028	0	0.02	0	0	0.325	0.007	0.028	0.029	0	0	0.004	0.001	0.004	0	0	0.486	0.922	0.457	0.542
ASV_74	0.204	9.784	0.846963050524189	0.960931557087717	NotSig	0.116	0.091	1.592	0.041	0.148	0.002	0.071	0.063	0.034	0	0.006	0	0.001	0	0	0	0.006	0	0.013	0.317	0.283	0.969	0.122	0.009	0.01	0	0.024	0.001	0	0	0.03	0	0	0	0.001	0.094	0.008	0.003	0	0.004	0.009	0	0	0	0.475
ASV_103	0.163	11.702	0.847211846189762	0.960931557087717	NotSig	0.189	0.195	0.054	0.028	0.007	0.315	0.053	0	2.472	0.005	0.129	0	0.018	0.009	0.016	0.052	0.014	0.045	0	0.036	0.057	0.072	0.028	0.019	0.276	0.04	0	0.055	0.001	0.257	0.069	0	0.004	0.502	0.054	0.014	0.04	0.047	0.023	0.064	0.443	0.818	0.673	1.122	0.348
ASV_9	0.115	14.16	0.858364637750569	0.964358660597524	NotSig	1.431	1.19	0.228	0.195	3.012	1.069	3.141	0.648	2.231	1.124	4.441	0.006	0.104	0.026	2.06	1.636	1.205	1.118	2.075	2.666	0.89	0.186	0.293	0.241	2.585	0.06	0.028	0.148	0.471	0.931	0.792	0.403	0.003	1.789	1.933	0.138	0.831	0.529	6.011	0.743	4.725	0.602	0.778	0.557	2.6
ASV_77	-0.16	9.872	0.861645903847492	0.964358660597524	NotSig	0.084	0.1	0.359	0.151	0.2	0.002	0.041	0.579	0.022	0	0.009	0.011	0.011	0	0.003	0.008	0.001	0.004	0.025	0.158	0.843	0.471	0.186	0.007	0.002	0.001	0.717	0.023	0.003	0.003	0.008	0	0.012	0	0.04	0.004	0.106	0.001	0.007	0.001	0	0	0	0	0
ASV_100	0.151	10.886	0.869302702098965	0.964881680860159	NotSig	0.153	0.107	0.02	0.036	0.047	0.241	1.039	0	0.06	0	1.068	0	0	0.008	0.001	0.001	0.072	0	0.003	0.19	0.167	0.006	0.019	0.193	0.149	0.012	0	0.115	0	0	0.668	0.003	0.001	0	0.076	0.087	0.102	0.146	0.379	0.155	0.109	0.134	0.001	0.068	0.001
ASV_101	0.191	6.163	0.877044728045386	0.964881680860159	NotSig	0.003	0.004	0.012	0.008	0	0.007	0.002	0	0	0	0	0	0	0	0	0	0	0.028	0	0	0	0.069	0.013	0.004	0	0	0	0.004	0	0	0	0	0	0	0	0	0	0	0	0	0.001	0	0	0	0
ASV_119	0.123	12.406	0.881986736121311	0.964881680860159	NotSig	0.424	0.29	0.007	0.028	0.367	0.005	0.018	0.414	0.015	0.569	0.222	0.18	0.011	0.017	1.567	0.095	0.115	0.306	3.266	0.065	0.005	0.017	0.004	0.013	0.005	0.003	0.036	0.017	0.078	0.001	0.046	0	0.007	0.077	1.598	0.034	0.251	0.986	0.121	0.775	0.5	0	0.103	0.04	2.754
ASV_166	-0.218	9.372	0.884950654043341	0.964881680860159	NotSig	0.082	0.085	1.387	0.01	0.002	0	0	0	0	0	0	0	0	0	0	0	0	0	0	0.002	0	1.988	0.017	0	0.002	0	0	0	0	0	0	0	0	0	0.001	0.01	0.015	0.08	0.039	0.017	0.024	0	0	0	0.003
ASV_144	-0.151	8.295	0.89836670647531	0.969592544034228	NotSig	0.029	0.026	0.082	0.295	0.004	0	0.004	0.063	0.001	0	0	0.003	0	0	0	0	0	0.013	0.025	0.082	0.041	0.055	0.118	0.004	0	0	0.355	0	0	0	0	0	0	0	0.004	0.001	0	0	0.009	0	0.009	0	0	0.001	0
ASV_50	0.132	9.543	0.911904122913085	0.969592544034228	NotSig	0.076	0.068	0.03	0.613	0.022	0.019	0.019	0.543	0.03	0	0	0	0	0	0	0.001	0	0.003	0.007	0.101	0.013	0.014	0.827	0.025	0.079	0	0.584	0.01	0	0	0	0	0	0	0.098	0	0.003	0	0.001	0	0.005	0	0	0	0
ASV_61	0.158	8.444	0.91522055599279	0.969592544034228	NotSig	0.037	0.029	0	0.554	0	0	0	0	0.001	0	0	0	0	0	0	0	0	0.012	0.057	0.01	0.218	0.011	0.265	0	0	0	0.007	0	0	0	0	0	0	0	0.233	0.003	0	0	0.003	0	0.004	0	0	0	0
ASV_127	0.097	10.204	0.93465046347668	0.969592544034228	NotSig	0.091	0.096	0.002	0	1.174	0.036	0	0.066	0.005	0.047	0.001	0	0	0.048	0.025	0	0	0.001	0.138	0.123	0.125	0.003	0	0.031	0.489	0	0.001	0.002	0.001	0	0	0	0	0	0.049	0	0	0	0	0	0	0.296	0.007	0.022	1.346
ASV_36	-0.067	10.928	0.939236448725564	0.969592544034228	NotSig	0.168	0.204	0.265	0.543	0.095	0.086	0.181	1.118	0.163	0.013	0	0	0.001	0	0	0.046	0.006	0.004	0.343	0.468	0.937	0.498	0.648	0.013	1.475	0.006	0.582	0.012	0.006	0.001	0.006	0.009	0	0.067	0.195	0.02	0.003	0.009	0.192	0	0.017	0	0	0.001	0.133
ASV_189	0.051	11.507	0.943170998996105	0.969592544034228	NotSig	0.159	0.157	0.099	0.026	0.015	0.055	0.223	0.026	0.315	0.011	0.217	0.506	0.712	0.084	0.016	0.107	0.179	0.108	0.003	0.158	0.205	0.072	0.047	0.007	0.098	0.025	0.013	0.056	0.062	0.595	0.881	0.967	0.005	0.023	0.422	0.044	0.027	0.032	0.047	0.015	0.013	0.168	0.004	0.079	0.006
ASV_209	0.072	11.532	0.944539820069339	0.969592544034228	NotSig	0.273	0.186	0.193	0.062	0.022	0.126	2.391	0.01	0.02	0	0	0	0	0.002	0	1.814	0	0.003	0	0.014	0.031	0.21	0.073	0.031	0.357	0.02	0	0.016	0.239	0	0	0	0	0	0	0.063	0.024	0.024	0.051	0.217	1.322	0.142	0.09	1.721	0.196
ASV_89	0.057	12.608	0.948391008566651	0.969592544034228	NotSig	0.506	0.228	0.067	0.079	0.775	0.015	0.012	1.904	0.006	0.081	0.065	0.001	0.339	0.002	1.551	0	2.297	0.278	1.137	0.087	0.088	0.047	0.013	0.092	0.055	0.006	0.025	0.005	0.116	0.001	0.004	0.001	3.476	0.005	0.001	0.023	0.515	0.059	0.596	0.333	0.309	0	0.01	0.004	0.064
ASV_6	-0.067	13.056	0.948940661287886	0.969592544034228	NotSig	0.94	1.019	1.882	10.313	0.056	0.002	0.043	3.345	0.035	0	0	0	0.01	0	0.014	0.239	0	0.005	0.029	3.293	3.202	2.645	11.033	0.015	0.41	0.002	5.377	0.041	0.001	0.018	0.001	0	0.042	0.144	0.026	0.001	0.058	0.001	0.146	0.021	0.021	0	0	0	0.007
ASV_27	-0.045	13.239	0.952047280290726	0.969592544034228	NotSig	0.55	0.499	0.052	0.105	0.114	1.288	2.028	0.005	3.626	0.072	0.062	0.585	0.423	0.036	0.297	0.289	0.325	0.039	0.003	0.19	0.247	0.061	0.088	0.318	0.686	0.016	0.001	0.273	0.243	0.108	0.071	5.304	0.136	0.319	0.113	0.029	0.192	0.033	0.058	0.02	0.295	1.194	2.036	0.925	0.029
ASV_152	-0.045	11.751	0.952380842069124	0.969592544034228	NotSig	0.258	0.221	0.121	0.244	0.004	0	0.005	0.384	0.01	0.385	0.616	0.004	0.013	0.017	0.646	0.247	0.547	0.132	1.014	0.053	0.023	0.105	0.1	0.01	0.017	0.001	0.497	0.277	0.078	0.031	0.475	0.004	0.007	0.019	0.16	0.056	0.372	0.079	2.798	0.357	0.06	0.054	0.003	0.029	0.092
ASV_140	0.052	7.905	0.963772707389845	0.975153061896513	NotSig	0.024	0.025	0.144	0.2	0.039	0	0.011	0.003	0.003	0	0	0	0	0	0	0	0	0.001	0.004	0.07	0.042	0.1	0.387	0.004	0.01	0	0.015	0.007	0	0	0	0	0	0	0	0	0	0	0	0.001	0.008	0	0	0.015	0.001
ASV_123	0.041	12.094	0.969382925435587	0.975153061896513	NotSig	0.378	0.284	0.059	0.031	0	0	0	0.001	0.006	0.184	0.17	0	0	0.009	0.935	0	0.062	1.909	3.055	0.257	0.055	0.047	0.024	0	0.175	0.003	0	0.001	0.131	0.013	0	0	0.184	0.455	1.615	0.045	0.066	0.051	4.049	0.071	0.134	0	0	0	0
ASV_120	-0.017	12.086	0.987346171832945	0.987346171832945	NotSig	0.355	0.231	0.01	0	0.017	0.026	3.223	0.021	0.009	0	2.687	0.018	0	0.003	0	0.004	0	0.001	0.01	0.005	0.003	0.011	0.049	0.007	0.319	0.093	0.001	0.007	0.007	0.006	2.166	0.015	0	0	0.054	0.025	0.05	0.065	0.118	0.97	2.026	0	0	0	0
