ID	log2FC	log2CPM	PValue	FDR	level	MeanA	MeanB	HE03P003	HE03P004	HE03P005	HE03P010	HE03P011	HE03P012	HE03P014	HE03P019	HE03P021	HE03P022	HE03P023	HE03P024	HE03P025	HE02P026	HE03P028	HE03P046	HE03P047	HE03P048	HE03P050	HE03P051	HE03P055	HE03P056	HE03P057	HE03P058	HE03P059	HE03P061	HE03P063	HE03P064	HE03P066	HE03P067	HE03P068	HE03P071	HE03P072	HE03P073	HE03P074	HE03P075	HE03P077	HE03P078	HE03P082	HE10P003	HE07P004	HE07P010	HE07P012	HE07P019	HE07P021	HE07P022	HE07P023	HE07P024	HE07P025	HE05P026	HE07P028	HE07P046	HE07P047	HE07P048	HE10P049	HE07P051	HE10P054	HE07P055	HE07P056	HE07P057	HE07P058	HE07P059	HE07P061	HE07P063	HE07P064	HE07P066	HE07P068	HE07P071	HE07P072	HE07P073	HE07P074	HE07P075	HE07P077	HE07P078
ASV_53	-4.456	13.487	1.09529810731459e-10	1.85105380136165e-08	Depleted	0.091	1.63	0.128	0.175	0.175	0.087	0.032	0.033	0.902	0.023	0.217	0.325	0.186	0.356	0.105	0.074	0.064	0.003	0.01	0.051	0.014	0.026	0.004	0.044	0.003	0.008	0.001	0.003	0.01	0.009	0.007	0.026	0.007	0.027	0.031	0.158	0.037	0.004	0.003	0.14	0.055	10.899	6.434	2.579	0.006	0.406	0.313	13.22	0.449	13.906	7.2	0.79	0.133	0.001	0	0.101	0.008	0.021	0.096	0.006	0.01	0.005	0.007	0.049	0.025	0.013	0	0.071	0.004	0.016	0.008	0.067	0.018	0	0.013	0.166
ASV_95	-3.107	12.967	1.69527246197366e-06	0.000143250523036775	Depleted	0.136	0.528	0.063	0.039	0.037	0.007	0.037	0.007	0.005	0.021	0.002	0.014	0.009	0.004	0.007	0.021	0.002	0.273	0.104	0.226	0.01	0.055	0.077	1.16	0.063	0.846	0.077	0.06	0.167	0.235	0.318	0.042	0.06	0.045	0.685	0.442	0.023	0.023	0.023	0.012	0.015	0.042	0.03	0.002	0.008	0.03	0.016	0.007	0.005	0	0.007	0.023	0.002	0.114	0.108	0.148	12.903	0.003	0.799	0.103	0.148	0.606	0.052	0.095	1.45	0.188	0.96	0.08	0.035	0.26	0.186	0.053	0.008	0.011	0.003	0.005
ASV_56	2.495	12.017	4.3038770309884e-05	0.00215296565136006	Enriched	0.54	0.1	0.096	0.048	0.013	0.399	0.256	0.033	14.025	0.191	0.302	0.055	0.02	0.053	0.099	0.021	0.007	0.013	0.081	0.026	0.118	0.022	0.025	0.037	0.032	0.025	0.015	0.862	0.02	0.183	0.006	0.023	0.054	0.029	0.004	0.006	0	0.27	0.029	0.162	3.413	0.263	0.069	0.383	0.017	0.434	0.64	0.033	0.078	0.027	0.071	0.008	0.006	0.006	0.02	0.03	0.003	0	0.006	0.028	0.012	0.022	0.035	0.012	0.003	0.003	0.11	0.003	0.161	0	0.037	0.011	0.248	0.586	0.055	0.097
ASV_210	2.428	10.927	5.16748327879285e-05	0.00215296565136006	Enriched	0.128	0.043	0.016	0.008	0.005	0.026	0.006	0.009	0.016	0.03	0.022	0.057	0.087	0.025	0.018	0.069	0.004	0.269	0.055	0.01	0.11	0.052	0.001	0.029	0.141	0.03	0.001	0.007	0.005	0.095	0.006	0.383	0.078	0.006	0.003	0	0.021	0	0.021	0.048	3.222	0.013	0.05	0.022	0.004	0.006	0.027	0.038	0.121	0.016	0.049	0.044	0.016	0.019	0.016	0.012	0.008	0.039	0.024	0.01	0.015	0.018	0.011	0.003	0.001	0.019	0.278	0.018	0.461	0.019	0.003	0.007	0.008	0.003	0.013	0.08
ASV_166	-3.965	11.319	6.36972086201201e-05	0.00215296565136006	Depleted	0.029	0.344	0	0	0	0.001	0.002	0	0.003	0	0.004	0	0.003	0	0	0	0.002	0.003	0.01	0.343	0.003	0	0.039	0.01	0.011	0	0	0	0.112	0.354	0.105	0	0	0.018	0.012	0.057	0.009	0.017	0.023	0	0.003	0	0	0	0	0	0	0	0	0.014	0	0	0	0.004	0.286	0.01	0.003	0.001	0.014	0.006	0.001	0.004	0	0.013	0	0.053	11.033	0.101	0	0.004	0.414	0.007	0.044	0.007	0.009	0
ASV_58	-2.164	12.943	0.000125211356855488	0.00352678655142958	Depleted	0.269	0.832	0.491	0.282	0.052	0.065	0.709	0.017	0.019	0.109	0.012	0.007	0.026	0	0.011	0.058	0	1.491	1.022	0.322	0.156	0.211	0.143	0.628	0.08	0.079	0.357	0.657	0.378	0.027	0.066	0.262	0.043	0.113	0.038	0.127	0.469	0.78	1.017	0.181	0	0.044	0.124	0.036	0.025	0.017	0.005	0.014	0.028	0.008	0.007	0.075	0.002	20.7	0.752	0.241	0.147	0.63	0.395	0.252	0.301	0.047	0.544	0.447	0.386	0.343	0.018	0.203	0.018	0.258	0.037	1.927	0.056	0.125	0.894	0.009
ASV_84	-2.438	12.256	0.000196099770394316	0.00473440874237705	Depleted	0.135	0.607	0.114	0.184	0.131	0	0	0	0.053	0.086	0.045	0.007	0	0.002	0.004	0.009	0.002	0.237	0.009	0.032	0.072	0.152	0.063	0.009	0.052	0.039	0.036	0.468	0.01	0.043	0.043	0.123	0.125	0.564	0.057	1.284	0.106	0.112	0.968	0.002	0.006	0.197	0.088	0	0.002	0.054	0.069	0.005	0.012	0	0.002	0.003	0.002	0.031	0.057	0.155	0.046	0.05	0.016	0.011	0.081	0.036	0.102	0.019	0.039	0.006	0.115	0.033	0.02	0.097	15.277	0.176	0.041	0.056	4.358	0.001
ASV_37	-1.889	12.873	0.000286613218605855	0.00605470424304869	Depleted	0.296	0.882	0.073	0.077	0.18	0.018	0.006	0.166	0.116	0.082	0.19	0.005	0	0.004	0.049	0.028	0.07	0.318	0.364	4.514	0.437	0.301	0.123	0.222	0.036	0.134	0.156	0.163	0.396	0.812	0.191	0.177	0.251	0.205	0.09	0.921	0.105	0.455	0.09	0.003	0.018	0.158	0.091	0.006	0.456	0.195	0.035	0.009	0.014	0.014	0.052	0.033	0.073	0.066	0.268	1.992	0.157	0.286	0.148	0.074	0.124	0.171	4.269	0.956	1.172	0.14	16.398	0.349	0.098	0.093	2.281	0.081	0.126	0.394	0.097	0.009
ASV_71	-2.055	10.791	0.000403368749094111	0.00757436873298942	Depleted	0.066	0.284	0.054	0.06	0.064	0.026	0.029	1.034	0.029	0.006	0.006	0.005	0	0.004	0.009	0.009	0.004	0.016	0.355	0.072	0.006	0.013	0.031	0.132	0.021	0.025	0.013	0.109	0	0.064	0.003	0.046	0.043	0.047	0.041	0.02	0.021	0.135	0.021	0.006	0.002	0.071	0.061	0.011	7.598	0.006	0.003	0.005	0.002	0.008	0.005	0	0	0.018	0.017	0.236	0.011	0.066	0.021	0.006	0.257	0.013	0.159	1.044	0.033	0.008	0	0.011	0.024	0.025	0.014	0.125	0.005	0.056	0.003	0.001
ASV_108	-1.892	10.579	0.000574899203483582	0.00971579653887254	Depleted	0.057	0.189	0.016	0.031	0.008	0.004	0.01	0.003	0.271	0.012	0	0.002	0.006	0.002	0	0	0	0.039	0.047	0.122	0.098	0.087	0.06	0.084	0.011	0.136	0.052	0.098	0.042	0.207	0.218	0.044	0.065	0.049	0.054	0.014	0.086	0.019	0.241	0	0	0.015	0.016	0.002	0.002	0.025	0	0.012	0.019	0.002	0	0	0	0.04	0.524	2.106	0.061	0.075	0.293	0.053	0.067	0.034	0.053	0.316	0.987	0.085	0.02	0.094	1.333	0.013	0.015	0.155	0.038	0.018	0.141	0.004
ASV_36	-1.519	12.9	0.00127776577758954	0.0196311287647848	Depleted	0.367	0.795	0.405	0.451	0.244	0.244	0.355	0.452	0.152	0.132	0.014	0.009	0.015	0.051	0.018	0.058	0.037	0.816	0.549	0.83	0.155	0.178	0.128	1.95	0.122	0.101	0.21	0.167	0.219	0.168	0.702	0.434	0.307	0.306	0.158	0.117	2.234	0.786	1.015	0.044	0.002	0.087	0.566	0.219	0.26	0.039	0.008	0	0.052	0.08	0.012	0.026	0.024	8.412	5.6	0.72	0.186	0.083	0.738	0.423	1.056	0.081	0.761	0.335	0.205	0.132	1.09	0.454	0.059	1.994	0.078	0.982	0.525	1.521	1.011	0.001
ASV_88	2.256	12.423	0.00168940505360462	0.0236314027255812	Enriched	0.305	0.126	0.014	0.003	0.003	0.035	0.01	0.144	0.036	0.053	0.267	0.291	0.218	0.11	0.054	0.051	0.196	0.004	0.003	0.009	0.017	0.095	0.001	0.026	0.004	0.018	0.001	0.001	0	0.021	0.003	0.051	0.018	0.016	0.05	0.017	0.001	0.003	0.009	0.062	9.97	0.087	0.005	0.221	0.055	0.209	0.111	0.79	0.225	1.533	0.4	0.149	0.086	0	0.001	0.032	0.007	0.014	0.009	0.001	0.005	0	0.189	0.106	0.006	0.006	0.005	0.001	0.012	0.018	0.026	0.009	0.003	0.007	0.002	0.071
ASV_129	-1.64	11.258	0.00190627866865813	0.0236314027255812	Depleted	0.103	0.287	0.224	0.693	0.535	0.094	0.01	0.313	0.007	0.186	0.415	0.082	0.087	0.276	0.211	0.058	0.046	0.088	0.015	0.006	0.019	0.038	0.007	0.032	0.097	0.012	0.001	0.015	0.002	0.037	0.013	0.019	0.013	0.07	0.094	0.016	0.032	0.014	0.104	0.009	0.023	0.877	4.43	0.062	0.309	0.408	0.143	0.223	0.083	0.933	1.804	0.103	0.061	0.001	0.011	0.012	0	0.033	0.017	0.006	0.063	0.008	0.023	0.019	0	0	0.008	0.054	0.01	0.088	0.017	0.077	0.021	0.01	0.102	0.03
ASV_112	1.476	10.189	0.00195763099501856	0.0236314027255812	Enriched	0.111	0.047	0.031	0.167	0.019	0.044	0.008	0.019	0.007	0.278	0.087	0.061	1.673	0.049	0.018	0.023	0.011	0.122	0.013	0.021	0.386	0.048	0.003	0.009	0.007	0.017	0.012	0.031	0.102	0.043	0.031	0.007	0.06	0.016	0.008	0.003	0.005	0.091	0.089	0.181	0.513	0.011	0.035	0.007	0.028	0.176	0.106	0.071	0.284	0.041	0.005	0.018	0.006	0.027	0.005	0.001	0.008	0.021	0.021	0.007	0.001	0.005	0.034	0.018	0.094	0.053	0.073	0.016	0.355	0.019	0.012	0.011	0.015	0.022	0.02	0.023
ASV_21	1.871	13.981	0.00241180607449113	0.0271730151059334	Enriched	1.803	0.528	1.297	19.499	19.178	1.019	0.36	0.057	0.084	1.453	0.002	0.016	0	0.004	0.007	0.055	0	0.689	0.253	1.076	0.047	0.095	0.141	0.325	0.064	0.109	0.176	0.731	1.198	0.507	0.272	0.058	0.148	0.14	0.016	0.114	0.422	0.861	1.792	17.995	0.045	0.673	1.798	0.329	0.015	0.201	0	0.009	0.002	0.01	0.005	0.015	0.002	0.293	0.487	0.622	0.152	0.036	0.064	0.31	0.36	0.185	0.118	0.117	0.933	1.041	0.11	0.118	0.024	0.047	0.092	0.129	0.983	3.227	4.019	1.948
ASV_80	3.77	8.2	0.00354418980317992	0.0374355047960879	Enriched	0.023	0.002	0	0.003	0	0.006	0	0	0	0	0	0	0	0	0	0	0	0	0.006	0	0	0.003	0.821	0	0.001	0	0.046	0.003	0	0	0	0.002	0	0	0	0	0.001	0	0	0	0	0.009	0	0	0	0.003	0	0	0	0.002	0	0	0	0	0	0	0	0.01	0.001	0.019	0.017	0	0	0.008	0.004	0	0	0	0	0	0	0	0	0	0	0.008
ASV_16	-1.65	13.806	0.00688206735370231	0.0681647550602563	Depleted	0.538	1.389	0.204	0.38	2.61	0.367	0.021	0.161	0.017	0.284	0	0.039	0.006	0.004	0.007	0.016	0.064	1.141	3.389	3.09	0.109	0.095	0.233	0.172	0.001	0.168	1.072	0.168	0.431	0.272	0.116	0.053	0.067	0.965	0.216	4.683	0.244	0.023	0.087	0.008	0.003	0.119	0.286	0.004	0.221	0.176	0	0.061	0.012	0.008	0.002	0.018	0.004	9.382	21.058	0.293	0.288	0.174	0.037	0.436	0.014	0.189	0.466	0.376	3.237	6.168	0.739	0.107	0.024	0.22	0.898	0.26	2.45	0.03	0.016	0.829
ASV_105	2.145	9.143	0.00743949217067925	0.0681647550602563	Enriched	0.053	0.014	0	0	0	0.041	0.03	0	0.04	0	0	0	0	0	0.002	0.002	0	0	0	0.041	0	0	0.001	0.065	0.015	0.004	0	0	0.002	0.262	0.001	0.009	0.007	0.045	1.363	0.033	0.035	0.01	0.01	0.016	0.014	0	0	0.028	0	0	0	0	0.002	0.002	0.005	0	0.008	0	0	0.005	0	0	0.007	0.001	0.09	0.021	0	0.006	0.001	0	0.003	0.031	0.049	0.068	0.036	0.085	0.008	0.008	0.003	0.015
ASV_146	1.299	11.867	0.00766349317245485	0.0681647550602563	Enriched	0.348	0.151	0.037	0.06	0.019	0.132	0.043	0.022	0.079	0.048	0.012	0.025	0.157	0.023	0.011	0.062	0.009	0.407	0.455	3.193	0.866	0.485	0.089	0.218	0.125	0.211	4.342	0.303	0.12	0.156	0.176	0.065	0.141	0.398	0.121	0.268	0.032	0.299	0.34	0.016	0.003	0.029	0.038	0.011	0.017	0.068	0.035	0.033	0.428	0.012	0	0	0.006	0.254	0.148	0.285	0.345	0.163	0.295	0.065	0.071	0.103	0.562	0.27	0.183	0.071	0.05	0.079	0.902	0.127	0.063	0.139	0.021	0.144	0.256	0.016
ASV_92	-2.005	11.853	0.00891397599907304	0.0718403184125729	Depleted	0.108	0.46	0.005	0.011	0.098	0.015	0	0	0	0	0	0.005	0.003	0.002	0	0.03	0.002	0.007	0.006	0.021	0.005	0.003	0.069	0.843	0.15	0.329	0.025	0.045	0	0.046	0.033	0.202	0.175	0.125	1.644	0.054	0.063	0.167	0.034	0	0	0.005	0.008	0	0	0.003	0	0	0.017	0.002	0	0.003	0	0.001	0.01	0.079	0.1	0.032	0.093	0.1	7.751	0.129	0.029	0.051	0.049	0.002	0.018	0.004	0.049	7.234	0.116	0.101	0.002	0.12	0.006	0
ASV_104	-1.371	11.404	0.0089269034713848	0.0718403184125729	Depleted	0.136	0.251	0.005	0.022	0.01	0.32	0.302	0.069	0.445	0.088	0.071	0.266	0.035	0.273	0.027	0.021	0.042	0.013	0.015	0.16	0.009	0.009	0.003	0.041	0.228	0.003	0.003	0.088	1.579	0.497	0.142	0.098	0.087	0.164	0.008	0.001	0.047	0.014	0.033	0.065	0.003	0.129	0.102	0.181	0.138	0.513	0.053	0.075	0.104	1.611	0.366	0.033	0.024	0.005	0.143	0.099	0.008	0.006	0.01	0.013	0.017	0.007	0.001	0.004	0.049	4.397	0.028	0.333	0.027	0.109	0.001	0.011	0.043	0.051	0.019	0.071
ASV_61	1.619	11.104	0.0108772782132566	0.0822856193784731	Enriched	0.261	0.09	0.012	0.005	0.029	0.31	0.345	0	0.157	0.012	0.01	0.009	0.035	0.117	0.002	0	0	0.233	0.007	0.275	0.014	0.004	0.06	1.737	2.002	0.048	0.001	0.193	0	0.055	0	0.146	0.065	0.057	0.499	1.291	0.017	2.281	0.151	0	0	0.008	0.002	0.094	0	0	0.024	0.061	0.175	0.125	0	0	0.012	0.179	0.007	0.008	0.008	0.001	0.086	0.047	0.055	0.072	0.036	0.078	0.013	0	0.05	0.001	0.025	0.255	0.311	0.021	0.067	1.276	0.063	0
ASV_135	-1.77	11.784	0.0111986345899697	0.0822856193784731	Depleted	0.17	0.353	0.005	0.011	0.012	2.454	0.616	0.007	0.2	0.038	0	0.009	0.003	0.002	0	0.035	0	0.007	0.279	0	0.072	0.093	0.168	0.012	0.001	0.003	0.001	0.041	0.035	0.134	0.594	1.289	0.128	0.137	0.024	0.006	0.086	0.081	0.041	0.002	0	0.003	0.006	2.74	0.004	0.047	0.005	0.007	0.073	0.053	0.005	0	0	0	0.036	0.005	0	8.536	0.002	0.015	0.023	0	0.004	0.201	0.004	0.021	0.013	0.121	0.069	0.055	0.015	0.111	0.11	0.03	0.045	0.004
ASV_113	1.257	12.397	0.0136406432044334	0.0960528625645516	Enriched	0.426	0.233	0.087	0.974	0.195	0.468	0.181	2.937	0.081	0.177	0.599	0.225	0.244	0.994	1.285	0.386	1.221	0.047	0.086	0.086	0.013	0.091	0.025	0.043	0.014	0.117	0.028	0.113	0.035	0.055	0.013	0.023	0.081	0.072	0.048	0.021	0.037	0.162	0.013	0.307	5.045	0.158	0.278	0.2	2.119	0.464	0.281	0.12	0.487	0.277	0.348	0.211	0.896	0.021	0.024	0.029	0.014	0.062	0.173	0.047	0.023	0.017	0.15	0.549	0.029	0.039	0.008	0.007	0.024	0.047	0.019	0.021	0.034	0.145	0.014	0.813
ASV_100	1.195	10.965	0.0164780636331168	0.11139171015987	Enriched	0.219	0.078	0.107	0.147	0.007	0.097	1.134	0.063	0.481	1.214	0.002	0.339	0.023	0.1	0.282	0.125	2.678	0.015	0.043	0.029	0.008	0.252	0.018	0.012	0.003	0.03	0.042	0.015	0.01	0.015	0.031	0.321	0.533	0.06	0.01	0.017	0.07	0.006	0.004	0.126	0.054	0.053	0.058	0.08	0.077	0.635	0.016	0.063	0.045	0.012	0.177	0.16	0.584	0.012	0.04	0.016	0.01	0.124	0.016	0.036	0.008	0.004	0.02	0.078	0.003	0.018	0.008	0.033	0.035	0.024	0.007	0.034	0.003	0.014	0.013	0.212
ASV_67	-1.849	13.396	0.0192137570326232	0.122152831607282	Depleted	0.329	0.886	0	0	0	0.095	0.053	0	0.01	0.002	0.002	0	0.003	1.223	0.48	0.623	6.246	0.007	0.447	0.01	0.003	0.017	0.051	0.246	0.148	0.031	0.038	0.042	0	0.461	0.013	0.049	0.022	0.078	2.125	0.01	0.11	0.019	0.126	0.014	0.032	0	0	0.383	0	0.026	0.003	0	0.291	0	0.977	0.419	25.767	0.01	0.014	0.012	0.003	0.054	0.208	0.014	0.13	0.005	0.019	1.459	0.01	0.005	0	0.011	0.061	0.591	0.006	0.491	0.005	0.011	0.027	0.004
ASV_96	2.747	12.253	0.0195507287498456	0.122152831607282	Enriched	0.618	0.078	0.002	0.008	0.002	0.025	0.003	0	0.002	0.002	0	0	0.006	0	0.002	0.002	0	0	0.061	0	0.084	13.151	0.022	0.001	0	0	0.119	0	0	0	0	2.097	8.485	0	0	0	0	0.019	0	0.002	0	0.069	0.002	0.009	0	0.004	0.003	0.005	0.005	0	0	0	0	0	0.075	0.001	0	2.368	0.002	0.038	0	0	0.002	0.052	0	0	0	0	0.029	0.04	0	0.001	0	0.034	0	0
ASV_148	-2.952	13.124	0.0214092057688552	0.122152831607282	Depleted	0.136	0.94	0	0	0	0.01	0.003	0	0.016	0	0	0	0	0	0	0	0	0	0	0	0	0	0	0.006	0.003	0	0	0	1.444	0.442	0.263	0.005	0.007	0.661	0.003	0.004	0.001	0	0.004	2.173	0.262	0	0	0.092	0	0.001	0	0	0	0	0	0	0	0.003	0	0.025	0.001	0	0	0	0	0.004	0	0	0.004	17.733	0.261	0.181	0.002	0	0.003	0.004	0.02	0.001	0	14.567
ASV_85	0.969	12.163	0.0214937036994467	0.122152831607282	Enriched	0.561	0.216	0.334	7.577	1.042	0.772	4.523	0.317	0.279	0.367	0.053	0.161	0.047	0.774	0.309	0.734	1.067	0.131	0.166	0.123	0.217	0.104	0.045	0.074	0.039	0.076	0.372	0.301	0.251	0.168	0.131	0.177	0.04	0.47	0.084	0.017	0.081	0.239	0.027	0.19	0.005	0.343	1.198	0.763	0.175	0.441	0.409	0.101	0.052	0.242	0.091	0.27	1.021	0.066	0.086	0.072	0.053	0.106	0.064	0.051	0.17	0.021	0.128	0.208	0.043	0.129	0.008	0.067	0.504	0.052	0.058	0.063	0.08	0.255	0.023	0.135
ASV_86	1.582	12.442	0.021683934604843	0.122152831607282	Enriched	0.626	0.167	0	0	0	0.06	0.074	0.003	0.005	0	0	0	0	0.17	0.087	0.102	0.044	1.321	0.143	0.04	0.369	11.881	0.09	0.287	0.242	0.198	0.206	0.021	0.065	0.104	0.348	5.969	2.108	0.045	0.148	0.004	0.085	0.086	0.08	0.012	0.022	0	0	0.23	0	0	0	0	0.234	0	0.162	0.077	1.135	0.032	0.062	0.024	0.019	0.89	0.128	0.068	0.172	0.133	0.071	0.188	0.02	0.023	0.158	1.12	0.082	0.223	0.015	0.175	0.33	0.023	0.016	0.022
ASV_42	-0.977	12.326	0.029901772355735	0.163012888003846	Depleted	0.332	0.466	0.014	0.015	0.015	0.092	0.09	0.039	0.238	0.029	0.041	0.027	0.381	0.081	0.195	0.065	0.68	0.325	0.455	0.06	0.415	0.088	0.136	0.556	0.169	0.09	0.179	0.038	0.107	0.308	0.257	1.398	1.799	2.896	0.946	0.161	0.282	0.155	0.093	0.014	0.002	0.042	0.005	1.478	0.04	0.028	0.101	0.099	0.305	1.311	2.385	0.103	0.11	0.256	0.067	0.134	0.037	0.645	0.141	0.168	0.325	0.031	0.069	0.121	0.014	1.313	0.058	1.396	3.59	0.527	0.454	0.655	0.151	0.041	0.023	0.098
ASV_47	-1.278	12.528	0.0324858585206625	0.171565940312249	Depleted	0.291	0.683	0.016	0.014	0.05	0.004	0	0.058	0.003	0.003	0	0.002	0.006	0.004	0.011	0	0	0.911	2.054	0.63	0.322	0.12	0.076	0.097	0.049	0.25	1.457	0.745	0.09	0.25	0.745	0.267	0.166	0.298	0.024	0.208	0.047	2.249	0.13	0.003	0.002	0.018	0.038	0.004	0.537	0.017	0.037	0	0.035	0.006	0.012	0	0.004	0.132	0.124	3.279	0.066	0.127	0.397	0.11	0.107	0.04	11.624	0.355	0.787	0.28	2.038	0.239	0.086	0.103	1.899	0.087	0.154	0.968	0.156	0.036
ASV_137	1.065	9.532	0.0394148402131919	0.193864034947361	Enriched	0.075	0.036	0.009	0.015	0	0.012	0.002	0.022	0.005	0.062	0.128	0.109	1.699	0.091	0.052	0.074	0.046	0.01	0.001	0.009	0.079	0.055	0.006	0.015	0.022	0.113	0.036	0.018	0	0.009	0.009	0.009	0.065	0.002	0.02	0	0.007	0.058	0.029	0	0.009	0.001	0.009	0.009	0.006	0.018	0.239	0.15	0.191	0.051	0.017	0.139	0.031	0.006	0.004	0.018	0.003	0.032	0.078	0.013	0.017	0.013	0.031	0.012	0.009	0.003	0.003	0.012	0.02	0.032	0.011	0.043	0	0.031	0	0.001
ASV_91	-1.273	9.378	0.0406327338897975	0.193864034947361	Depleted	0.041	0.062	0.012	0.002	0.012	0.06	0.03	0.051	0.383	0.029	0	0.002	0	0.002	0.325	0.005	0.002	0	0	0	0	0.029	0.009	0.149	0.006	0	0	0.01	0.012	0	0.003	0.058	0.087	0.045	0	0	0.03	0.167	0.056	0.003	0.003	0.009	0.016	0.273	0.021	0.011	0.008	0.007	0.002	0	0.221	0.015	0.002	0.006	0	0.075	0.004	0.003	0.037	0.025	0.053	0.004	0.001	0.003	0.001	0.006	0	0.014	0.045	0.003	0	0	1.004	0.237	0.027	0.026
ASV_149	-0.969	11.266	0.0410962711118149	0.193864034947361	Depleted	0.149	0.231	0.058	0.04	0.076	0.048	0.601	0.365	0.095	0.124	0.008	0.018	0.047	0.006	0.009	0.236	0.024	0.025	0.328	0.025	0.061	0.137	0.494	0.096	0.07	0.034	0.056	0.471	0.027	0.055	0.314	0.725	0.114	0.074	0.062	0.02	0.055	0.313	0.483	0.002	0.003	0.022	0.046	0.125	0.204	0.096	0.005	0.007	0.109	0.004	0.015	0.008	0.002	0.065	0.067	0.049	0.035	4.2	0.044	1.133	0.205	0.01	0.035	0.3	0.026	0.003	0.018	0.254	0.035	0.065	0.102	0.127	0.038	0.516	0.106	0.004
ASV_123	-0.936	9.94	0.0412964808171893	0.193864034947361	Depleted	0.057	0.112	0.035	0.031	0.077	0.004	0	0.483	0.093	0.07	0.006	0.136	0.003	0.038	0.004	0.018	0.018	0.024	0.39	0.042	0.014	0.003	0.123	0.022	0.013	0.068	0.03	0.055	0.012	0.018	0.016	0	0.002	0.113	0.027	0.023	0.028	0.106	0.077	0.002	0.006	0.046	0.028	0	0.332	0.062	0.027	0.209	0.014	0.008	0.007	0.003	0.002	0.129	0.044	0.134	0.011	0.109	0.004	0.011	0.009	0.056	0.128	1.41	0.049	0.006	0.063	0.02	0.008	0.019	0.04	0.619	0.082	0.207	0.028	0.005
ASV_60	-1.133	12.438	0.0436127552939497	0.198367864072648	Depleted	0.29	0.638	0.336	1.71	0.769	0.241	0.014	0.017	0.422	0.104	0.03	0.227	0.084	0.114	0.007	0.058	0.004	0.03	0.024	0.012	0.483	2.394	0.016	0.172	0.179	0.021	0.025	0.01	0.037	0.137	0.193	0.736	1.918	0.082	0.265	0.017	0.244	0.022	0.023	0.084	0.032	15.905	1.328	0.019	0.072	1.284	0.061	0.045	1.369	0.062	0.108	0.041	0.027	0.006	0.01	0.213	0.001	0.401	0.016	0.018	0.062	0.005	0.069	0.078	0.004	0.018	0	0.444	0.082	0.248	0.012	0.185	0.01	0.03	0.016	0.08
ASV_117	0.989	10.116	0.0446034250577551	0.198367864072648	Enriched	0.115	0.05	0.007	0.036	0.05	1.713	0.262	0.053	0.043	0.018	0.091	0.111	0.006	0.013	0.011	0.018	0	0.134	0.068	0.009	0.077	0.058	0.003	0.004	0.152	0.005	0.005	0.01	0.045	0.012	0.087	0.369	0.184	0.181	0.004	0.03	0.004	0.012	0.053	0.012	0.535	0.017	0.255	0.531	0.083	0.011	0.024	0.103	0.014	0.068	0.007	0.003	0	0.006	0.017	0.004	0.003	0.025	0.027	0.01	0.012	0.004	0.005	0.01	0.003	0.045	0.08	0.094	0.137	0.028	0.043	0.014	0.008	0.016	0.013	0.028
ASV_74	-0.984	12.217	0.0478834283620649	0.207494856235614	NotSig	0.337	0.457	0.325	0.228	0.271	0.043	0.018	0.027	0.179	0.097	0.063	0.016	0.006	0.017	0.036	0.002	0.004	2.929	0.065	0.403	0.184	0.142	0.085	0.091	0.073	0.312	0.071	1.645	0.889	3.015	0.222	0.218	0.146	0.121	0.016	0.415	0.058	0.39	0.246	0.045	0.012	0.289	0.115	0.006	0.036	0.172	0.111	0	0.139	0.01	0.012	0.003	0	0.054	0.403	0.248	0.057	0.065	0.194	0.118	0.112	0.559	0.859	0.144	0.265	0.171	7.278	0.357	0.114	0.029	2.299	0.034	0.34	0.471	0.914	0.012
ASV_142	1.339	10.384	0.0493377540697928	0.208452010944874	NotSig	0.136	0.059	0.047	0.096	0.044	0	0	0	0	0.008	0.524	0.391	1.961	0.392	0.004	0.005	0	0.052	0.529	0.028	0	0	0.022	0.146	0.883	0.004	0.001	0.004	0	0.058	0.004	0.007	0.016	0.002	0.007	0.007	0	0.009	0.05	0	0.008	0.073	0.041	0	0.002	0.001	0.316	0.345	0.716	0.203	0.02	0.003	0.004	0.018	0.009	0.012	0.007	0.019	0.016	0.015	0.045	0.007	0.002	0.018	0	0.002	0.013	0	0.004	0.128	0.021	0.003	0.003	0.001	0.013	0
ASV_14	0.984	13.662	0.0532670531187414	0.219564194562617	NotSig	0.993	0.634	0.542	0.504	0.183	1.368	0.403	2.639	2.054	2.274	3.56	1.13	2.107	1.007	1.238	0.677	4.019	0.088	0.117	0.031	0.121	0.065	0.041	0.072	0.028	0.198	0.032	0.493	0.037	0.195	0.021	0.262	0.141	1.432	0.126	0.081	0.068	0.212	0.036	0.603	10.512	0.772	0.517	0.428	5.534	2.351	0.337	0.682	1.565	0.304	0.876	0.854	2.501	0.016	0.02	0.073	0.016	0.099	0.105	0.179	0.068	0.033	0.708	0.524	0.084	0.338	0.05	0.039	0.163	0.108	0.032	0.057	0.077	0.23	0.016	2.446
ASV_154	0.75	11.157	0.0566518096181572	0.225744442436634	NotSig	0.228	0.121	0.299	2.937	0.281	0.385	0.475	0.002	0.116	0.068	0.024	0.02	0.038	0.066	0.141	0.286	0.555	0.089	0.071	0.053	0.252	0.122	0.042	0.041	0.029	0.072	0.336	0.074	0.376	0.131	0.509	0.237	0.036	0.049	0.124	0.047	0.237	0.013	0.017	0.232	0.012	0.158	0.569	0.301	0.008	0.071	0.308	0.026	0.021	0.218	0.049	0.08	0.114	0.043	0.036	0.037	0.055	0.228	0.057	0.202	0.27	0.018	0.097	0.077	0.029	0.148	0.055	0.077	0.478	0.062	0.091	0.074	0.049	0.019	0.033	0.063
ASV_183	-2.098	9.677	0.0574379350578417	0.225744442436634	NotSig	0.023	0.091	0	0	0	0.003	0	0	0	0	0	0.002	0	0	0.004	0.005	0.154	0.004	0	0	0.001	0.03	0.06	0.087	0.053	0.456	0.032	0.008	0	0	0	0	0.002	0	0	0	0	0	0	0	0	0	0	0	0	0	0	0.009	0	0	0.002	0.003	0.004	0.025	0.001	0	0	0	1.545	0.082	0.053	1.368	0.01	0.014	0.08	0	0	0	0	0	0	0.006	0	0	0	0
ASV_77	-0.898	11.976	0.0673333851011315	0.258621410956619	NotSig	0.224	0.415	0.051	0.071	0.032	0.001	0.011	0.111	0	0.088	0.006	0.023	0.02	0.006	0.016	0.016	0.002	0.369	0.278	0.444	0.844	0.188	0.191	0.4	0.187	0.675	0.709	0.277	0.396	0.226	0.423	0.244	0.045	0.285	0.323	0.259	0.591	0.589	0.318	0.012	0.006	0.094	0.08	0	0.062	0.187	0.003	0.035	0.038	0	0.005	0.036	0	0.107	0.408	1.444	0.109	0.08	2.427	0.086	0.259	0.963	0.17	0.193	0.603	0.338	0.045	0.219	1.806	2.406	0.374	0.559	0.018	0.267	1.079	0.016
ASV_72	0.95	12.015	0.0702710205852712	0.261313550800603	NotSig	0.501	0.186	0.115	0.079	0.252	0.252	1.798	0.269	0.247	0.002	5.493	0.225	0.306	8.029	0.013	0.035	0.143	0.042	0.106	0.062	0.305	0.019	0.02	0.056	0.008	0.001	0.008	0.007	0.107	0.061	0.536	0.037	0.054	0.529	0.035	0.034	0.157	0.038	0.036	0.023	0.005	0.099	0.047	1.24	0.134	0.004	0.488	0.432	0.319	1.126	0.348	0.057	0.345	0.206	0.03	0.118	0.011	0.017	0.034	0.313	0.072	0.005	0.006	0.008	0.001	0.048	0.013	0.242	0.016	0.028	0.085	0.055	0.205	0.134	0.113	0.12
ASV_120	-1.322	12.565	0.0711267653066729	0.261313550800603	NotSig	0.204	0.528	0.129	0.253	0.088	0.004	0.008	0	0.157	0	0	0.005	0.009	0.765	0.309	0.328	0.927	0.003	0.003	0.062	0	0	0.003	0.087	0.004	0.001	0.004	0.008	0.147	0.027	0.013	0.009	0	0.08	0.016	0.08	0.021	0.01	0.006	3.568	0.815	6.194	0.14	0	0	0.399	0.005	0.005	0.605	0.066	0.621	0.211	8.232	0.006	0.012	0.001	0.003	0.007	0.102	0.014	0.006	0.003	0.006	0.064	0.059	0.267	0.028	0.004	0	0.052	0.175	0.011	0.171	0.003	0	1.026
ASV_140	-0.848	9.76	0.0864244180564939	0.310760141522286	NotSig	0.063	0.08	0.037	0.051	0.071	0.004	0	0.003	0.003	0.044	0.008	0	0.009	0.011	0.02	0.009	0.002	0.674	0.016	0.025	0.102	0.104	0.048	0.024	0.015	0.009	0.011	0.008	0.052	0.555	0.037	0.123	0.043	0.285	0	0.014	0.017	0.004	0.016	0.006	0	0.058	0.022	0.002	0.002	0.073	0.098	0.009	0.073	0.002	0.012	0	0.01	0.021	0.061	0.073	0.035	0.055	0.522	0.024	0.052	0.042	0.051	0.005	0.059	0.048	1.188	0.035	0.037	0	0.058	0.017	0.011	0.004	0.031	0.009
ASV_15	0.923	13.801	0.0889498304267508	0.313177527960852	NotSig	1.021	0.693	0.177	0.205	0.082	1.317	0.182	1.608	0.95	2.084	4.191	2.835	3.297	1.034	1.538	2.346	2.194	0.082	0.075	0.167	0.068	0.059	0.026	0.057	0.018	0.169	0.034	0.892	0.012	0.159	0.012	0.163	0.222	0.051	0.061	0.054	0.255	0.293	0.029	0.45	12.381	0.154	0.239	0.189	2.247	1.4	0.576	6.24	0.986	0.232	1.976	3.585	1.396	0.014	0.019	0.078	0.027	0.07	0.077	0.04	0.071	0.044	0.621	0.716	0.064	0.232	0.04	0.023	0.125	0.056	0.032	0.051	0.033	0.491	0.031	2.09
ASV_116	-0.669	10.643	0.0942307413812222	0.322071624647122	NotSig	0.12	0.159	0.035	0.091	0.044	0.368	0.187	0.026	0.286	0.045	0.016	0.018	0.009	0.078	0.011	0.069	0.002	0.055	0.192	0.051	0.029	0.058	0.044	0.037	0.01	0.045	0.11	0.16	0.192	0.29	0.112	0.197	0.143	0.281	0.061	0.221	0.223	0.724	0.154	0.006	0	0.021	0.058	0.14	0.032	0.054	0.016	0.005	0.033	0.021	0.012	0.005	0.004	0.287	0.035	0.028	0.025	0.055	0.029	0.032	0.045	0.035	0.129	0.082	0.559	0.27	0.045	0.186	0.125	0.777	0.043	0.869	0.179	1.265	0.075	0.004
ASV_127	1.367	11.198	0.0952874629133497	0.322071624647122	NotSig	0.269	0.118	0.089	0.107	0.052	0.094	0.029	2.033	0.112	0.142	5.684	0.468	1.007	0.492	0.052	0	0.004	0.003	0	0.032	0	0.001	0	0.006	0.006	0	0	0.008	0.007	0	0.001	0.002	0	0.008	0.004	0.027	0.004	0.001	0	0.012	0.012	0.186	0.137	0.047	1.993	0.245	0.361	0.266	0.735	0.095	0.005	0	0.008	0	0.001	0.012	0	0	0.004	0.001	0.005	0	0.001	0	0	0	0.003	0	0	0.006	0.001	0.001	0.025	0	0.002	0
ASV_46	0.864	13.302	0.107523761989483	0.356304230906327	NotSig	0.804	0.457	4.593	2.623	0.433	0.081	0.077	0.411	0.029	1.346	0.032	0.039	0.015	0.019	0.276	0.062	0.02	0.322	0.282	0.196	0.12	0.172	0.102	0.112	0.126	0.1	0.159	0.254	0.951	0.22	0.122	0.072	0.078	0.164	0.03	0.143	0.277	0.133	0.146	16.887	0.143	0.257	0.357	0.034	0.189	0.396	0.048	0.007	0.071	0.006	0.182	0.018	0.027	0.193	0.213	1.069	0.127	0.109	0.458	0.136	0.133	0.119	0.182	0.117	0.363	1.399	0.178	0.17	0.014	0.029	0.021	0.613	1.072	0.979	0.225	6.482
ASV_20	0.822	13.301	0.118838905153817	0.386226441749904	NotSig	0.86	0.48	0.182	0.073	1.666	0.194	0.022	0	0.214	0.095	0.004	0.027	0.017	0.225	0.235	0.016	0.022	4.741	2.175	0.28	1.12	0.051	7.969	1.734	1.41	0.224	1.032	0.102	0.149	0.348	3.106	0.149	0.076	0.135	1.912	0.389	0.085	0.146	3.117	0.055	0.048	0.096	0.077	0.028	0	0.032	0.109	0.04	0.116	0.004	0.044	0.023	0.029	0.3	0.276	0.141	1.483	0.28	0.589	3.846	1.72	0.276	0.207	0.725	0.101	0.045	0.313	0.692	0.92	2.17	0.504	0.421	0.497	0.099	0.561	0.028
ASV_87	-0.819	12.394	0.125849786917301	0.396490935599958	NotSig	0.348	0.416	0.101	0.634	0.424	1.823	0.433	1.046	0.264	0.157	0.071	0.234	0.332	1.49	2.294	0.316	2.698	0.022	0.426	0.01	0.009	0.012	0.016	0.056	0.007	0.055	0.004	0.025	0.022	0.061	0.025	0.026	0.038	0.016	0.139	0.017	0.052	0.01	0.05	0.115	0.029	0.294	0.762	4.414	0.737	0.308	0.393	0.045	0.18	0.107	0.486	0.329	4.581	0.013	0.01	0.024	0.007	0.036	0.044	0.047	0.075	0.005	0.138	0.13	0.018	0.056	0	0.072	0.043	0.021	0.019	0.098	0.034	0.019	0.1	0.922
ASV_11	0.672	13.282	0.126689411375135	0.396490935599958	NotSig	1.013	0.585	0.25	3.783	0.884	1.587	2.391	4.812	0.845	0.502	6.455	1.537	0.736	1.354	3.293	1.755	2.21	0.141	0.651	0.072	0.089	0.291	0.111	0.077	0.071	0.437	0.07	0.195	0.035	0.293	0.013	0.255	1.589	0.068	0.061	0.356	0.113	0.28	0.064	0.436	1.352	0.422	1.033	0.423	4.006	0.638	2.477	0.642	0.939	0.218	1.195	1.22	1.39	0.061	0.063	0.049	0.049	0.461	0.63	0.107	0.053	0.082	1.341	0.865	0.095	0.05	0.023	0.015	0.069	0.059	0.291	0.073	0.067	0.135	0.041	1.201
ASV_176	0.83	9.525	0.133371393327606	0.409813917679371	NotSig	0.057	0.034	0	0	0.002	0.046	0.002	0.027	0	0.008	0.018	0.296	0.044	0.002	0.105	0.134	0.101	0.025	0.001	0.006	0	0.035	0.012	0.001	0.021	0.014	0.522	0.008	0.1	0.235	0.004	0.107	0.016	0.047	0.023	0.003	0.002	0.006	0.006	0.125	0.133	0	0	0.007	0.089	0	0.005	0.118	0.028	0	0.147	0.172	0.065	0.006	0.004	0.01	0	0.004	0.006	0.058	0.008	0.005	0.045	0.008	0.043	0.111	0.033	0.007	0.016	0.068	0.001	0.004	0.013	0.001	0.08	0.035
ASV_35	0.677	11.585	0.142818120773956	0.431004685907117	NotSig	0.452	0.192	0.231	0.397	0.148	0.611	0.278	0.072	0.572	0.425	0.115	0.371	0.102	0.144	0.036	0.065	0.187	0.03	0.003	0.037	0.029	0.061	0	0.016	0.056	0.069	0.115	5.029	0.03	2.825	0.058	1.925	0.213	2.003	0.022	0.02	0.025	1.231	0.043	0.033	0.018	0.715	0.171	0.498	0.17	1.607	0.058	0.684	0.175	0.029	0.103	0.162	0.227	0.003	0.015	0.064	0.004	0.037	0.012	0.008	0.072	0.005	0.149	0.074	0.066	0.037	0.013	0.016	0.063	0.053	0.003	0.018	0.19	1.021	0.127	0.063
ASV_158	1.264	11.48	0.148591361429272	0.440560352307841	NotSig	0.349	0.122	0	0	0	0.094	1.257	0	0.04	0	0.375	10.441	0.215	0.348	0.004	0	0	0	0.003	0	0	0	0.007	0.021	0.422	0.003	0	0.029	0.002	0.104	0.091	0.012	0.004	0.016	0.033	0.006	0.012	0.003	0	0.031	0.018	0	0.002	0.144	0	0	0.199	2.609	0.44	0.177	0.064	0.319	0	0	0	0.004	0	0	0.005	0.006	0.048	0.021	0	0.001	0	0.011	0	0.064	0.004	0.071	0.001	0.014	0.002	0	0.005	0.062
ASV_55	-0.601	12.213	0.158847337603215	0.462848276809366	NotSig	0.293	0.455	0.343	0.023	0.024	0.034	0.022	0.262	0.04	0.032	0.257	2.364	0.143	0.102	0.085	0.367	0.106	0.199	0.143	1.008	0.171	0.163	0.067	0.121	0.158	1.511	0.843	0.244	0.042	0.098	0.134	0.221	0.112	0.049	0.014	0.091	0.166	0.525	0.514	0.039	0.593	0.059	0.017	0.037	0.145	0.021	0.104	1.314	0.165	0.076	0.214	0.484	0.024	0.167	0.57	3.161	0.124	0.062	0.627	0.081	0.16	0.902	0.978	0.276	0.176	0.042	0.125	0.258	0.429	0.105	0.034	0.111	0.085	0.196	4.55	0.036
ASV_1	-0.537	17.019	0.170715811480287	0.465167857309764	NotSig	8.899	9.542	5.398	1.445	3.533	3.433	9.738	9.472	3.86	24.005	7.176	1.535	9.108	2.813	2.383	6.424	0.605	8.341	35.115	4.912	16.357	10.502	24.428	12.358	20.43	5.382	6.593	13.547	4.582	3.015	2.059	8.854	12.753	13.729	8.899	2.473	1.369	20.715	18.259	1.294	0.174	1.007	2.227	0.344	1.846	1.993	9.853	7.878	6.047	1.297	0.314	2.525	0.343	18.594	7.879	3.953	56.083	30.762	6.341	38.706	22.622	2.657	21.963	18.15	4.248	1.944	4.912	4.246	14.653	13.054	4.293	5.858	5.326	9.668	2.109	0.286
ASV_881	-0.779	11.888	0.175579323398216	0.465167857309764	NotSig	0.224	0.355	0.009	0.008	0.039	0.013	0.046	0	0.078	0.011	0.014	0.002	0	0	0.004	0.007	0.002	0.485	0.065	2.017	0.111	0.088	0.079	0.115	0.025	0.034	1.341	0.063	0.356	0.83	0.042	0.151	0.17	0.213	0.046	1.104	0.08	0.436	0.612	0.014	0.006	0.038	0.002	0.004	0.002	0.018	0.013	0.012	0.002	0.006	0.002	0.008	0	0.083	0.726	0.378	0.059	0.036	0.293	0.049	0.045	0.056	0.695	0.035	0.164	0.103	0.777	0.063	0.171	0.077	5.206	0.085	0.309	0.513	2.382	0.003
ASV_82	-0.741	10.761	0.176803019740084	0.465167857309764	NotSig	0.111	0.177	0.131	0.043	0.148	0.016	0.102	0	0.009	0.018	0	0.002	0	0.013	0.002	0.002	0	0.163	0.098	0.026	0.026	0.017	0.582	0.04	0.057	0.085	0.064	0.714	0.035	0.07	0.397	0.2	0.269	0.242	0.027	0.033	0.166	0.412	0.107	0	0.003	0.133	0.115	0.026	0	0.042	0	0.002	0	0.043	0.002	0	0	0.013	0.055	0.045	0.255	0.145	0.455	0.125	0.084	0.026	0.077	1.703	0.056	0.021	0.018	0.186	0.075	0.059	0.313	2.045	0.02	0.053	0.014	0
ASV_111	-0.741	11.144	0.177688297608401	0.465167857309764	NotSig	0.132	0.232	0.009	0.081	0.01	0.139	0.793	0.026	0.052	0.003	0.01	0.091	0.003	0.006	0.027	0.051	0	0.515	0.059	0.165	0.304	0.171	0.169	0.256	0.74	0.215	0.548	0.388	0.007	0.082	0.001	0.021	0	0.041	0.001	0.009	0.009	0.096	0.007	0.023	0.005	0.017	0.269	0.095	0.055	0	0.183	0.016	0.014	0.002	0.022	0.021	0.006	0.088	0.112	0.261	0.085	0.04	4.932	0.802	0.219	0.516	0.081	0.06	0.118	0.008	0	0.012	0.004	0.006	0.017	0.013	0.013	0.016	0.014	0.007
ASV_8	-0.667	13.903	0.181989832807184	0.465167857309764	NotSig	1.113	1.301	0.87	7.931	4.566	6.458	1.174	0.325	5.717	0.537	0.172	1.778	0.268	1.443	0.547	0.614	3.482	0.272	0.874	0.122	0.04	0.297	0.12	0.312	0.031	1.208	0.089	0.2	0.015	0.15	0.036	1.596	0.531	0.064	0.292	0.131	0.64	0.141	0.054	0.307	0.02	4.078	11.987	15.394	0.172	1.584	0.077	0.167	0.452	0.136	0.292	0.543	5.624	0.066	0.096	0.209	0.089	0.814	0.225	0.582	0.619	0.113	0.162	0.28	0.128	0.027	0.015	0.048	0.106	0.152	0.04	0.218	0.138	0.25	0.597	0.042
ASV_29	-0.568	12.753	0.184199220213591	0.465167857309764	NotSig	0.463	0.571	0.073	0.166	2.181	1.032	0.504	0.423	1.181	0.091	0.144	0.466	0.119	2.796	0.186	0.208	0.341	0.258	0.123	0.085	0.18	2.863	0.044	0.149	0.049	0.158	0.11	0.371	0.144	0.177	0.231	0.265	1.288	0.117	0.307	0.275	0.168	0.245	0.066	0.137	0.334	0.87	0.222	2.645	0.09	0.434	0.308	1.655	0.577	5.85	1.163	0.216	0.425	0.009	0.019	0.077	0.001	0.213	0.072	0.028	0.07	0.033	0.694	1.099	0.101	0.079	0.065	0.564	0.251	0.288	0.173	0.353	0.832	0.391	0.052	0.069
ASV_81	-0.722	12.095	0.188063265815926	0.465167857309764	NotSig	0.277	0.341	0.047	0.26	0.062	0.891	0.134	0.966	0.19	0.389	0.603	0.832	0.684	0.464	1.137	0.714	2.298	0.055	0.034	0.041	0.013	0.035	0.01	0.021	0.003	0.045	0.003	0.027	0.015	0.076	0.009	0.109	0.067	0.15	0.072	0.024	0.023	0.043	0	0.2	0.057	0.04	0.068	0.771	1.704	0.291	0.183	0.411	0.478	0.045	0.461	0.649	1.933	0.006	0.014	0.035	0.015	0.037	0.011	0.014	0.034	0.008	0.019	0.126	0.024	0.473	0.013	0.007	0.024	0.034	0	0.021	0	0.042	0.003	3.935
ASV_24	1.361	13.216	0.189716657335675	0.465167857309764	NotSig	0.83	0.409	0	0	0.002	0	0	0	0.002	0	0.002	0	0.009	0.002	0.002	0	0	0.018	0.001	0.201	0.017	0	0.163	6.757	2.577	0.013	0.001	0.081	0	1.037	0	0.425	0.168	0.587	19.505	0.262	0.223	0.297	0	0	0	0.003	0	0	0	0	0	0	0.002	0	0.015	0	0	0.063	0	0.061	0.001	0	0.524	0.174	1.054	0.156	0.018	0	0.003	0.005	0	0	0.335	11.308	0.193	0.312	0.008	0.077	0.002	0
ASV_136	0.791	9.578	0.192635055076288	0.465167857309764	NotSig	0.072	0.042	0	0	0	0.001	0	0.002	0	0.041	0.097	0.02	0.009	0.223	0.02	0.048	0	0.997	0.018	0.021	0.049	0.001	0.003	0.035	0.007	0.013	0.008	0.01	0.224	0.034	0.076	0.002	0	0.021	0.071	0.006	0.085	0	0.026	0.606	0.018	0	0	0	0.002	0.022	0.199	0.038	0.014	0.006	0	0	0.01	0.017	0.012	0.012	0.005	0	0.022	0	0.044	0.009	0.111	0.006	0.14	0.092	0.01	0.091	0.004	0.108	0.012	0.464	0.007	0.001	0.006	0.016
ASV_70	-0.766	11.815	0.19454020755777	0.465167857309764	NotSig	0.291	0.363	0.035	0.051	0.034	0.003	0.003	0.058	0.076	0.041	0.024	0	0.029	0.006	0	0.009	0.009	0.022	0.021	0.663	0.027	0.09	0.032	0.184	0.085	0.014	0.023	6.894	0.062	0.143	0.217	0.105	0.267	0.107	0.107	0.77	0.441	0.652	0.043	0.003	0	0.066	0.091	0.002	0.332	0.039	0	0.007	0.002	0.021	0.005	0.003	0.006	0.023	0.026	2.698	0.049	0.029	0.045	0.085	0.105	0.005	0.014	0.156	0.155	0.056	0.033	4.469	0.041	0.056	0.029	0.033	0.034	3.932	0.058	0.001
ASV_407	0.815	7.985	0.194940779756785	0.465167857309764	NotSig	0.023	0.011	0	0	0	0.003	0.005	0	0	0	0	0	0	0	0	0	0.002	0.001	0.071	0.003	0	0.001	0.006	0.003	0.018	0.001	0.009	0.052	0	0.009	0.063	0.002	0	0.027	0.008	0.007	0.36	0.004	0.206	0.016	0.002	0.004	0.002	0.039	0	0.001	0	0	0	0	0.017	0.003	0.008	0.006	0.009	0.007	0.005	0.007	0.001	0.003	0.008	0	0.005	0.009	0.008	0.003	0.003	0.033	0	0.01	0	0.095	0.005	0.007	0.044	0.039
ASV_115	0.738	11.892	0.196883780879491	0.465167857309764	NotSig	0.299	0.2	0.023	0.014	0.02	0.009	0.008	0.089	0.105	0.023	0.012	0.02	0.093	0.023	0.011	0	0.002	0.056	0.432	0.148	0.077	0.152	0.061	0.147	1.094	0.018	0.065	0.074	0.249	0.305	7.483	0.042	0.022	0.035	0.005	0.01	0.075	0.11	0.525	0.008	0.002	0.024	0.047	0.015	0.077	0.012	0.008	0.019	0.546	0.014	0.027	0	0.002	0.063	0.111	0.817	0.153	0.064	0.197	0.12	0.196	0.04	0.42	0.074	0.033	0.24	0.073	1.967	0.022	0.084	0	0.188	0.038	0.027	1.255	0.023
ASV_52	0.532	11.102	0.197407816776385	0.465167857309764	NotSig	0.197	0.136	0.339	0.036	0.079	0.066	0.019	0.985	0.055	0.295	0.773	0.377	0.087	0.076	0.182	0.217	0.394	0.003	0.006	0.042	0.024	0.051	0.029	0.06	0.021	0.072	0.169	0.395	0.087	0.259	0.019	0.2	0.092	0.527	0.06	0.009	0.038	0.302	0.383	0.195	0.658	0.067	0.028	0.011	0.155	0.166	0.048	0.233	0.099	0.041	0.177	1.117	0.222	0.013	0.014	0.071	0.007	0.008	0.019	0.067	0.045	0.014	0.096	0.11	0.025	0.085	0.055	0.011	0.006	0.121	0.095	0.05	0.046	0.816	0.555	0.065
ASV_143	-0.694	11.306	0.19817802204913	0.465167857309764	NotSig	0.151	0.216	0.143	0.081	0.012	0.048	0.44	0.01	0.24	0.094	0.01	0.009	0.003	0.006	0.054	0.014	0	0.153	0.03	0.508	0.027	0.02	0.102	0.097	0.024	0.012	0.009	0.024	0.665	0.314	0.019	0.072	0.011	0.189	0.022	2.209	0.031	0.028	0.117	0.034	0.006	0.032	0.071	0.049	0	0.022	0.151	0.009	0.002	0.006	0.005	0	0.002	0.039	1.22	0.137	0.016	0.008	0.412	0.115	0.021	0.036	0.013	0.006	0.108	0.14	0.048	0.328	0.314	0.024	2.559	0.014	0.968	0.026	0.652	0.007
ASV_144	0.737	9.971	0.203911180952889	0.472068350425181	NotSig	0.08	0.054	0.026	0.019	0.114	0	0.029	0.012	0.012	0.018	0.014	0.007	0.003	0.006	0	0	0	0.061	0.163	0.316	0.139	0.34	0.117	0.19	0.055	0.067	0.817	0.167	0.002	0.006	0	0.042	0.031	0.006	0.012	0.1	0	0.184	0.027	0	0.003	0.024	0.025	0.002	0.04	0.012	0	0.002	0.045	0	0	0.003	0	0.105	0.123	0.017	0.041	0.069	0.066	0.113	0.027	0.022	0.652	0.091	0.045	0	0.013	0.001	0.253	0.003	0.047	0.006	0.021	0.023	0.013	0
ASV_169	-0.632	10.142	0.211858849702283	0.478743938438508	NotSig	0.069	0.093	0.03	0.012	0.03	0.095	0.069	0	0.05	0.041	0.01	0.023	0.268	0.023	0.009	0	0	0.022	0.731	0.056	0.004	0.014	0.066	0.141	0.042	0.08	0.005	0.071	0.027	0.061	0.01	0.019	0.013	0.055	0.071	0.338	0.143	0.036	0.024	0.002	0	0.021	0.006	0.015	0	0.007	0.369	0.028	0.17	0.041	0.007	0	0.002	1.26	0.045	0.15	0.02	0.044	0.1	0.011	0.021	0.079	0	0.056	0.018	0.077	0.003	0.027	0.01	0.031	0.026	0.053	0.346	0.177	0.008	0.013
ASV_122	0.68	10.029	0.212460327709397	0.478743938438508	NotSig	0.128	0.058	0.257	0.11	0.02	0.066	0	0.937	0	0.033	0.225	0.45	0.393	0.04	0.07	0.028	0.121	0.003	0.009	0.006	0.005	0.048	0.007	0.01	0.003	0.025	0.001	0.001	0.04	0	0	0.202	0.114	1.685	0.004	0.006	0.018	0.001	0.001	0.044	0.015	0.012	0.003	0	0.247	0.033	0.032	0.59	0.336	0.027	0.157	0.152	0.02	0.001	0.011	0.017	0.004	0.019	0.009	0.067	0	0.046	0.005	0.019	0.016	0.021	0.008	0.003	0.008	0.022	0.107	0.023	0.002	0.003	0.005	0.016
ASV_33	-0.575	12.802	0.217373423681853	0.483369850029383	NotSig	0.431	0.676	0.322	0.102	0.392	0.103	0.154	0.034	0.01	0.411	0.14	0.161	1.208	0.227	0.043	0.009	0.033	0.183	0.123	0.313	0.109	0.227	0.271	4.362	2.272	0.198	0.158	0.331	0.072	0.223	0.273	0.142	0.141	0.3	2.134	0.704	0.365	0.159	0.407	0.005	0	0.216	0.129	0.071	0.023	0.14	0.491	0.155	2.374	0.604	0.042	0.018	0.008	0.186	0.324	7.309	0.36	0.094	3.319	0.391	0.524	0.321	0.048	0.071	0.083	0.338	0.063	0.222	0.076	2.928	0.815	0.195	0.929	0.278	0.471	0.042
ASV_103	-0.536	10.968	0.22506234070347	0.493967994530993	NotSig	0.17	0.159	0.026	0.169	0.091	1.349	1.099	0.038	0.117	0.02	0.047	0.082	0.076	0.695	0.803	0.169	0.121	0.45	0.024	0.006	0.015	0.022	0.004	0.013	0.008	0.052	0.007	0.15	0.032	0.162	0.046	0.179	0.076	0.191	0.022	0.009	0.027	0.032	0.011	0.196	0.014	0.09	0.223	0.621	0.055	0.054	0.818	0.136	0.225	0.625	0.525	0.134	0.202	0.008	0.014	0.011	0.004	0.135	0.012	0.167	0.025	0.009	0.036	0.031	0.006	0.185	0.008	0.122	0.047	0.007	0.022	0.007	0.128	0.041	0.038	0.789
ASV_57	0.798	9.888	0.236332865008609	0.510386903137156	NotSig	0.097	0.048	0.051	0.006	0.029	0	0	0.005	0	0.138	0	0	0	0	0.002	0	0	0.024	0.325	1.712	0.001	0	0.01	0.068	0.011	0.001	0.001	0	0.025	0.015	0.016	0.019	0	0.035	0.037	0.031	1.028	0.007	0.003	0.089	0.096	0.092	0.016	0	0	0.323	0	0.002	0.002	0.006	0	0.031	0.002	0.043	0.065	0.016	0.016	0.007	0.011	0.011	0.228	0	0.001	0.03	0.004	0.003	0.05	0.166	0.006	0.102	0.011	0.209	0.131	0	0.002	0.1
ASV_39	-0.491	11.324	0.238583226910268	0.510386903137156	NotSig	0.194	0.22	0.056	0.101	0.049	0.771	1.171	0.142	0.659	0.064	0.059	0.816	0.084	0.375	0.031	0.055	0.007	0.015	0.126	0.092	0.027	0.049	0.028	0.068	0.063	0.054	0.013	0.244	0.645	0.101	0.061	0.151	0.103	0.06	0.019	0.009	0.111	0.461	0.261	0.023	0.358	0.096	0.168	0.286	0.145	0.158	0.098	0.235	0.27	0.966	0.179	0.085	0.029	0.021	0.098	0.029	0.015	0.033	0.065	0.029	0.04	0.027	0.014	0.045	0.033	1.764	0.04	0.073	0.057	0.143	0.011	0.034	0.061	0.442	1.901	0.019
ASV_159	-0.497	10.305	0.248728281174996	0.515601544685623	NotSig	0.087	0.104	0.217	0.054	0.049	0.09	0.397	0.06	0.272	0.136	0.271	0.189	0.096	0.025	0.108	0.282	0.125	0.027	0.096	0.032	0.08	0.03	0.051	0.019	0.004	0.013	0.017	0.014	0.007	0.11	0.004	0.156	0.067	0.068	0.008	0.017	0.021	0.028	0.009	0.009	0.137	0.012	0.057	0.032	0.025	0.064	0.247	0.677	0.059	0.103	0.059	1.385	0.043	0.017	0.011	0.006	0.008	0.051	0.04	0.033	0.032	0.005	0.024	0.112	0	0.003	0.218	0.008	0.039	0.052	0.096	0.028	0.005	0.077	0.009	0.011
ASV_99	0.528	9.87	0.250305744254496	0.515601544685623	NotSig	0.101	0.057	0.117	0.218	0.069	0.054	0.016	0	0.16	0.142	0.111	0.009	0.006	0.004	0.096	0.055	0.029	0.021	0.003	0.026	0.04	0.043	0.009	0.138	0.408	0.042	0.053	1.167	0.01	0.207	0.012	0.441	0.022	0.045	0.007	0.004	0.001	0.035	0.12	0.005	0.003	0.15	0.102	0.041	0	0.184	0.008	0.002	0	0	0.115	0.028	0.02	0.005	0.015	0.089	0.001	0.008	0.011	0.017	0.043	0.021	0.156	0.016	0.016	0.201	0.005	0.019	0.112	0.261	0.01	0.02	0.046	0.245	0.025	0.007
ASV_9	0.418	14.053	0.252480134950189	0.515601544685623	NotSig	1.672	1.055	0.4	1.456	3.252	1.7	8.245	4.31	1.362	0.646	2.391	0.777	0.448	9.432	2.376	0.889	1.25	2.278	0.488	0.293	0.308	0.231	0.121	0.194	0.111	1.083	0.132	1.855	0.924	0.802	0.989	0.439	1.228	1.95	0.73	0.466	0.859	0.927	0.427	9.11	0.327	1.422	1.141	0.744	3.052	3.348	0.924	0.623	0.839	1.011	0.773	0.553	2.08	0.111	0.133	0.427	0.165	0.524	0.123	0.235	0.603	0.109	0.652	1.687	0.589	0.922	0.188	0.417	1.521	0.335	0.492	0.347	0.479	1.956	2.007	6.384
ASV_40	-0.52	13.718	0.253298115836469	0.515601544685623	NotSig	0.911	1.145	0.288	0.186	0.138	0.037	0.016	0.442	0.088	0.163	0.423	0.207	0.704	0.045	0.081	0.102	0.042	1.787	1.378	4.338	0.553	0.34	1.174	0.92	0.27	2.923	0.733	0.755	6.335	0.522	0.124	0.362	3.764	0.784	2.363	0.443	0.205	0.59	1.448	0.228	0.217	0.169	0.182	0.03	0.081	0.294	0.319	0.195	0.175	0.072	0.044	0.216	0.027	0.409	0.159	0.731	0.176	0.315	0.634	0.289	0.369	1.098	2.338	1.577	23.464	1.267	1.003	0.169	0.61	0.754	0.69	1.111	0.302	0.36	0.341	0.116
ASV_83	-0.57	11.782	0.256275323985753	0.515601544685623	NotSig	0.29	0.317	0.204	0.232	0.431	0.097	0.71	0.012	0.224	1.343	0.059	0.014	0.017	0.017	0.099	0.002	0	0.595	0.044	0.586	0.069	0.038	0.044	0.032	0.01	0.126	0.066	0.071	0.702	2.627	0.149	0.153	0.168	0.363	0.027	0.435	0.085	0.753	0.7	0.003	0	0.231	0.036	0.041	0.017	0.647	0.804	0.012	0.014	0.018	0.002	0	0	0.087	0.378	0.057	0.034	0.07	0.192	0.026	0.012	0.122	0.254	0.036	0.149	0.074	1.098	0.101	0.098	0.029	0.302	0.071	3.468	0.558	2.052	0.001
ASV_6	-0.537	14.625	0.266266496182596	0.529400445351279	NotSig	1.55	2.005	1.356	0.849	1.092	0.718	0.749	0.079	0.752	0.516	0.016	0.145	0.035	0.172	0.482	0.148	4.91	0.417	1.519	0.696	1.795	0.31	9.771	4.431	2.654	2.06	0.302	1.311	0.403	1.172	4.353	0.736	0.766	1.205	2.247	0.336	0.248	1.688	9.994	0.014	0.022	0.534	0.556	0.243	0.068	0.273	0.09	0.056	0.028	0.563	0.169	0.232	0.155	14.745	17.764	0.469	0.259	1.066	1.369	1.838	0.92	0.757	0.322	1.219	0.161	0.122	0.155	6.214	5.694	3.639	0.123	1.108	5.995	1.14	2.099	0.011
ASV_235	0.413	10.796	0.272589963664229	0.535670975107613	NotSig	0.155	0.111	0.059	0.015	0.013	0.01	0.046	0.231	0.016	0.045	0.322	0.073	0.451	0.042	0.056	0.217	0.02	0.344	0.466	0.532	0.133	0.198	0.398	0.464	0.186	0.503	0.068	0.067	0.286	0.031	0.012	0.019	0.123	0.041	0.245	0.046	0.016	0.054	0.107	0.061	0.015	0.021	0.041	0.006	0.019	0.022	0.332	0.418	0.173	0.047	0.022	0.373	0.006	0.186	0.054	0.146	0.059	0.095	0.167	0.242	0.194	0.115	0.158	0.198	0.133	0.13	0.025	0.005	0.075	0.047	0.05	0.129	0.046	0.044	0.089	0.013
ASV_3	-0.507	15.504	0.282161262138772	0.54810635978681	NotSig	3.321	4.166	23.651	2.299	11.793	1.836	7.42	0.759	0.874	7.772	4.266	1.764	10.642	17.217	2.022	0.289	0.183	0.797	0.135	0.867	0.08	0.055	0.385	0.281	0.215	0.393	0.075	2.111	9.851	0.677	0.566	0.413	0.607	2.233	0.624	6.946	5.497	1.892	1.114	0.903	0.017	3.355	10.011	1.059	0.262	5.876	29.363	3.5	2.787	27.362	0.604	0.448	0.712	0.097	0.804	1.315	0.209	0.08	0.225	4.291	0.187	0.714	0.158	0.309	2.515	5.339	0.216	0.883	0.302	0.501	5.816	3.99	24.796	6.259	0.633	0.831
ASV_114	-0.633	9.867	0.287700555281017	0.552515839119226	NotSig	0.062	0.102	0.049	0.012	0.007	0.016	0.011	0.027	0.021	1.264	0.006	0.007	0.041	0.021	0.004	0.002	0.002	0.086	0.001	0.004	0.335	0.027	0	0.003	0	0.012	0.06	0.039	0.002	0.015	0.007	0.023	0.052	0.031	0.014	0.003	0.007	0.18	0.014	0.008	0.006	0.07	0.006	0.017	0.072	2.607	0.021	0.002	0.035	0.012	0.02	0.003	0.027	0.001	0.001	0.004	0	0.011	0.002	0	0.003	0	0.48	0.009	0.008	0.002	0	0.02	0.022	0.015	0.004	0.006	0.002	0.071	0.003	0.003
ASV_76	0.383	11.852	0.292377278743125	0.5542088390727	NotSig	0.333	0.221	0.063	0.112	0.118	0.449	0.104	0.212	0.091	0.097	3.254	0.214	0.218	0.498	1.119	0.328	2.014	0.12	0.092	0.117	0.082	0.136	0.092	0.156	0.329	0.846	0.064	0.139	0.07	0.207	0.134	0.105	0.141	0.185	0.118	0.063	0.19	0.129	0.521	0.036	0.012	0.077	0.101	0.131	0.238	0.233	0.491	0.209	0.253	0.111	0.255	0.247	1.064	0.049	0.081	0.289	0.126	0.073	0.409	0.118	0.188	0.267	0.077	0.185	0.233	0.069	0.075	0.405	0.051	0.093	0.102	0.336	0.064	0.12	0.782	0.131
ASV_50	-0.737	13.215	0.295140801873036	0.5542088390727	NotSig	0.487	0.928	0.142	0.172	1.816	0.034	0	0	0	0.023	0.008	0.014	0.3	0.011	0	0	0	0.509	0.009	0.037	1.87	0.016	0.146	1.023	0.133	0.037	0.013	0.014	0.11	0.732	0.264	0.272	0.58	0.322	8.341	0.125	0.488	0.18	1.208	0.002	0.034	0.104	0.108	0	0	0.022	0.04	0.014	0.163	0.004	0	0	0	0.013	0.022	0.255	0.011	0.084	0.153	0.14	16.441	0.094	0.114	0.005	0.013	0.011	0.075	0.254	5.592	5.031	0.384	1.11	1.643	0.513	0.072	0
ASV_157	0.606	8.077	0.298850610164152	0.555008276019139	NotSig	0.021	0.015	0.03	0.025	0.02	0.001	0	0.014	0.005	0.038	0.053	0.095	0.166	0.074	0.011	0.002	0.018	0.018	0.001	0.013	0.005	0.091	0	0.006	0.001	0.001	0.001	0.003	0	0.027	0	0.012	0.004	0	0.011	0.001	0.001	0.025	0	0	0.051	0.02	0.036	0.002	0.1	0.014	0.08	0.068	0.078	0.07	0.01	0.003	0.004	0	0.002	0	0	0	0	0.001	0	0	0.005	0.008	0	0	0.01	0	0.002	0.007	0.004	0	0.002	0.005	0	0.004
ASV_121	-0.491	11.046	0.309301623995024	0.568173635382163	NotSig	0.12	0.18	0.009	0.005	0.15	0.009	0.002	0.002	0.003	0.008	0.004	0	0.006	0.013	0.121	0.005	0.004	0.539	0.038	0.24	0.102	0.11	0.026	0.062	0.078	0.158	1.224	0.125	0.129	0.223	0.261	0.063	0.114	0.109	0.052	0.365	0.032	0.109	0.173	0.012	0.003	0.216	0.031	0.006	0.004	0.044	0.016	0.009	0.021	0.008	0.65	0.015	0.006	0.017	0.111	0.35	0.023	0.041	0.282	0.019	0.027	0.077	0.969	0.39	0.351	0.211	0.576	0.27	0.067	0.029	0.49	0.142	0.3	0.108	0.411	0.005
ASV_138	-0.568	12.188	0.328820583361264	0.597534178366168	NotSig	0.303	0.364	0.15	0.268	0.013	0.085	0.069	0	1.812	0.154	0.069	0.402	0.134	0.288	0.004	0.03	0	0.006	0.006	0.004	0.013	0.119	0.01	0.012	0.035	0.008	0.013	0.101	0.212	0.027	0.061	0.678	0.401	0.642	0.031	5.112	0.133	0.441	0.263	0.016	0.002	0.062	0.163	0.051	0	0.093	0.045	0.261	0.296	0.469	0.032	0.044	0.018	0.004	0.007	0.005	0.031	0.048	0.016	0.011	0.012	0.03	0.077	0.009	0.014	0.13	0.02	0.137	0.133	0.049	0.69	0.095	9.079	0.307	0.22	0.077
ASV_189	-0.28	11.231	0.340133647266326	0.605628946169232	NotSig	0.197	0.205	0.112	0.411	0.067	0.424	0.226	0.103	0.34	0.301	0.065	0.236	0.218	0.67	0.253	0.566	0.147	0.099	0.056	0.467	0.061	0.059	0.02	0.097	0.217	0.115	0.113	0.171	0.052	0.449	0.16	0.137	0.083	0.129	0.05	0.333	0.118	0.267	0.263	0.008	0.006	0.318	0.395	0.152	0.251	1.365	0.292	0.099	0.13	0.101	0.108	0.121	0.125	0.062	0.259	0.16	0.035	0.032	0.419	0.107	0.088	0.06	0.065	0.054	0.086	0.119	0.143	0.198	0.1	0.145	0.392	0.139	0.107	0.276	0.41	0.266
ASV_126	0.44	8.521	0.345663877149948	0.605628946169232	NotSig	0.029	0.021	0.031	0.002	0.002	0.019	0.016	0.002	0.01	0.065	0.095	0.07	0.076	0.064	0.022	0.023	0.108	0.033	0.007	0.007	0.091	0.023	0.007	0.013	0.001	0.003	0.02	0.004	0	0.119	0.007	0.014	0.011	0.018	0.073	0.006	0.001	0	0.004	0.012	0.046	0	0.003	0.007	0.006	0.024	0.069	0.071	0.099	0.055	0.042	0.015	0.029	0.001	0	0.004	0.004	0.007	0.002	0	0.003	0.003	0.026	0.07	0.006	0	0.013	0.01	0.082	0.003	0.001	0.006	0.003	0.014	0	0.058
ASV_48	0.424	12.364	0.350872892279809	0.605628946169232	NotSig	0.463	0.328	1.578	1.48	0.089	0.087	0.453	1.147	0.238	0.742	0.081	0.082	0.46	0.144	0	0.046	0.024	1.951	0.104	1.107	0.123	0.08	0.053	0.068	0.171	0.136	0.335	0.448	0.199	0.079	0.426	0.093	0.011	0.068	0.029	0.02	0.269	1.092	0.071	4.466	0.02	0.066	0.105	0.075	0.149	0.366	0.058	0.033	1.083	0.039	0.015	0.008	0.022	0.655	0.29	1.852	0.25	0.046	0.156	0.095	0.098	0.055	0.767	0.167	0.358	0.13	0.013	0.763	0.288	1.223	0.026	0.63	0.061	0.49	0.07	0.967
ASV_89	0.335	10.377	0.358207466412258	0.605628946169232	NotSig	0.116	0.09	0.049	0.022	0.047	0.097	0.083	0.219	0.152	0.015	0.144	0.066	0.067	0.07	0.009	0.005	0.119	0.229	0.025	0.116	0.692	0.1	0.042	0.168	0.041	0.195	0.026	0.077	0.142	0.198	0.128	0.063	0.208	0.035	0.565	0.036	0.044	0.071	0.15	0.002	0.022	0.049	0.061	0.039	0.251	0.05	0.029	0.033	0.043	0.027	0.005	0.003	0.016	0.001	0.03	0.099	0.015	0.169	0.123	0.046	0.088	0.09	0.111	0.62	0.279	0.043	0.271	0.065	0.104	0.027	0.091	0.051	0.044	0.063	0.113	0.005
ASV_75	0.373	11.898	0.359093945524605	0.605628946169232	NotSig	0.346	0.242	0.407	0.07	0.485	0.257	0.309	0.072	0.088	0.116	0.036	0.366	0.047	0.061	0.202	1.048	0.029	0.028	1.226	0.051	0.072	0.098	0.108	0.169	0.311	0.138	0.234	1.229	0.573	0.214	1.681	0.334	1.306	0.493	0.556	0.171	0.152	0.244	0.443	0.078	0.005	0.04	0.041	0.004	0.038	0.054	1.309	0.136	0.035	0.064	0.01	0.036	0.016	0.079	0.101	0.035	0.025	1.528	0.037	0.446	0.314	0.052	0.155	0.144	0.13	0.967	0.048	0.374	0.184	0.354	0.05	0.492	0.66	0.396	0.091	0.039
ASV_109	-0.468	9.637	0.360523262437604	0.605628946169232	NotSig	0.051	0.052	0.007	0.029	0.012	0.078	0.078	0.065	0.048	0.003	0.016	0.043	0.038	0.187	0.222	0.072	0.467	0.003	0.007	0.01	0	0.006	0.006	0.119	0.059	0.039	0	0.01	0	0.027	0.003	0.012	0.002	0.016	0.162	0.01	0.06	0.013	0.007	0.042	0.008	0.008	0.006	0.103	0.026	0.017	0.027	0.016	0.031	0.006	0.069	0.041	0.706	0.003	0.002	0.006	0.003	0.004	0.002	0.036	0.077	0.013	0.004	0.005	0.004	0.006	0	0.007	0.002	0.069	0.008	0.165	0.02	0.005	0.016	0.311
ASV_207	0.674	10.07	0.361554271828466	0.605628946169232	NotSig	0.103	0.054	0.009	0.005	0	0.001	0	0.007	0.005	0.005	0.292	2.292	0.044	0.045	0.117	0.506	0.169	0	0.004	0	0	0.019	0.026	0.001	0.01	0	0.015	0.004	0	0	0.003	0.114	0.103	0.01	0.018	0.004	0.08	0	0	0.012	0.092	0	0	0	0.002	0.001	0.053	0.635	0.05	0.031	0.091	0.571	0.112	0.001	0.009	0	0	0.003	0.006	0.056	0.003	0.004	0	0.012	0	0.002	0.038	0	0	0.024	0.16	0.02	0	0	0.016	0.005
ASV_63	-0.44	12.252	0.361943926408831	0.605628946169232	NotSig	0.345	0.386	0.087	0.285	0.187	0.145	0.232	0.353	0.005	0.062	0.006	0.007	0.052	0.032	0.009	0.018	0.02	0.096	0.102	0.68	0.063	0.077	0.071	0.829	0.064	0.043	0.064	0.199	0.819	0.247	2.12	0.262	0.233	0.431	0.068	0.064	4.351	0.522	0.284	0.251	0	0.087	0.203	0.047	0.202	0.055	0.037	0.009	0.031	0.023	0.002	0.023	0.008	0.359	4.797	0.114	0.111	0.443	0.253	0.243	0.4	0.059	0.101	0.215	0.364	1.267	0.236	1.094	0.061	0.46	0.047	1.006	0.251	0.706	0.186	0.011
ASV_130	0.464	11.851	0.373143326004501	0.613424590573474	NotSig	0.273	0.214	0.033	0.104	0.035	0.26	0.061	0.026	0.034	0.044	0.012	0.002	0.009	0.006	0.002	0.005	0	0.705	0.101	0.082	1.396	1.102	0.964	0.069	0.074	0.42	2.698	0.217	0.351	0.323	0.127	0.218	0.15	0.238	0.033	0.315	0.03	0.188	0.151	0.045	0.008	0.032	0.024	0.064	0.032	0.029	0.027	0	0.031	0.006	0	0.003	0	0.075	0.229	0.485	0.317	0.262	0.174	0.146	0.092	0.433	1.519	0.345	0.351	0.058	0.677	0.366	0.353	0.097	0.767	0.091	0.008	0.316	0.092	0.005
ASV_22	-0.371	11.963	0.373862324432354	0.613424590573474	NotSig	0.326	0.333	0.056	0.102	0.054	0.964	0.141	1.038	0.124	0.073	0.014	0.13	0.003	0.004	0.081	0.42	0.026	1.859	0.254	0.29	0.195	0.101	0.325	0.341	1.028	0.452	0.184	0.13	0.055	1.779	0.037	0.532	0.13	0.975	0.193	0.117	0.038	0.125	0.1	0.176	0.048	0.051	0.314	0.157	0.811	0.064	0.024	0.075	0.099	0	0.113	0.558	0.031	0.193	0.26	0.441	0.259	0.062	1.029	4.082	0.172	0.521	0.079	0.047	0.073	0.039	0.02	0.064	0.096	0.568	0.511	0.295	0.034	0.036	0.288	0.201
ASV_188	0.399	9.566	0.41226434144466	0.669929554847573	NotSig	0.055	0.044	0.028	0	0.005	0.023	0.032	0	0.003	0.008	0.063	0.061	0.393	0.093	0.004	0.009	0.059	0.129	0.016	0.009	0.101	0.058	0.025	0	0.003	0.301	0.008	0.008	0.017	0.067	0.066	0.044	0.027	0.004	0.014	0.006	0.011	0.013	0.069	0.003	0.347	0	0	0.022	0.004	0.003	0.05	0.056	0.066	0.197	0.044	0.015	0.008	0.004	0.01	0.088	0.016	0.03	0.045	0.013	0.005	0.023	0.037	0.176	0.018	0.014	0.1	0.241	0.147	0.001	0.036	0.018	0.003	0.003	0.045	0.008
ASV_311	0.339	11.023	0.422385304457319	0.679839204317018	NotSig	0.189	0.131	0.073	0.02	0.076	0.009	0.014	0.021	0.012	0.048	0.006	0.111	0.015	0.072	0.078	0.369	0.037	0.2	0.26	0.448	0.966	0.043	0.074	0.668	0.109	1.244	0.079	0.052	0.08	0.082	0.654	0.016	0.036	0.64	0.202	0.037	0.237	0.022	0.079	0.167	0.002	0.018	0.027	0.037	0.021	0.044	0.247	0.066	0.007	0.012	0.012	0.072	0.02	0.026	0.04	0.028	0.041	0.439	0.405	0.165	0.312	0.653	0.043	0.118	0.049	0.174	0.013	0.106	0.765	0.118	0.036	0.316	0.03	0.047	0.056	0.02
ASV_5	-0.257	14.087	0.451026310183436	0.715740820804329	NotSig	1.407	1.493	0.823	1.273	0.779	0.841	2.434	1.767	1.452	0.543	0.138	0.348	0.917	0.293	0.379	0.09	0.304	1.981	2.033	1.403	0.554	0.515	0.942	2.686	0.543	4.718	0.499	3.635	0.657	1.336	0.509	0.632	0.939	0.753	1.7	2.76	9.494	2.765	0.737	0.691	0.028	2.213	1.61	0.655	1.601	1.047	0.119	0.118	0.527	0.22	0.147	0.095	0.161	0.703	1.174	3.081	1.038	0.763	4.73	1.176	1.89	1.837	3.056	3.349	2.082	0.286	0.556	3.617	0.694	0.92	0.581	4.139	0.579	3.958	3.267	0.248
ASV_141	-0.316	10.571	0.465906999720776	0.715740820804329	NotSig	0.125	0.135	0.037	0.037	0.039	0.035	0.034	0.14	0.021	0.011	0.04	0.039	0.009	0.036	0.02	0.021	0.011	0.079	0.041	2.288	0.05	0.033	0.022	0.041	0.006	0.255	0.016	0.238	0.012	0.058	0.04	0.046	0.069	0.076	0.046	0.409	0.231	0.072	0.201	0.017	0	0.219	0.058	0.002	0.109	0.23	0.058	0.026	0.005	0.01	0.005	0.077	0.112	0.044	0.18	0.125	0.06	0.09	0.056	0.042	0.026	0.074	0.795	0.297	0.095	0.003	0.128	0.018	0.012	0.022	0.124	0.081	0.036	0.256	1.247	0.004
ASV_97	-0.286	11.501	0.469634759733947	0.715740820804329	NotSig	0.23	0.216	0.087	0.62	0.384	0.414	0.269	0.855	0.067	0.113	0.78	0.332	0.116	1.077	0.545	0.342	0.33	0.166	0.108	0.037	0.031	0.094	0.02	0.046	0.011	0.196	0.021	0.151	0.032	0.034	0.033	0.105	0.112	0.101	0.091	0.038	0.889	0.023	0.023	0.235	0.034	0.351	0.233	0.694	0.364	0.277	0.167	0.181	0.13	1.763	0.091	0.229	0.449	0.01	0.01	0.072	0.02	0.182	0.031	0.096	0.123	0.017	0.107	0.202	0.021	0.085	0.01	0.069	0.033	0.021	0.029	0.305	0.09	0.167	0.145	0.795
ASV_28	-0.946	7.584	0.469815115746155	0.715740820804329	NotSig	0.007	0.014	0	0	0	0	0	0	0	0	0	0.002	0	0	0	0	0	0.009	0	0	0.008	0	0.088	0.107	0.05	0	0.005	0	0	0	0	0	0	0	0	0	0	0	0	0	0	0	0	0	0	0	0	0	0	0	0	0	0	0.135	0	0.001	0	0	0.08	0.122	0.065	0.082	0.005	0	0.001	0	0	0	0	0	0	0	0	0	0	0
ASV_79	-0.284	12.373	0.470324731370141	0.715740820804329	NotSig	0.377	0.388	0.056	0.056	0.034	0.44	0.972	0.144	0.028	0.163	0.061	0.141	1.033	0.108	0.146	2.023	0.057	0.367	1.057	0.183	1.128	0.503	0.741	0.324	0.203	0.174	0.942	0.496	0.102	0.247	0.487	0.602	0.394	0.244	0.196	0.064	0.054	0.439	0.248	0.022	0.008	0.046	0.055	0.148	0.147	0.085	0.64	0.284	0.721	0.043	0.047	0.152	0.055	0.355	0.413	0.355	1.367	0.839	0.293	1.44	1.872	0.098	0.722	0.637	0.079	0.072	0.178	0.273	0.923	0.28	0.295	0.226	0.033	0.282	0.122	0.012
ASV_38	-0.295	11.641	0.477207125191697	0.715740820804329	NotSig	0.239	0.272	0.052	0.034	0.034	0.27	0.125	1.161	0.228	0.216	0.597	0.489	0.437	0.261	0.282	0.314	0.808	0.093	0.059	0.072	0.111	0.042	0.019	0.066	0.017	0.143	0.064	0.071	0.03	0.824	0.033	0.592	0.087	0.123	0.186	0.798	0.081	0.161	0.021	0.065	0.251	0.041	0.031	0.101	3.529	0.286	0.212	0.538	0.622	0.138	0.518	0.458	0.88	0.019	0.029	0.051	0.014	0.064	0.056	0.01	0.035	0.005	0.107	0.198	0.038	0.045	0.033	0.034	0.157	0.14	0.788	0.08	0.036	0.096	0.008	0.123
ASV_73	-0.357	11.874	0.477332389289936	0.715740820804329	NotSig	0.398	0.411	0.241	0.438	0.141	0.021	0.016	0.243	0.234	0.216	0.002	0.011	0.015	0.004	0.016	0.002	0.002	0.356	0.043	0.119	0.116	0.129	0.025	0.087	0.064	0.189	0.11	0.955	0.261	8.086	0.121	0.295	0.329	0.021	0.052	0.209	0.021	1.915	0.384	0.03	0.011	0.259	0.163	0.011	0.922	0.183	0.013	0	0.002	0.002	0.017	0.005	0.002	0.057	0.187	0.386	0.064	0.079	0.067	0.046	0.11	0.199	0.087	0.174	0.156	0.085	0.845	0.251	0.267	0.043	0.136	0.02	0.195	6.583	2.731	0.026
ASV_32	-0.275	12.117	0.478572264798161	0.715740820804329	NotSig	0.335	0.351	0.117	0.087	0.204	0.122	0.077	0.209	0.179	0.585	0.514	0.214	0.242	0.125	0.045	0.083	0.037	0.527	0.124	0.12	0.226	0.071	0.242	0.122	0.101	1.322	0.074	0.148	3.633	0.43	0.258	0.135	0.177	0.417	0.141	0.241	0.544	0.281	0.879	0.016	0	0.119	0.083	0.065	0.33	0.514	0.26	0.449	0.08	0.173	0.096	0.183	0.045	0.039	0.026	0.665	0.147	0.14	1.454	0.072	0.137	0.597	0.195	0.326	2.246	0.877	0.125	0.618	0.222	0.059	0.213	0.421	0.958	0.257	0.092	0.013
ASV_7	0.322	14.439	0.495595861517513	0.73469912803912	NotSig	1.792	1.416	0.61	0.314	0.226	6.909	1.495	0.154	3.035	5.474	2.296	1.3	1.935	2.192	7.999	2.076	19.546	0.641	0.662	0.145	0.139	0.038	0.295	0.33	0.113	0.764	0.132	0.321	0.234	0.284	0.043	0.804	0.419	0.353	0.526	0.06	0.272	1.035	0.36	0.672	5.666	0.691	0.327	2.531	0.09	5.477	2.097	1.535	7.591	0.82	4.174	1.966	5.744	0.041	0.056	0.118	0.055	0.276	0.595	0.138	0.134	0.538	0.769	7.064	0.495	0.188	0.261	0.141	0.157	0.302	0.101	0.487	0.341	0.346	0.091	3.832
ASV_34	-0.293	12.203	0.514025413196122	0.753754118926014	NotSig	0.373	0.423	0.465	3.094	0.283	0.36	0.433	0.277	0.476	2.432	0.055	0.059	0.087	0.231	0.464	0.432	0.726	1.294	0.055	0.045	0.05	0.289	0.012	0.087	0.422	0.014	0.009	0.076	0.06	0.186	0.402	0.274	0.455	0.094	0.193	0.031	0.145	0.13	0.151	0.118	0.068	0.939	6.146	0.178	0.177	2.603	0.788	0.179	0.123	0.775	0.196	0.183	0.619	0.018	0.025	0.041	0.012	0.105	0.039	0.019	0.397	0.007	0.058	0.021	0.006	0.047	0.015	0.333	0.063	0.125	0.039	0.122	0.043	0.148	0.097	0.107
ASV_134	-0.248	10.108	0.517369691097146	0.753754118926014	NotSig	0.08	0.089	0.035	0.056	0.029	0.059	0.413	0.007	0.003	0.021	0	0.009	0.02	0.006	0.043	0.065	0.044	0.131	0.256	0.28	0.037	0.11	0.048	0.078	0.264	0.052	0.131	0.098	0.122	0.11	0.033	0.039	0.013	0.033	0.022	0.13	0.106	0.08	0.143	0.008	0	0.021	0.028	0.028	0.011	0.057	0.013	0.054	0.043	0.008	0.027	0.293	0.045	0.073	0.037	0.087	0.034	0.05	0.424	0.026	0.032	0.042	0.332	0.239	0.174	0.06	0.008	0.122	0.014	0.024	0.048	0.063	0.031	0.045	0.517	0.022
ASV_174	0.344	10.165	0.544616022903426	0.786667588638282	NotSig	0.131	0.075	0.031	0.057	0.013	0.273	0.277	0.036	0.241	0.051	0.522	0.448	0.035	0.36	0.085	0.037	0.004	0	0.003	0	0.006	0.13	0.009	0.012	0.034	0.001	0.001	0.008	0.017	1.068	0.003	0.783	0.278	0	0.007	0.007	0	0.175	0.02	0.03	0.043	0.083	0.108	0.185	0.045	0.118	0.451	0.581	0.128	0.384	0.125	0.134	0.018	0.003	0.001	0	0	0.032	0.006	0.007	0.004	0.001	0	0	0	0.005	0	0.003	0.024	0.01	0.004	0.001	0.008	0.12	0.013	0.026
ASV_110	0.27	8.914	0.551792917809159	0.790279687370745	NotSig	0.044	0.029	0.005	0.014	0.01	0.063	0.037	0.699	0.081	0.042	0.136	0.02	0.012	0.006	0.072	0.037	0.103	0.012	0.001	0.015	0.004	0.003	0.004	0.006	0.004	0.042	0.003	0.006	0.007	0.031	0.003	0.021	0.049	0.002	0.039	0.007	0.012	0.036	0.004	0.012	0.034	0.041	0.028	0.064	0.19	0.091	0.005	0.014	0.052	0.008	0.135	0.126	0.067	0.004	0.002	0.005	0.001	0.003	0.031	0.003	0.008	0.017	0.012	0.004	0.006	0	0	0.004	0.025	0.012	0.001	0.006	0.005	0.014	0.008	0.03
ASV_119	-0.325	9.511	0.564283368287541	0.801377220509197	NotSig	0.05	0.064	0	0	0	0.103	0.075	0.051	0.034	0.048	0.18	0.239	0.192	0.246	0	0	0.194	0.03	0.018	0	0.068	0	0.015	0.01	0.004	0.009	0.001	0.006	0.01	0.122	0.013	0.016	0.031	0.076	0.039	0.016	0.005	0	0.003	0.017	0.097	0	0	0.094	0.385	0.049	0.292	0.275	0.357	0.144	0.002	0	0.002	0.003	0.001	0.036	0.008	0.006	0.012	0.007	0.006	0	0.016	0.173	0.006	0	0.128	0.005	0.01	0.015	0.168	0.004	0.002	0.001	0.003	0.038
ASV_66	-0.415	9.565	0.56943695710733	0.801957047926157	NotSig	0.065	0.054	0	0	0.002	0.832	0.798	0	0.426	0	0	0.005	0.003	0.011	0.045	0.002	0	0.013	0.01	0.127	0.022	0.004	0.004	0.004	0.001	0.007	0.009	0.003	0.012	0.015	0.084	0.002	0	0	0	0	0.006	0	0	0.047	0.057	0.044	0.003	0.758	0	0.004	0.117	0	0.019	0.002	0	0	0.014	0.021	0.176	0.005	0.004	0	0.178	0.024	0.01	0.008	0.076	0.008	0	0.003	0.005	0.337	0	0	0	0.003	0	0	0.002	0.082
ASV_147	0.241	10.398	0.592187911876479	0.82255466966029	NotSig	0.136	0.108	0.007	0.054	0.025	0.208	0.08	0.026	0.086	0.021	0.006	0.075	0.012	0.051	0.011	0.072	0.004	0.013	0.077	0.013	0.023	0.017	0.007	0.009	0.008	0.014	0.044	0.137	0.042	0.436	0.093	0.137	0.179	0.099	0.046	0.058	2.277	0.737	0.089	0.005	0	0.018	0.05	0.101	0.034	0.024	0.064	0.009	0.005	0.004	0.012	0.01	0.002	0.101	0.05	0.105	0.011	0.047	0.032	0.043	0.021	0.009	0.087	0.056	0.16	0.145	0.043	0.198	0.094	0.097	0.021	0.415	0.084	1.593	0.038	0.007
ASV_62	0.259	11.31	0.594286957537683	0.82255466966029	NotSig	0.221	0.164	0.126	0.192	0.037	0.141	0.102	0.301	0.555	1.319	1.207	0.521	0.535	0.348	0.475	0.337	0.817	0.003	0.015	0.003	0.009	0.064	0.01	0.012	0.02	0.018	0.017	0.303	0.005	0.034	0.028	0.163	0.269	0.021	0.015	0.01	0.07	0.099	0.013	0.072	0.322	0.112	0.211	0.052	0.383	0.844	0.154	0.964	0.284	0.23	0.321	0.594	0.747	0.001	0.007	0.008	0.001	0.079	0.009	0.076	0.008	0.001	0.058	0.117	0.018	0.006	0.018	0.022	0.01	0.018	0.008	0.007	0.01	0.137	0.055	0.166
ASV_13	0.235	13.643	0.601072802251869	0.82255466966029	NotSig	1.148	0.853	5.477	0.279	0.163	0.528	0.083	3.411	1.717	3.33	7.022	5.197	1.638	0.405	0.525	1.171	0.616	0.237	0.083	0.12	0.902	0.171	0.102	0.13	0.078	0.525	1.195	0.712	0.254	0.473	0.04	0.808	0.314	3.858	0.287	0.11	0.367	0.41	0.517	0.274	1.25	0.145	0.101	0.144	1.214	0.449	1.221	2.849	1.539	0.242	0.427	13.318	0.323	0.048	0.065	0.141	0.041	0.062	0.146	0.179	0.157	0.1	0.277	0.156	0.19	0.129	0.414	0.012	2.545	0.608	0.439	0.178	0.053	1.173	0.647	0.109
ASV_25	0.218	13.269	0.607749410996671	0.82255466966029	NotSig	0.774	0.668	2.123	0.172	0.172	0.079	0.016	0.072	0.874	0.281	0.405	0.43	0.189	0.038	0.087	0.15	0.084	0.551	0.096	1.735	0.434	0.24	0.293	0.358	0.099	2.172	4.134	0.566	1.701	2.063	0.275	0.469	0.415	0.575	0.247	5.66	0.181	0.638	1.603	0.307	0.205	0.189	0.148	0.015	0.028	0.227	0.17	0.284	0.27	0.029	0.133	0.679	0.055	0.207	0.752	0.243	0.075	0.095	1.329	0.235	0.214	2.899	1.255	0.389	0.945	0.526	0.97	0.11	0.79	0.49	3.386	0.276	0.547	0.791	4.504	0.124
ASV_30	-0.258	12.682	0.609880666386006	0.82255466966029	NotSig	0.47	0.532	0.17	0.15	1.092	0.74	0.146	0.036	0.231	0.107	0.004	0.018	0.009	0.028	0.036	0.088	0	0.316	0.204	0.114	4.167	0.055	0.21	1.416	0.165	0.071	0.019	0.247	0.07	0.336	2.301	0.555	1.071	0.316	1.822	0.39	0.657	0.187	0.774	0.003	0.003	0.082	0.093	1.678	0.034	0.094	0.422	0.071	0.012	0.066	0.007	0.108	0	0.028	0.073	0.176	0.025	2.036	0.166	0.286	4.858	0.057	0.14	0.614	0.023	0.076	0.11	1.068	0.506	3.236	0.186	1.42	0.272	0.335	0.242	0.005
ASV_93	-0.251	11.9	0.613265611699388	0.82255466966029	NotSig	0.27	0.328	0.037	0.029	0.03	0.007	0.008	0.096	0.017	0.047	0.006	0.016	0	0.002	0	0.014	0.004	0.107	0.14	0.562	0.179	0.136	0.334	0.331	0.158	0.898	1.157	0.27	0.491	0.421	0.555	0.172	0.103	0.564	0.144	0.795	1.276	0.571	0.838	0.002	0.003	0.033	0.041	0.006	0.07	0.055	0.003	0.028	0.035	0.006	0	0.049	0.002	0.069	0.378	0.307	0.046	0.062	1.359	0.131	0.186	0.86	0.128	0.256	0.475	0.304	0.123	0.349	0.747	0.799	0.567	1.39	0.094	0.356	2.159	0.016
ASV_51	-0.218	12.472	0.628613475515713	0.836501396552405	NotSig	0.419	0.392	0.241	0.332	0.232	0.349	1.027	0.01	0.183	0.422	0.024	0.275	0.09	0.504	2.343	0.42	4.239	0.157	0.12	0.034	0.092	0.777	0.057	0.182	0.085	0.198	0.074	0.034	0.057	0.223	0.103	0.676	1.369	0.158	0.414	0.033	0.132	0.157	0.111	0.073	0.345	0.769	1.045	0.507	0.03	1.329	0.281	0.082	0.392	0.242	1.468	0.528	2.039	0.018	0.047	0.025	0.004	0.258	0.098	0.046	0.068	0.043	0.069	0.274	0.033	0.295	0.04	0.211	0.069	0.136	0.023	0.283	0.049	0.037	0.031	2.839
ASV_12	0.231	14.301	0.654266117176401	0.858729584162313	NotSig	1.623	1.302	0.147	0.043	0.024	0.166	0.147	0.116	0.483	0.124	0.126	0.077	1.86	0.114	0.204	0.002	0.004	0.058	0.262	0.382	0.179	0.106	0.351	6.083	1.918	5.902	0.21	4.683	0.889	1.245	4.752	0.172	0.338	0.733	3.662	19.814	4.313	3.013	0.548	0.012	0.017	0.137	0.193	0.009	0.179	0.085	1.471	0.125	1.735	0.148	0.142	0.01	0.004	1.137	1.525	1.966	0.239	0.225	0.809	0.388	1.364	7.423	0.292	0.698	2.052	1.679	0.183	4.677	0.929	0.906	0.348	0.709	6.804	6.442	0.253	0.284
ASV_107	-0.211	8.188	0.655479978443422	0.858729584162313	NotSig	0.021	0.021	0.009	0.011	0.008	0.006	0.005	0.005	0.043	0.008	0.004	0.002	0	0.002	0.007	0.007	0	0.108	0.004	0.098	0.038	0.02	0.004	0.015	0.032	0.014	0.021	0.137	0.005	0.034	0.001	0	0.002	0.018	0.001	0.105	0.004	0.052	0.001	0	0	0.008	0.005	0.002	0.008	0.003	0.011	0.002	0.002	0	0.005	0.005	0.002	0.01	0.093	0.055	0.015	0.007	0.065	0.04	0.014	0.009	0.017	0.001	0.004	0.002	0	0.001	0.004	0.003	0.048	0.003	0.011	0.041	0.25	0.001
ASV_200	-0.143	10.744	0.672752897635275	0.867572414866888	NotSig	0.139	0.136	0.073	0.144	0.082	0.075	0.165	0.414	0.01	0.073	0.087	0.134	0.157	0.24	0.161	0.046	0.073	0.312	0.146	0.168	0.046	0.041	0.061	0.168	0.032	1.036	0.04	0.217	0.045	0.021	0.061	0.005	0.02	0.099	0.048	0.093	0.383	0.072	0.023	0.343	0.011	0.185	0.132	0.039	0.221	0.064	0.085	0.059	0.163	0.411	0.079	0.069	0.043	0.022	0.071	0.25	0.082	0.073	0.249	0.128	0.232	0.195	0.16	0.272	0.086	0.034	0	0.102	0.029	0.025	0.026	0.114	0.043	0.227	0.707	0.084
ASV_220	0.146	10.981	0.680922287166879	0.867572414866888	NotSig	0.167	0.131	0.065	0.053	0.025	0.051	0.053	0.104	0.672	0.218	0.162	0.077	0.579	0.081	0.056	0.129	0.011	0.338	0.35	0.253	0.266	0.266	0.265	0.391	0.234	0.321	0.263	0.118	0.097	0.052	0.046	0.084	0.125	0.09	0.204	0.058	0.012	0.115	0.153	0.062	0.015	0.029	0.038	0.009	0.051	0.107	0.226	0.16	0.348	0.045	0.012	0.039	0.004	0.212	0.116	0.114	0.318	0.437	0.335	0.361	0.302	0.141	0.202	0.153	0.108	0.076	0.025	0.01	0.163	0.084	0.065	0.121	0.013	0.077	0.067	0.009
ASV_78	0.177	11.586	0.681858172547355	0.867572414866888	NotSig	0.288	0.206	0.059	0.203	0.264	0.132	0.035	0.074	0.571	0.067	0.03	0.02	0.003	0.089	0.027	0.042	0.004	0.313	0.627	0.116	0.299	0.187	0.088	1.192	0.183	0.118	0.045	1.077	0.055	0.113	0.125	0.376	1.927	0.544	1.391	0.053	0.057	0.496	0.063	0.156	0.002	0.044	0.033	0.039	0.196	0.073	0.074	0.242	0.009	0.012	0.01	0.023	0.004	0.967	0.188	0.041	0.106	1.036	0.117	0.071	0.587	0.056	0.135	0.239	0.081	0.011	0.03	0.181	0.306	0.959	0.219	0.855	0.048	0.196	0.013	0.008
ASV_43	-0.147	12.582	0.684837788315374	0.867572414866888	NotSig	0.478	0.472	0.949	0.249	0.199	0.069	0.082	0.389	0.034	0.253	0.391	0.102	0.338	0.15	0.096	0.286	0.055	0.635	0.418	1.107	3.168	0.352	0.331	0.389	0.186	0.399	1.199	0.478	0.207	0.433	0.137	0.321	0.363	0.991	0.102	0.616	0.236	0.758	1.758	0.385	0.025	0.222	0.178	0.015	0.271	0.155	0.342	0.2	0.773	0.107	0.029	0.147	0.016	0.487	0.779	0.154	0.609	0.501	1.382	1.008	0.174	0.262	0.913	0.32	0.253	0.122	2.303	0.122	2.384	0.226	0.333	0.489	0.471	0.419	0.306	0.042
ASV_203	-0.171	9.269	0.688342298946599	0.867572414866888	NotSig	0.047	0.046	0.042	0.105	0.062	0.081	0.074	0.002	0.078	0.06	0.01	0.002	0	0.04	0.036	0.016	0.064	0.009	0.044	0.001	0.027	0.064	0.01	0.037	0.013	0.018	0.012	0.014	0.025	0.043	0.012	0.074	0.549	0.016	0.075	0.014	0.041	0.012	0.007	0	0.063	0.088	0.055	0.159	0	0.333	0.008	0.005	0.095	0.002	0.066	0.01	0.169	0.016	0.007	0.004	0.001	0.09	0.03	0.006	0.021	0.013	0.085	0.089	0.013	0.008	0.025	0.015	0.012	0.044	0.008	0.092	0.01	0.01	0.002	0.004
ASV_27	-0.182	12.224	0.693031218976508	0.867572414866888	NotSig	0.443	0.417	0.271	1.018	0.229	2.947	1.819	0.009	0.883	0.792	0.168	1.18	0.195	1.221	0.177	0.249	0.216	0.07	0.058	0.022	0.005	0.032	0.016	0.031	0.048	0.058	0.065	0.845	0.027	0.482	0.081	2.039	0.307	0.499	0.048	0.177	0.085	0.167	0.031	0.129	0.575	1.954	4.351	1.218	0.004	1.472	1.335	0.456	0.234	0.454	0.069	0.221	0.329	0.004	0.007	0.064	0.008	0.059	0.021	0.047	0.115	0.01	0.07	0.112	0.034	0.006	0.02	0.058	0.037	0.133	0.171	0.027	0.08	1.081	0.031	0.311
ASV_94	-0.158	11.145	0.70446392872544	0.875400029077936	NotSig	0.173	0.176	0.082	0.206	0.059	0.39	0.222	0.312	0.467	0.135	0.079	0.264	0.585	0.038	0.188	0.882	0.079	0.036	0.636	0.038	0.024	0.103	0.044	0.075	0.176	0.009	0.017	0.181	0.02	0.494	0.019	0.225	0.114	0.006	0.01	0.011	0.015	0.08	0.043	0.045	0.353	1.239	0.61	0.593	0.447	0.258	0.088	0.581	0.177	0.025	0.309	0.54	0.149	0.014	0.012	0.07	0.015	0.05	0.011	0.022	0.025	0.009	0.109	0.069	0.008	0.143	0.14	0.037	0.073	0.072	0.012	0.003	0.049	0.1	0.019	0.088
ASV_870	0.152	9.714	0.724448301350774	0.88747363365179	NotSig	0.06	0.058	0.033	0.025	0.024	0.031	0.026	0.06	0.021	0.017	0.016	0.034	0.012	0.002	0.027	0.055	0.004	0.255	0.022	0.092	0.106	0.084	0.029	0.138	0.544	0.051	0.217	0.073	0.012	0.095	0.006	0.009	0.018	0.002	0.007	0.098	0.01	0.033	0.023	0.017	0.003	0.007	0.035	0.006	0.034	0.003	0.037	0.024	0.024	0.008	0.02	0.049	0.006	0.022	0.116	0.107	0.056	0.017	0.435	0.185	0.088	0.07	0.057	0.005	0.026	0.008	0	0.005	0.018	0.001	0.099	0.021	0.013	0.059	0.353	0.02
ASV_151	-0.164	10.3	0.724682612094361	0.88747363365179	NotSig	0.112	0.086	0.224	0.175	0.013	0.129	0.469	0.021	0.166	0.08	0.008	0.014	0.003	0.045	0.022	0.185	0.007	0.74	0.099	0.104	0.047	0.033	0.007	0.019	0.013	0.013	0.068	0.143	0.062	0.027	0.033	0.074	0.047	0.066	0.004	0.038	0.794	0.303	0.04	0.031	0	0.008	0.088	0.082	0.002	0.008	0	0.024	0.009	0.021	0.005	0.085	0.006	0.978	0.158	0.15	0.019	0.017	0.04	0.013	0.017	0	0.114	0.026	0.094	0.183	0.133	0.341	0.006	0.034	0.015	0.182	0.013	0.116	0.016	0
ASV_49	-0.14	11.58	0.739531930342897	0.897482102761783	NotSig	0.243	0.226	0.073	0.201	0.138	0.383	0.208	0.024	0.252	0.101	0.034	0.048	0.038	0.261	0.065	0.051	0	0.098	0.145	0.079	0.468	0.02	0.114	0.77	0.434	0.168	0.13	0.661	0.052	0.229	1.504	0.179	0.251	1.055	0.696	0.08	0.104	0.258	0.091	0.002	0.005	0.049	0.049	0.09	0.008	0.067	0.303	0.103	0.154	0.769	0.012	0.018	0.022	0.079	0.431	0.096	0.401	0.082	0.082	0.056	0.359	0.018	0.156	0.676	0.055	0.037	0.015	0.907	0.629	0.894	0.029	0.956	0.057	0.224	0.034	0.007
ASV_101	0.27	8.491	0.748685499382178	0.897482102761783	NotSig	0.038	0.022	0	0	0	0.004	0	0	0	0.002	0	0	0	0	0.175	0.009	0.009	0.001	0.004	0.003	0.003	0	0.001	0.001	0.01	0	0	0.011	0	0.006	0.025	0.423	0.426	0	0	0	0.158	0.007	0.194	0	0	0	0	0	0	0	0.053	0	0	0.012	0.115	0.026	0.006	0.008	0.006	0	0.003	0.004	0.001	0	0.001	0.005	0	0	0.003	0.002	0	0.107	0.21	0	0	0.176	0	0	0.023	0
ASV_106	0.207	9.142	0.749604215510018	0.897482102761783	NotSig	0.064	0.031	0	0	0	0.295	0.205	0	0.103	0	0.01	0.025	0	0.125	0	0	0.007	0.007	0.006	0.021	0	0.01	0.007	0.003	0.055	0.016	0.008	0.052	0	0.027	0.084	1.312	0.043	0.004	0.005	0.003	0.023	0.016	0.003	0.02	0.012	0	0	0.382	0	0	0	0.024	0.026	0.261	0	0	0.01	0	0.034	0.038	0.004	0.001	0.009	0.046	0.005	0.003	0.001	0.019	0.006	0.003	0	0.014	0.008	0.004	0.003	0.003	0.136	0	0.008	0.042
ASV_156	-0.228	6.467	0.754097388119368	0.897482102761783	NotSig	0.003	0.003	0.002	0	0	0.001	0	0	0.003	0	0	0.002	0	0	0	0.018	0	0.001	0	0.019	0.008	0.007	0.001	0.006	0	0.004	0.025	0.001	0	0	0	0	0.002	0.008	0	0.016	0	0.001	0	0	0	0	0.002	0	0.008	0	0	0	0.009	0	0	0.003	0	0.004	0.007	0.001	0.035	0.001	0.004	0.001	0	0	0.004	0	0	0	0.005	0	0.012	0	0	0	0	0	0	0
ASV_26	0.121	12.636	0.761782643206388	0.900288578334822	NotSig	0.536	0.414	0.409	1.263	0.271	1.701	1.396	0.209	0.716	0.705	0.658	0.3	1.467	0.926	1.448	0.642	2.291	0.312	0.111	0.286	0.102	0.425	0.016	0.152	0.157	0.089	0.101	0.126	0.159	0.22	0.205	0.265	0.036	0.162	0.029	0.131	0.16	0.465	0.157	2.575	0.057	0.881	0.781	0.638	0.162	0.604	1.579	0.458	0.56	0.543	0.609	0.803	1.094	0.028	0.189	0.414	0.049	0.13	0.061	0.153	0.201	0.04	0.058	0.053	0.035	0.238	0.045	0.118	0.049	0.093	0.04	0.195	0.202	0.056	0.485	2.858
ASV_23	0.109	13.426	0.773452945519201	0.904942839064243	NotSig	0.949	0.768	0.229	0.507	1.543	1.424	1.561	3.06	1.036	0.485	1.517	0.525	0.404	4.555	1.982	0.538	2.236	0.184	0.152	0.637	0.105	0.221	0.076	0.106	0.048	1.472	0.099	0.85	0.523	0.516	1.115	0.346	0.82	1.303	0.279	0.113	0.109	0.492	0.434	5.245	0.173	0.959	0.627	0.743	2.104	3.474	0.65	0.367	0.709	0.54	0.839	0.45	1.419	0.044	0.105	0.595	0.142	0.362	0.105	0.129	0.297	0.09	0.509	0.663	0.403	0.575	0.085	0.538	0.476	0.128	0.103	0.155	0.341	0.706	2.876	4.57
ASV_17	-0.149	14.067	0.77643024653441	0.904942839064243	NotSig	1.132	1.198	0.024	0.019	0.064	0.137	0.096	0.007	0.034	0.024	0.041	0.082	0.079	0.055	0.101	3.191	0.132	3.745	1.338	0.466	0.406	11.846	5.835	0.883	0.298	0.671	0.619	1.83	5.884	0.577	0.233	0.274	1.049	1.449	0.36	0.589	0.055	0.615	0.353	0.012	0.664	0.029	0.017	0.107	0.028	0.053	0.045	0.061	0.08	0.027	0.11	0.087	0.037	0.764	0.422	13.152	4.081	0.992	0.749	4.641	0.545	0.852	1.311	3.732	0.553	2.743	4.363	0.299	0.253	0.209	0.486	0.536	0.172	0.1	0.117	0.183
ASV_10	0.225	6.245	0.787206866369837	0.905909518925148	NotSig	0.004	0.003	0	0.017	0	0.059	0.005	0.009	0.003	0	0.004	0.007	0.017	0.006	0	0	0.002	0.004	0	0	0	0	0	0	0	0	0	0	0	0	0.001	0	0	0	0	0	0	0.032	0	0	0	0	0.03	0	0.049	0	0.003	0.014	0.005	0	0	0	0	0	0	0.001	0	0	0	0	0	0	0	0	0	0.002	0	0	0	0.001	0	0	0.002	0	0	0
ASV_118	0.157	9.784	0.795855581419683	0.905909518925148	NotSig	0.093	0.056	0	0	0	0.17	0.026	0	0.007	0	0.002	0.032	0.003	0.015	0.004	0.009	0.002	0.052	0.297	0.019	0.018	0.006	0.02	0.065	0.206	0.062	0.036	1.856	0.002	0.012	0.019	0.014	0.018	0.023	0.079	0.003	0.043	0.409	0.081	0.002	0	0	0	0.872	0	0	0.003	0.014	0.002	0	0.02	0	0.049	0.019	0.024	0.02	0.012	0.023	0.12	0.031	0.124	0.014	0.035	0.031	0.034	0.008	0	0.005	0.006	0.192	0.003	0.055	0	0.237	0.006	0.004
ASV_128	0.281	11.223	0.799422313163733	0.905909518925148	NotSig	0.207	0.163	0	0	0	0	0	0	0	0	0	0	0	0	0.013	0.002	0.009	0	0	0	0	0	0	0	0.003	0.009	0.007	0.14	0.077	0.168	1.148	0	0.002	0.298	0.136	0.118	5.763	0.003	0.164	0	0	0	0	0	0	0	0	0	0	0	0.002	0.005	0.004	0	0	0.008	0	0	0.005	0	0.004	0.009	0	0	0.008	0.032	0.055	2.109	0	0.143	0.094	3.085	0	0.004	0.136	0
ASV_41	0.117	12.056	0.799590701131593	0.905909518925148	NotSig	0.309	0.274	0.026	0.002	0.16	0.084	0.083	0.009	0.04	0.006	0.184	0.234	0.442	0.269	0.011	0.169	0.147	1.721	0.185	0.136	0.195	1.306	0.942	0.662	0.104	0.16	1.046	0.811	0.159	0.15	0.088	0.177	0.276	0.076	0.295	0.124	0.007	0.447	0.407	0.012	0.706	0	0.003	0.08	0.019	0.003	0.268	0.235	0.227	0.175	0.155	0.018	0.008	0.053	0.152	0.075	0.937	0.406	0.833	0.773	0.119	0.073	0.741	1.765	0.605	0.209	0.827	0.027	0.088	0.156	0.311	0.08	0.034	0.044	0.078	0.023
ASV_44	0.11	12.521	0.806928490159538	0.905909518925148	NotSig	0.508	0.396	1.042	0.242	0.879	0.037	0.034	0.014	0.422	0.355	0.761	0.127	0.081	0.074	0.02	0.021	0.031	0.036	1.187	0.312	0.135	1.299	0.172	0.084	0.064	2.647	0.14	0.095	1.713	0.513	0.111	0.513	3.464	0.843	0.14	0.117	0.926	0.067	0.65	0.012	0.447	0.501	0.31	0.024	0.026	0.211	0.135	0.268	0.05	0.07	0.047	0.064	0.008	0.512	0.073	0.04	0.072	0.34	0.321	0.057	0.039	0.39	0.075	0.597	0.969	0.658	6.559	0.173	0.086	0.069	0.317	0.29	0.259	0.144	0.08	0.012
ASV_59	0.117	12.081	0.809422114542588	0.905909518925148	NotSig	0.31	0.297	0.016	0.019	0.008	0.668	1.219	0.283	0.357	0.074	0.358	1.339	0.506	0.373	0.121	1.205	0.119	0.129	1.322	0.092	0.033	0.108	0.051	0.043	0.257	0.025	0.037	0.297	0.007	0.15	0.049	0.413	0.105	0.008	0.005	0.01	0.016	0.196	0.061	0.076	1.939	0.048	0.036	1.104	0.452	0.094	0.186	4.416	0.475	0.162	0.721	0.831	0.159	0.043	0.041	0.059	0.014	0.095	0.062	0.033	0.052	0.014	0.19	0.18	0.011	0.09	0.203	0.098	0.033	0.072	0.017	0.004	0.049	0.155	0.019	0.171
ASV_65	0.116	12.793	0.819224699329101	0.910848514385645	NotSig	0.587	0.559	0.182	0.57	0.108	0.593	0.203	4.637	0.588	0.918	2.359	0.739	2.706	1.617	1.076	0.358	3.055	0.082	0.04	0.034	0.096	0.152	0.057	0.052	0.043	0.059	0.034	0.097	0.01	0.037	0.037	0.123	0.764	0.041	0.098	0.071	0.041	0.032	0.004	0.182	0.982	0.133	0.24	0.161	3.925	0.715	0.637	0.444	7.303	0.339	0.294	0.409	1.364	0.014	0.019	0.018	0.007	0.159	0.179	0.074	0.034	0.023	1.673	0.319	0.038	0.035	0.03	0.031	0.006	0.103	0.088	0.047	0.007	0.029	0.008	0.651
ASV_124	0.105	11.63	0.833773031343133	0.920964982333264	NotSig	0.324	0.231	0.023	0.107	0.022	0.329	0.267	0.002	0.498	0.16	0.073	0.07	0.794	0.091	0.22	0.074	0.015	0.772	0.124	0.013	0.344	0.635	0.015	0.093	0.83	0.01	0.02	0.057	0.005	0.326	0.022	5.237	0.674	0.158	0.015	0.003	0.007	0.344	0.001	0.005	0.166	0.305	0.362	0.309	0.008	2.006	1.354	0.08	0.461	0.203	1.899	0.049	0.045	0.01	0.019	0.058	0.014	0.14	0.021	0.044	0.05	0.016	0.036	0.032	0.008	0.013	0.063	0.008	0.022	0.152	0.004	0.004	0.046	0.063	0.011	0.183
ASV_152	0.078	10.982	0.84206819825009	0.924046357435337	NotSig	0.166	0.141	0.042	0.012	0.019	0.084	0.038	0.074	0.01	0.171	0.087	0.023	0.163	0.006	0.054	0.065	0.033	0.405	0.2	0.138	0.866	0.404	0.195	0.355	0.158	0.312	0.348	0.16	0.047	0.073	0.039	0.174	0.764	0.195	0.183	0.061	0.007	0.307	0.126	0.056	0.022	0.025	0.011	0	0.009	0.026	0.135	0.094	0.208	0.018	0.015	0.069	0.012	0.264	0.288	0.134	0.167	0.326	0.235	0.181	0.145	0.046	0.361	0.607	0.059	0.023	0.123	0.02	0.418	0.128	0.523	0.125	0.015	0.068	0.069	0.005
ASV_31	-0.092	12.465	0.847498138476197	0.924046357435337	NotSig	0.526	0.388	0.197	0.507	0.177	5.585	1.28	0.067	0.555	0.573	0.514	1.066	1.644	2.914	1.767	0.72	0.788	0.113	0.211	0.066	0.036	0.033	0.023	0.047	0.13	0.034	0.028	0.127	0.065	0.259	0.064	0.028	0.049	0.129	0.057	0.009	0.041	0.065	0.06	0.341	0.156	1.517	0.424	2.81	0.053	0.79	0.719	0.378	0.634	0.73	0.341	0.401	0.469	0.014	0.037	0.063	0.02	0.028	0.039	0.079	0.089	0.023	0.031	0.034	0.019	0.212	0.01	0.057	0.018	0.028	0.019	0.034	0.066	0.252	0.036	3.094
ASV_177	-0.094	9.803	0.860397860592208	0.931416256613464	NotSig	0.076	0.061	0.007	0.043	0.209	0.048	0.046	0.005	0.229	0.003	0.462	0.055	0.015	0.03	0.096	0.032	0.128	0.009	0.004	0	0.024	0	0.003	0.003	0	0	0.003	0.001	0.259	0.021	0.058	0.137	0.117	0.593	0.008	0.034	0.111	0.019	0.056	0.083	0.003	0.005	0.006	0.013	0.006	0.003	0.364	0.024	0.054	0.025	0.052	0.005	0.018	0	0.027	0.002	0.003	0.004	0.004	0.004	0.005	0	0.004	0.001	0.005	0.472	0.003	0.073	0.278	0.015	0.004	0.027	0.033	0.011	0.088	0.491
ASV_199	-0.115	7.79	0.872484869316825	0.931416256613464	NotSig	0.01	0.016	0.002	0	0	0	0	0	0	0.008	0.002	0	0	0	0	0	0	0.004	0.019	0.004	0.064	0.003	0.007	0.018	0.007	0.008	0.008	0.025	0	0.021	0	0	0.004	0.008	0.11	0.009	0.004	0.004	0.004	0	0.065	0	0	0.002	0	0	0	0.002	0	0	0	0	0	0.001	0	0.02	0	0.007	0.005	0	0.013	0	0.014	0.342	0.008	0	0.008	0.001	0	0.015	0.116	0.003	0.005	0.005	0.005	0.003
ASV_18	-0.078	12.512	0.876305678863084	0.931416256613464	NotSig	0.507	0.397	0.362	0.899	0.153	8.32	2.098	0.012	1.34	0.38	0.065	0.175	0.297	0.299	1.529	0.104	0.075	0.144	0.037	0.025	0.017	0.007	0.019	0.122	0.064	0.065	0.038	0.095	0.085	0.055	0.04	0.111	0.02	0.062	0.19	0.009	0.201	0.162	0.191	0.214	1.702	0.585	0.723	2.267	0.011	0.735	0.202	0.157	0.364	2.643	3.409	0.111	0.265	0.008	0.016	0.112	0.005	0.023	0.027	0.126	0.148	0.016	0.043	0.276	0.03	0.056	0.048	0.136	0.018	0.143	0.007	0.276	0.414	0.166	0.177	0.14
ASV_4	0.07	15.575	0.878338424280473	0.931416256613464	NotSig	3.523	3.419	1.307	0.782	0.389	0.393	0.03	1.519	1.116	1	0.16	0.191	0.134	0.102	0.715	0.988	0.108	7.18	0.902	3.531	17.615	1.815	1.823	5.609	28.399	5.949	15.647	3.001	2.622	7.631	5.162	1.586	0.712	3.177	0.318	3.983	0.846	5.652	4.168	1.035	0.088	0.426	1.136	0.049	1.316	0.478	0.441	0.103	1.102	0.493	0.346	0.337	0.065	1.207	2.328	7.65	1.439	0.801	21.985	1.377	1.951	24.616	2.245	1.056	4.718	4.352	0.341	5.624	8.097	2.261	1.651	1.79	2.299	4.147	10.18	1.25
ASV_2	0.052	16.98	0.886191879510618	0.931416256613464	NotSig	10.301	9.001	10.767	2.068	4.455	1.049	2.452	1.163	11.74	2.15	0.832	11.869	6.047	2.628	28.84	21.114	3.717	10.075	14.996	21.567	15.735	2.442	25.894	13.733	7.421	23.135	17.578	4.899	19.831	4.675	15.84	4.445	4.945	10.622	10.095	3.244	25.417	7.449	18.853	7.738	0.228	1.756	1.904	0.479	0.255	0.959	7.623	10.623	20.541	0.721	1.701	36.253	0.99	6.654	7.318	2.209	6.321	5.247	11.14	12.547	8.976	31.09	3.024	7.648	16.123	8.818	13.073	13.047	13.779	10.695	4.896	31.416	3.289	5.756	7.064	1.1
ASV_209	0.06	9.96	0.887325546241229	0.931416256613464	NotSig	0.101	0.068	0.035	0.07	0.123	0.364	0.083	0	0.031	0.014	0.049	0.143	0.157	0.121	0.085	0.171	0.057	0.074	0.012	0.047	0.015	0.088	0.01	0.091	0.21	0.001	0.011	0.021	0.015	0.015	0.007	0.62	0.043	1.016	0.014	0.009	0.009	0.091	0.017	0.017	0.002	0.022	0.168	0.168	0	0.007	0.021	0.052	0.492	0.01	0.238	0.085	0.186	0.022	0.036	0.089	0.016	0.04	0.051	0.078	0.019	0.001	0.069	0.108	0.005	0.003	0.015	0.007	0.002	0.069	0.004	0.04	0.079	0.077	0.017	0.074
ASV_131	-0.101	7.924	0.897990483318665	0.931525447957765	NotSig	0.018	0.018	0.002	0	0	0	0.005	0	0	0	0	0	0	0	0	0	0	0	0.016	0.001	0.001	0.001	0.071	0.012	0.006	0.058	0.021	0.042	0	0.003	0.007	0.223	0.173	0.002	0.001	0.05	0.006	0.003	0	0	0	0	0	0	0	0	0	0	0	0.002	0	0	0	0.006	0.02	0.001	0	0.035	0.004	0.078	0.001	0	0.049	0.275	0.045	0	0	0.011	0.094	0	0.001	0.003	0	0.001	0.002	0
ASV_98	-0.107	10.896	0.914694299812726	0.931525447957765	NotSig	0.069	0.176	0	0.006	0.061	0	0	0	0	0.133	0	0.014	0	0	0.009	0.005	0.011	0	0	0	0	0.001	0	0	0	0	0	0.001	0.11	0.058	0.145	0	0	0.045	0.005	0.014	0.115	0.004	0.029	0.011	1.91	0.228	0	0	0	4.473	0	0.002	0	0	0.002	0.015	0.035	0	0	0	0	0.001	0	0	0	0	0	0.003	0.011	0.101	0.163	0.273	0	0.013	0.01	0.744	0.041	0	0.008	0.018
ASV_69	-0.055	11.356	0.916943819064193	0.931525447957765	NotSig	0.219	0.194	0.274	0.141	0.045	0.578	0.117	0.617	0.364	2.867	0.279	0.239	0.247	0.521	0.276	0.189	0.832	0.042	0.024	0.016	0.07	0.056	0.018	0.004	0.004	0.035	0.003	0.043	0.007	0.021	0	0.084	0.049	0.096	0.035	0.019	0.021	0.036	0.004	0.207	0.065	0.375	0.112	0.365	0.833	2.154	0.061	0.059	0.246	0.238	0.145	0.162	1.112	0.003	0.004	0.099	0.008	0.043	0.011	0.17	0.019	0.007	0.006	0.029	0	0.018	0	0	0.057	0.021	0.008	0.014	0.005	0.045	0.011	0.353
ASV_90	-0.049	11.577	0.919887404199479	0.931525447957765	NotSig	0.243	0.211	3.417	0.073	0.077	0.035	0.01	0.308	0.39	1.119	0.146	1.423	0.093	0.076	0.159	0.222	0.24	0.024	0.027	0.032	0.049	0.038	0.034	0.031	0.035	0.093	0.071	0.027	0.012	0.11	0.01	0.193	0.125	0.06	0.14	0.023	0.194	0.03	0.036	0.059	0.225	0.197	0.063	0.009	0.047	0.116	0.066	0.832	0.184	0.039	0.162	4.359	0.086	0.012	0.027	0.043	0.007	0.011	0.03	0.054	0.085	0.021	0.045	0.031	0.009	0.034	0.033	0.012	0.124	0.211	0.037	0.054	0.056	0.027	0.234	0.016
ASV_167	0.056	10.185	0.921849152392395	0.931525447957765	NotSig	0.12	0.083	0.128	0.152	0.071	0.006	0.005	0	0.107	0.006	0.083	0.002	0.009	0	0.013	0	0	0.89	0.031	1.054	0.075	0.029	0.038	0.034	0.001	0.013	0.147	0.027	0.045	1.407	0.016	0.039	0.02	0.037	0.018	0.047	0.009	0.035	0.106	0	0	0.224	0.08	0.002	0	0.024	0.056	0	0.017	0.004	0.002	0	0	0.043	0.599	0.326	0.025	0.017	0.019	0.013	0.023	0.001	0.695	0.008	0.038	0.006	0.003	0.019	0.012	0.009	0.023	0.01	0.276	0.037	0.288	0.003
ASV_125	0.08	9.012	0.923798190541188	0.931525447957765	NotSig	0.041	0.038	0.007	0.002	0	0.007	0	0	0	0.009	0.209	0.264	0.649	0.276	0.013	0.014	0.013	0.016	0.003	0.007	0.083	0.022	0	0.006	0	0.001	0.005	0	0	0	0	0	0	0	0	0	0	0	0	0	0	0.003	0.002	0.004	0	0	0.289	0.334	0.366	0.226	0.017	0.008	0.004	0	0.001	0.006	0	0.004	0	0.003	0.001	0.001	0.017	0.014	0.008	0.003	0	0	0.006	0.016	0	0	0.002	0	0	0
ASV_64	0.073	8.332	0.926013463058606	0.931525447957765	NotSig	0.026	0.02	0.007	0.073	0.086	0.028	0.002	0.468	0	0.051	0	0.005	0.009	0	0.002	0	0.002	0.007	0.004	0	0	0.001	0.001	0.001	0	0	0.001	0	0.007	0.043	0.173	0	0	0	0	0	0.006	0.001	0.016	0	0	0.008	0.031	0	0.262	0.035	0.003	0	0.005	0.002	0	0	0	0	0.001	0	0.004	0.004	0	0.001	0	0	0.006	0	0	0.006	0.008	0.314	0.004	0.001	0	0	0	0.003	0.003	0.007
ASV_54	0.012	12.015	0.979767032873596	0.979767032873596	NotSig	0.391	0.281	0.093	0.15	0.094	0.292	0.043	0.057	0.691	0.073	3.029	0.361	0.905	0.231	0.3	0.199	0.216	0.202	0.03	0.028	0.096	0.048	0.035	0.049	0.057	0.073	0.143	5.328	0.045	0.034	0.512	0.595	0.125	0.029	0.008	0.127	0.01	0.7	0.061	0.083	0.117	0.239	0.132	0.088	0.089	0.151	0.775	0.432	0.522	0.245	4.236	0.219	0.343	0.021	0.014	0.084	0.01	0.023	0.03	0.132	0.068	0.005	0.185	0.184	0.086	0.053	0.05	0.048	0.278	0.075	0.146	0.01	0.008	0.668	0.102	0.089
