ID	log2FC	log2CPM	PValue	FDR	level	MeanA	MeanB	HG00P003	HG00P010	HG00P011	HG00P012	HG00P014	HG00P021	HG00P022	HG00P023	HG00P024	HG00P025	HG00P026	HG00P028	HG00P046	HG00P047	HG00P048	HG00P050	HG00P051	HG00P055	HG00P056	HG00P058	HG00P059	HG00P061	HG00P063	HG00P064	HG00P066	HG00P071	HG00P072	HG00P073	HG00P074	HG00P075	HG00P077	HG00P078	HG00P082	HE03P003	HE03P004	HE03P005	HE03P010	HE03P011	HE03P012	HE03P014	HE03P019	HE03P021	HE03P022	HE03P023	HE03P024	HE03P025	HE02P026	HE03P028	HE03P046	HE03P047	HE03P048	HE03P050	HE03P051	HE03P055	HE03P056	HE03P057	HE03P058	HE03P059	HE03P061	HE03P063	HE03P064	HE03P066	HE03P067	HE03P068	HE03P071	HE03P072	HE03P073	HE03P074	HE03P075	HE03P077	HE03P078	HE03P082
ASV_157	5.091	12.074	9.60005423438684e-10	1.62240916561138e-07	Enriched	0.459	0.021	2.969	0.003	0.003	0.061	0.012	7.818	0.088	3.638	0.233	0.121	0.006	0.004	0.002	0.004	0.018	0.042	0.002	0.004	0	0	0.006	0.002	0.082	0	0.014	0.005	0	0	0.002	0.006	0	0.004	0	0.03	0.025	0.02	0.001	0	0.014	0.005	0.038	0.053	0.095	0.166	0.074	0.011	0.002	0.018	0.018	0.001	0.013	0.005	0.091	0	0.006	0.001	0.001	0.001	0.003	0	0.027	0	0.012	0.004	0	0.011	0.001	0.001	0.025	0	0	0.051
ASV_119	3.347	11.702	1.17607137713961e-06	9.05443801861687e-05	Enriched	0.482	0.05	0.003	1.695	3.38	0.177	0.128	0	0.246	0.167	7.901	0.012	0	0.002	0.022	0.003	0.006	0.105	0.039	0.003	0.012	0.001	0.006	0.017	0.014	0.162	0.022	0	0.004	0.017	0.011	0.004	0.048	0.01	1.703	0	0	0	0.103	0.075	0.051	0.034	0.048	0.18	0.239	0.192	0.246	0	0	0.194	0.03	0.018	0	0.068	0	0.015	0.01	0.004	0.009	0.001	0.006	0.01	0.122	0.013	0.016	0.031	0.076	0.039	0.016	0.005	0	0.003	0.017	0.097
ASV_126	2.791	10.49	1.6072966896953e-06	9.05443801861687e-05	Enriched	0.196	0.029	0.064	1.24	0.035	0.052	0.021	0.006	0.17	0.066	2.675	0.857	0.259	0.038	0	0.001	0.011	0.026	0.046	0	0.008	0.004	0.003	0.006	0.042	0.52	0.006	0	0.004	0.003	0.003	0.001	0.029	0	0.258	0.031	0.002	0.002	0.019	0.016	0.002	0.01	0.065	0.095	0.07	0.076	0.064	0.022	0.023	0.108	0.033	0.007	0.007	0.091	0.023	0.007	0.013	0.001	0.003	0.02	0.004	0	0.119	0.007	0.014	0.011	0.018	0.073	0.006	0.001	0	0.004	0.012	0.046
ASV_110	2.738	10.954	4.80548483293868e-06	0.000203031734191659	Enriched	0.268	0.044	0.579	0.107	0.917	0.562	1.492	0.041	0.057	0	0.084	2.361	0.593	0.886	0.001	0	0.021	0.009	0.018	0	0.002	0.006	0.003	0.002	0.102	0.015	0.004	0.002	0.012	0	0.029	0	0.01	0.007	0.914	0.005	0.014	0.01	0.063	0.037	0.699	0.081	0.042	0.136	0.02	0.012	0.006	0.072	0.037	0.103	0.012	0.001	0.015	0.004	0.003	0.004	0.006	0.004	0.042	0.003	0.006	0.007	0.031	0.003	0.021	0.049	0.002	0.039	0.007	0.012	0.036	0.004	0.012	0.034
ASV_89	1.997	11.823	2.94637466090628e-05	0.000861443114251128	Enriched	0.451	0.116	0.075	3.913	0.196	2.638	0.063	0	0.038	0.03	1.412	0.254	0.01	0.004	0.125	0.031	0.026	4.252	0.259	0.019	0.066	0.064	0.017	0.035	0.036	0.144	0.228	0.159	0.062	0.035	0.04	0.028	0.316	0.113	0.192	0.049	0.022	0.047	0.097	0.083	0.219	0.152	0.015	0.144	0.066	0.067	0.07	0.009	0.005	0.119	0.229	0.025	0.116	0.692	0.1	0.042	0.168	0.041	0.195	0.026	0.077	0.142	0.198	0.128	0.063	0.208	0.035	0.565	0.036	0.044	0.071	0.15	0.002	0.022
ASV_22	2.172	13.294	3.05837792041821e-05	0.000861443114251128	Enriched	1.191	0.326	0.05	0.176	0.229	2.533	0.152	0.068	0.002	0	0	0.133	0.612	0.073	22.807	0.995	0.298	0.552	0.165	0.831	0.78	0.368	0.061	0.109	0.068	0.358	0.104	1.181	0.066	0.283	0.095	0.096	0.278	0.171	5.607	0.056	0.102	0.054	0.964	0.141	1.038	0.124	0.073	0.014	0.13	0.003	0.004	0.081	0.42	0.026	1.859	0.254	0.29	0.195	0.101	0.325	0.341	1.028	0.452	0.184	0.13	0.055	1.779	0.037	0.532	0.13	0.975	0.193	0.117	0.038	0.125	0.1	0.176	0.048
ASV_125	4.874	12.784	5.0217771377655e-05	0.00121240048040339	Enriched	0.483	0.041	0.078	0.065	0.005	0	0.053	0.008	0.641	14.504	0.442	0.039	0.006	0	0	0	0	0.02	0.032	0.008	0	0.001	0.008	0	0	0.011	0	0	0	0	0	0	0	0	0.005	0.007	0.002	0	0.007	0	0	0	0.009	0.209	0.264	0.649	0.276	0.013	0.014	0.013	0.016	0.003	0.007	0.083	0.022	0	0.006	0	0.001	0.005	0	0	0	0	0	0	0	0	0	0	0	0	0	0
ASV_142	3.526	13.398	0.000135267165514811	0.0025518570365896	Enriched	0.717	0.136	1.715	0	0.002	0	0.001	0.008	0.603	20.704	0.22	0.031	0.008	0.033	0.016	0.012	0.007	0	0.034	0.012	0.029	0	0.004	0.002	0.091	0.074	0	0	0.02	0.008	0.014	0	0	0.005	0.025	0.047	0.096	0.044	0	0	0	0	0.008	0.524	0.391	1.961	0.392	0.004	0.005	0	0.052	0.529	0.028	0	0	0.022	0.146	0.883	0.004	0.001	0.004	0	0.058	0.004	0.007	0.016	0.002	0.007	0.007	0	0.009	0.05	0	0.008
ASV_38	1.721	12.592	0.00013589771200773	0.0025518570365896	Enriched	0.66	0.239	0.299	0.138	0.136	0.519	1.529	0.31	2.64	1.36	0.311	3.122	3.283	2.148	0.061	0.01	0.105	0.197	0.087	0.04	0.029	0.024	0.035	0.111	0.185	0.103	0.081	0.104	0.041	0.277	0.153	0.107	0.065	0.032	4.128	0.052	0.034	0.034	0.27	0.125	1.161	0.228	0.216	0.597	0.489	0.437	0.261	0.282	0.314	0.808	0.093	0.059	0.072	0.111	0.042	0.019	0.066	0.017	0.143	0.064	0.071	0.03	0.824	0.033	0.592	0.087	0.123	0.186	0.798	0.081	0.161	0.021	0.065	0.251
ASV_111	2.315	12.292	0.000189584299951086	0.00320397466917336	Enriched	0.487	0.132	0.023	0.116	0.117	0.055	0.078	0.039	0.009	0.004	0	0.025	0.07	0.006	4.438	0.308	0.133	0.251	0.259	8.841	0.462	0.085	0.052	0.387	0.002	0.059	0.002	0.04	0.006	0.006	0.023	0.014	0.002	0.017	0.147	0.009	0.081	0.01	0.139	0.793	0.026	0.052	0.003	0.01	0.091	0.003	0.006	0.027	0.051	0	0.515	0.059	0.165	0.304	0.171	0.169	0.256	0.74	0.215	0.548	0.388	0.007	0.082	0.001	0.021	0	0.041	0.001	0.009	0.009	0.096	0.007	0.023	0.005
ASV_96	-4.236	12.068	0.000520702530194731	0.00799988432753724	Depleted	0.036	0.618	0.003	0.002	0.005	0	0.003	0	0.005	0	0	0	0.005	0	0	0.143	0	0.095	0.547	0.085	0	0	0.001	0.002	0.003	0.162	0	0	0.098	0	0	0.001	0	0	0.043	0.002	0.008	0.002	0.025	0.003	0	0.002	0.002	0	0	0.006	0	0.002	0.002	0	0	0.061	0	0.084	13.151	0.022	0.001	0	0	0.119	0	0	0	0	2.097	8.485	0	0	0	0	0.019	0	0.002	0
ASV_85	-1.425	12.095	0.000695833726425779	0.00979965831382973	Depleted	0.172	0.561	0.223	0.26	0.832	0.55	0.24	0.064	0.043	0.032	0.186	0.147	0.174	0.134	0.244	0.631	0.394	0.141	0.114	0.074	0.087	0.042	0.052	0.252	0.058	0.07	0.165	0.189	0.027	0.055	0.113	0.022	0.01	0.024	0.033	0.334	7.577	1.042	0.772	4.523	0.317	0.279	0.367	0.053	0.161	0.047	0.774	0.309	0.734	1.067	0.131	0.166	0.123	0.217	0.104	0.045	0.074	0.039	0.076	0.372	0.301	0.251	0.168	0.131	0.177	0.04	0.47	0.084	0.017	0.081	0.239	0.027	0.19	0.005
ASV_100	-1.613	10.962	0.00101531181558528	0.0131990536026086	Depleted	0.066	0.219	0.03	0.045	0.091	0.033	0.107	0.006	0.035	0.009	0.349	0.11	0.173	0.192	0.001	0.122	0.25	0.009	0.057	0.025	0.044	0.015	0.028	0.015	0.006	0.081	0.022	0.069	0.037	0.026	0.061	0.004	0.015	0.021	0.102	0.107	0.147	0.007	0.097	1.134	0.063	0.481	1.214	0.002	0.339	0.023	0.1	0.282	0.125	2.678	0.015	0.043	0.029	0.008	0.252	0.018	0.012	0.003	0.03	0.042	0.015	0.01	0.015	0.031	0.321	0.533	0.06	0.01	0.017	0.07	0.006	0.004	0.126	0.054
ASV_116	1.519	11.318	0.00138223485456338	0.0166855493158008	Enriched	0.289	0.12	0.034	0.025	0.101	0.013	0.037	0.152	0.009	0	0.004	0.002	0.005	0.006	0.019	1.611	0.044	0.004	0.265	0.069	0.074	0.06	2.282	0.129	0.014	0.421	0.14	1.359	0.146	0.194	1.683	0.423	0.123	0.099	0.003	0.035	0.091	0.044	0.368	0.187	0.026	0.286	0.045	0.016	0.018	0.009	0.078	0.011	0.069	0.002	0.055	0.192	0.051	0.029	0.058	0.044	0.037	0.01	0.045	0.11	0.16	0.192	0.29	0.112	0.197	0.143	0.281	0.061	0.221	0.223	0.724	0.154	0.006	0
ASV_92	2.515	12.297	0.00159395413245645	0.0179585498923427	Enriched	0.535	0.108	0.014	0.018	0.011	0	0	0.014	0	0	0	0	0	0	0.297	0.003	0.003	0.02	0.021	0.047	0.059	5.609	0.025	0.214	0.528	0.406	0.01	0.104	9.864	0.072	0.094	0.004	0.006	0.218	0.005	0.005	0.011	0.098	0.015	0	0	0	0	0	0.005	0.003	0.002	0	0.03	0.002	0.007	0.006	0.021	0.005	0.003	0.069	0.843	0.15	0.329	0.025	0.045	0	0.046	0.033	0.202	0.175	0.125	1.644	0.054	0.063	0.167	0.034	0	0
ASV_188	1.591	10.447	0.00244794895607641	0.0258564608485571	Enriched	0.162	0.055	0.003	1.264	0.317	0.018	0.053	0	0.303	0.053	1.405	0.061	0.075	0.002	0.093	0.006	0.007	0.589	0.076	0.021	0.098	0.029	0.004	0.017	0.018	0.343	0.142	0	0.002	0.01	0.006	0.006	0.209	0.04	0.068	0.028	0	0.005	0.023	0.032	0	0.003	0.008	0.063	0.061	0.393	0.093	0.004	0.009	0.059	0.129	0.016	0.009	0.101	0.058	0.025	0	0.003	0.301	0.008	0.008	0.017	0.067	0.066	0.044	0.027	0.004	0.014	0.006	0.011	0.013	0.069	0.003	0.347
ASV_108	1.617	10.437	0.00273113747417806	0.0271507195962407	Enriched	0.178	0.057	0	0.112	0.03	0.026	0.004	0.025	0.002	0.004	0.002	0	0	0.01	0.093	0.04	0.129	1.59	0.318	0.266	0.114	0.085	0.029	0.186	0.164	1.779	0.593	0.026	0.062	0.022	0.023	0.04	0.01	0.089	0	0.016	0.031	0.008	0.004	0.01	0.003	0.271	0.012	0	0.002	0.006	0.002	0	0	0	0.039	0.047	0.122	0.098	0.087	0.06	0.084	0.011	0.136	0.052	0.098	0.042	0.207	0.218	0.044	0.065	0.049	0.054	0.014	0.086	0.019	0.241	0	0
ASV_80	-4.03	8.139	0.00338680073133554	0.031798295755317	Depleted	0.002	0.023	0	0.003	0	0	0	0.002	0	0	0	0	0	0	0	0	0	0	0	0.01	0.032	0.001	0.001	0.005	0	0	0	0	0.002	0	0	0	0	0	0	0	0.003	0	0.006	0	0	0	0	0	0	0	0	0	0	0	0	0.006	0	0	0.003	0.821	0	0.001	0	0.046	0.003	0	0	0	0.002	0	0	0	0	0.001	0	0	0	0
ASV_72	-1.517	12.016	0.00406699361038782	0.0361748379029233	Depleted	0.15	0.501	0.069	0.037	0.366	0.033	0.024	0.023	0.409	0.162	0.331	0.337	0.016	0.029	0.013	0.437	0.149	0.071	0.048	0.07	0.033	0.003	0.003	0.006	0.022	0.181	0.863	0.149	0.051	0.27	0.348	0.132	0.05	0.138	0.079	0.115	0.079	0.252	0.252	1.798	0.269	0.247	0.002	5.493	0.225	0.306	8.029	0.013	0.035	0.143	0.042	0.106	0.062	0.305	0.019	0.02	0.056	0.008	0.001	0.008	0.007	0.107	0.061	0.536	0.037	0.054	0.529	0.035	0.034	0.157	0.038	0.036	0.023	0.005
ASV_34	-1.096	11.68	0.00504743909508166	0.04265086035344	Depleted	0.156	0.373	1.006	0.097	0.24	0.055	0.189	0.027	0.114	0.036	0.104	0.082	0.094	0.209	0.06	0.039	0.089	0.012	0.034	0.052	0.03	0.038	0.01	0.065	0.414	0.192	0.471	0.277	0.152	0.157	0.31	0.043	0.029	0.073	0.354	0.465	3.094	0.283	0.36	0.433	0.277	0.476	2.432	0.055	0.059	0.087	0.231	0.464	0.432	0.726	1.294	0.055	0.045	0.05	0.289	0.012	0.087	0.422	0.014	0.009	0.076	0.06	0.186	0.402	0.274	0.455	0.094	0.193	0.031	0.145	0.13	0.151	0.118	0.068
ASV_103	-1.119	10.556	0.00715448353997484	0.0575765580121785	Depleted	0.07	0.17	0.05	0.138	0.24	0.009	0.148	0.062	0.154	0.034	0.071	0.043	0.067	0.192	0.08	0.012	0.014	0.029	0.046	0.003	0.015	0.031	0.032	0.194	0.019	0.052	0.045	0.199	0.014	0.012	0.101	0.085	0.004	0.038	0.094	0.026	0.169	0.091	1.349	1.099	0.038	0.117	0.02	0.047	0.082	0.076	0.695	0.803	0.169	0.121	0.45	0.024	0.006	0.015	0.022	0.004	0.013	0.008	0.052	0.007	0.15	0.032	0.162	0.046	0.179	0.076	0.191	0.022	0.009	0.027	0.032	0.011	0.196	0.014
ASV_86	-1.822	12.328	0.00760032740590438	0.0583843332544473	Depleted	0.15	0.626	0	0.02	0.04	0	0.015	0.056	0	0	0.002	0.08	0.118	1.087	0.171	0.286	0.035	0.426	0.538	0.333	0.059	0.117	0.011	0.031	0	0.233	0.609	0.024	0.135	0.006	0.299	0.114	0.004	0.06	0.038	0	0	0	0.06	0.074	0.003	0.005	0	0	0	0	0.17	0.087	0.102	0.044	1.321	0.143	0.04	0.369	11.881	0.09	0.287	0.242	0.198	0.206	0.021	0.065	0.104	0.348	5.969	2.108	0.045	0.148	0.004	0.085	0.086	0.08	0.012	0.022
ASV_124	-1.304	11.346	0.00837351727712095	0.0604724828106257	Depleted	0.086	0.324	0.153	0.054	0.213	0.007	0.074	0.148	0.414	0.487	0.027	0.072	0.062	0.075	0.112	0.043	0.026	0.134	0.098	0.06	0.047	0	0.013	0.012	0.15	0.048	0.014	0.097	0.088	0.004	0.018	0.056	0.017	0.01	0.02	0.023	0.107	0.022	0.329	0.267	0.002	0.498	0.16	0.073	0.07	0.794	0.091	0.22	0.074	0.015	0.772	0.124	0.013	0.344	0.635	0.015	0.093	0.83	0.01	0.02	0.057	0.005	0.326	0.022	5.237	0.674	0.158	0.015	0.003	0.007	0.344	0.001	0.005	0.166
ASV_154	-1.046	11.047	0.00905824103477675	0.0604724828106257	Depleted	0.094	0.228	0.12	0.079	0.12	0.007	0.047	0.01	0.009	0.021	0.075	0.049	0.058	0.027	0.1	0.489	0.034	0.151	0.213	0.152	0.087	0.092	0.102	0.043	0.052	0.125	0.185	0.062	0.02	0.163	0.273	0.021	0.004	0.041	0.061	0.299	2.937	0.281	0.385	0.475	0.002	0.116	0.068	0.024	0.02	0.038	0.066	0.141	0.286	0.555	0.089	0.071	0.053	0.252	0.122	0.042	0.041	0.029	0.072	0.336	0.074	0.376	0.131	0.509	0.237	0.036	0.049	0.124	0.047	0.237	0.013	0.017	0.232	0.012
ASV_66	2.003	10.641	0.00907584827584055	0.0604724828106257	Enriched	0.176	0.065	0.002	0.354	0.943	0	0.303	3.41	0.002	0	0.002	0.002	0.002	0.025	0.008	0.013	0.414	0.003	0.041	0.016	0.017	0.004	0.068	0	0.003	0.022	0.047	0.002	0	0	0.006	0	0	0.012	0.084	0	0	0.002	0.832	0.798	0	0.426	0	0	0.005	0.003	0.011	0.045	0.002	0	0.013	0.01	0.127	0.022	0.004	0.004	0.004	0.001	0.007	0.009	0.003	0.012	0.015	0.084	0.002	0	0	0	0	0.006	0	0	0.047	0.057
ASV_94	1.231	11.802	0.00930345889394242	0.0604724828106257	Enriched	0.332	0.173	0.304	0.139	0.322	0.228	4.112	0.294	1.114	0.57	0.02	0.28	1.081	0.284	0.022	0.029	0.079	0.004	0.039	0.016	0.069	0.013	0.021	0.075	0.152	0.273	0.018	0.005	0.035	0.024	0.04	0.018	0.008	0.015	1.243	0.082	0.206	0.059	0.39	0.222	0.312	0.467	0.135	0.079	0.264	0.585	0.038	0.188	0.882	0.079	0.036	0.636	0.038	0.024	0.103	0.044	0.075	0.176	0.009	0.017	0.181	0.02	0.494	0.019	0.225	0.114	0.006	0.01	0.011	0.015	0.08	0.043	0.045	0.353
ASV_209	1.293	10.916	0.009690975920119	0.0606583307592634	Enriched	0.168	0.101	0.209	0.074	0.135	0	0.038	0.021	0.343	0.534	0.033	0.178	0.162	2.449	0.053	0.016	0.058	0.014	0.078	0.044	0.09	0.014	0.013	0.005	0.038	0.007	0.004	0.715	0.033	0.008	0.072	0.056	0.046	0.01	0.003	0.035	0.07	0.123	0.364	0.083	0	0.031	0.014	0.049	0.143	0.157	0.121	0.085	0.171	0.057	0.074	0.012	0.047	0.015	0.088	0.01	0.091	0.21	0.001	0.011	0.021	0.015	0.015	0.007	0.62	0.043	1.016	0.014	0.009	0.009	0.091	0.017	0.017	0.002
ASV_174	1.691	11.473	0.0102832930836848	0.0606759532524395	Enriched	0.292	0.131	0.107	0.366	0.263	0.004	6.768	0.156	0.144	0.043	0.038	0.08	0.042	0.004	0	0.004	0.004	0.001	0.046	0.016	0.187	0	0	0.003	0	0.528	0.014	0	0.006	0	0.003	0.034	0.008	0.018	0.742	0.031	0.057	0.013	0.273	0.277	0.036	0.241	0.051	0.522	0.448	0.035	0.36	0.085	0.037	0.004	0	0.003	0	0.006	0.13	0.009	0.012	0.034	0.001	0.001	0.008	0.017	1.068	0.003	0.783	0.278	0	0.007	0.007	0	0.175	0.02	0.03	0.043
ASV_91	1.742	10.028	0.0104118499663949	0.0606759532524395	Enriched	0.133	0.041	0.062	0.034	0.042	0.004	0.088	0	0.002	0.002	0	0.08	0.016	0.01	0	0	0.006	0.001	0.043	0.051	0.014	0.006	0.01	0.012	0	0.007	0.006	0.012	0.008	0.003	0.005	3.474	0.266	0.119	0.013	0.012	0.002	0.012	0.06	0.03	0.051	0.383	0.029	0	0.002	0	0.002	0.325	0.005	0.002	0	0	0	0	0.029	0.009	0.149	0.006	0	0	0.01	0.012	0	0.003	0.058	0.087	0.045	0	0	0.03	0.167	0.056	0.003	0.003
ASV_71	1.333	10.502	0.012109758308836	0.0676269834460006	Enriched	0.176	0.066	0.055	0.03	1.63	2.544	0.04	0.006	0.017	0	0.042	0.049	0.003	0	0.006	0.246	0.016	0.085	0.032	0.012	0.011	0.01	0.011	0.057	0.423	0.074	0.014	0.024	0.01	0.025	0.005	0.034	0.038	0.017	0.255	0.054	0.06	0.064	0.026	0.029	1.034	0.029	0.006	0.006	0.005	0	0.004	0.009	0.009	0.004	0.016	0.355	0.072	0.006	0.013	0.031	0.132	0.021	0.025	0.013	0.109	0	0.064	0.003	0.046	0.043	0.047	0.041	0.02	0.021	0.135	0.021	0.006	0.002
ASV_98	-2.436	9.565	0.0124049496261895	0.0676269834460006	Depleted	0.018	0.069	0.006	0	0	0	0	0	0	0	0	0.004	0.093	0.019	0	0	0	0	0	0	0	0	0	0.003	0	0.044	0.136	0.04	0.004	0.015	0.106	0.026	0.019	0.039	0.025	0	0.006	0.061	0	0	0	0	0.133	0	0.014	0	0	0.009	0.005	0.011	0	0	0	0	0.001	0	0	0	0	0	0.001	0.11	0.058	0.145	0	0	0.045	0.005	0.014	0.115	0.004	0.029	0.011	1.91
ASV_99	1.271	10.972	0.0134479039044621	0.0710217424954403	Enriched	0.242	0.101	3.768	0.039	0.072	0	0.274	0.345	0.083	0.019	0.004	1.079	0.03	0.048	0.002	0.004	0.044	0.014	0.046	0.019	0.045	0.027	0.024	0.576	0.445	0.646	0.097	0.019	0.027	0.024	0.018	0.041	0.002	0.01	0.101	0.117	0.218	0.069	0.054	0.016	0	0.16	0.142	0.111	0.009	0.006	0.004	0.096	0.055	0.029	0.021	0.003	0.026	0.04	0.043	0.009	0.138	0.408	0.042	0.053	1.167	0.01	0.207	0.012	0.441	0.022	0.045	0.007	0.004	0.001	0.035	0.12	0.005	0.003
ASV_58	1.28	12.405	0.0150321521180981	0.0769828396351086	Enriched	0.553	0.269	0.098	0.096	0.152	0.072	0.032	0.341	0.005	0.002	0	0.07	0.006	0.013	0.129	6.756	0.387	0.02	2.062	0.182	0.23	0.134	3.086	1.62	0.056	0.233	0.215	0.142	0.053	0.109	0.567	0.048	0.069	1.261	0.007	0.491	0.282	0.052	0.065	0.709	0.017	0.019	0.109	0.012	0.007	0.026	0	0.011	0.058	0	1.491	1.022	0.322	0.156	0.211	0.143	0.628	0.08	0.079	0.357	0.657	0.378	0.027	0.066	0.262	0.043	0.113	0.038	0.127	0.469	0.78	1.017	0.181	0
ASV_21	-1.495	13.942	0.0155582069292329	0.0773334403247166	Depleted	0.629	1.803	1.106	0.342	0.069	0.018	0.024	0.103	0	0.004	0.002	0.004	0.008	0.008	0.129	2.702	2.134	0.027	0.213	0.096	0.473	2.443	0.159	1.878	0.036	1.056	0.144	0.701	0.107	0.115	0.327	1.663	0.092	4.411	0.162	1.297	19.499	19.178	1.019	0.36	0.057	0.084	1.453	0.002	0.016	0	0.004	0.007	0.055	0	0.689	0.253	1.076	0.047	0.095	0.141	0.325	0.064	0.109	0.176	0.731	1.198	0.507	0.272	0.058	0.148	0.14	0.016	0.114	0.422	0.861	1.792	17.995	0.045
ASV_203	1.078	9.8	0.0187515308421265	0.0892497778792532	Enriched	0.083	0.047	0.5	0.079	0.151	0	0.106	0.672	0.076	0.004	0.004	0.016	0.034	0.153	0.005	0.014	0.018	0.016	0.039	0.011	0.018	0.004	0.035	0.014	0.514	0.022	0.01	0.033	0.049	0.017	0.061	0.003	0.015	0.009	0.023	0.042	0.105	0.062	0.081	0.074	0.002	0.078	0.06	0.01	0.002	0	0.04	0.036	0.016	0.064	0.009	0.044	0.001	0.027	0.064	0.01	0.037	0.013	0.018	0.012	0.014	0.025	0.043	0.012	0.074	0.549	0.016	0.075	0.014	0.041	0.012	0.007	0	0.063
ASV_41	1.103	12.619	0.0190117870038646	0.0892497778792532	Enriched	0.659	0.309	0.006	4.898	0.882	0.039	0.116	0.008	3.732	0.184	4.968	0.168	0.142	0.015	1.021	0.127	0.045	0.295	0.13	0.158	0.53	0.138	0.209	0.251	0.671	0.797	0.15	0.026	0.14	0.435	0.031	0.021	1.291	0.079	0.043	0.026	0.002	0.16	0.084	0.083	0.009	0.04	0.006	0.184	0.234	0.442	0.269	0.011	0.169	0.147	1.721	0.185	0.136	0.195	1.306	0.942	0.662	0.104	0.16	1.046	0.811	0.159	0.15	0.088	0.177	0.276	0.076	0.295	0.124	0.007	0.447	0.407	0.012	0.706
ASV_104	1.278	11.521	0.0204218040796118	0.0932779699852537	Enriched	0.276	0.136	0.048	0.312	0.236	0.026	6.03	0.341	0.144	0.032	0.337	0.018	0.022	0.021	0.004	0.009	0.033	0.007	0.041	0.019	0.03	0.011	0.001	0.012	0	0.266	0.154	0.301	0.002	0.003	0.192	0.095	0.008	0.037	0.312	0.005	0.022	0.01	0.32	0.302	0.069	0.445	0.088	0.071	0.266	0.035	0.273	0.027	0.021	0.042	0.013	0.015	0.16	0.009	0.009	0.003	0.041	0.228	0.003	0.003	0.088	1.579	0.497	0.142	0.098	0.087	0.164	0.008	0.001	0.047	0.014	0.033	0.065	0.003
ASV_48	1.197	13.176	0.0226205321951008	0.100601840551896	Enriched	0.896	0.463	0.093	0.141	0.157	0.151	0.03	0.162	0.064	0.041	0.029	0.01	0.013	0.159	0.346	0.451	2.012	0.048	1.817	0.785	0.22	0.249	18.936	0.53	0.024	0.173	0.209	0.208	0.072	0.018	2.053	0.085	0.128	0.104	0.048	1.578	1.48	0.089	0.087	0.453	1.147	0.238	0.742	0.081	0.082	0.46	0.144	0	0.046	0.024	1.951	0.104	1.107	0.123	0.08	0.053	0.068	0.171	0.136	0.335	0.448	0.199	0.079	0.426	0.093	0.011	0.068	0.029	0.02	0.269	1.092	0.071	4.466	0.02
ASV_106	1.595	10.326	0.0232297439340473	0.100662223714205	Enriched	0.136	0.064	0	0.18	0.297	0	0.131	0.029	0.012	0.011	0.036	0	0	0	0.005	0.003	0.006	0	0	0.056	0.017	0.014	0.006	0.008	3.243	0.055	0.006	0.017	0.004	0	0.115	0.015	0.002	0.007	0.21	0	0	0	0.295	0.205	0	0.103	0	0.01	0.025	0	0.125	0	0	0.007	0.007	0.006	0.021	0	0.01	0.007	0.003	0.055	0.016	0.008	0.052	0	0.027	0.084	1.312	0.043	0.004	0.005	0.003	0.023	0.016	0.003	0.02	0.012
ASV_32	0.962	12.643	0.0244020673960724	0.100927538136715	Enriched	0.671	0.335	0.162	2.552	0.261	0.508	0.108	0.058	0.135	0.068	0.118	0.153	0.606	0.059	0.591	0.03	0.034	3.182	0.352	0.284	0.131	0.635	0.07	0.209	1.989	0.923	5.527	0.949	0.06	0.283	0.46	0.803	0.617	0.228	0.005	0.117	0.087	0.204	0.122	0.077	0.209	0.179	0.585	0.514	0.214	0.242	0.125	0.045	0.083	0.037	0.527	0.124	0.12	0.226	0.071	0.242	0.122	0.101	1.322	0.074	0.148	3.633	0.43	0.258	0.135	0.177	0.417	0.141	0.241	0.544	0.281	0.879	0.016	0
ASV_138	1.399	12.675	0.0244853790745876	0.100927538136715	Enriched	0.68	0.303	0.352	0.074	0.085	0.002	0.379	0.199	0.111	1.599	0.069	0	0.061	0.069	0.002	0	0.009	0.001	0.039	0.038	0.03	0.031	0.004	0.018	0.027	0.041	0.077	0.4	0.035	2.725	0.204	14.66	0.339	0.664	0.079	0.15	0.268	0.013	0.085	0.069	0	1.812	0.154	0.069	0.402	0.134	0.288	0.004	0.03	0	0.006	0.006	0.004	0.013	0.119	0.01	0.012	0.035	0.008	0.013	0.101	0.212	0.027	0.061	0.678	0.401	0.642	0.031	5.112	0.133	0.441	0.263	0.016	0.002
ASV_36	0.997	12.7	0.0255977830258729	0.103000603127917	Enriched	0.675	0.367	0.131	0.305	0.612	2.169	0.033	0.339	0.007	0.002	0.018	0.123	0.01	0.019	0.118	3.62	0.629	0.053	1.76	0.261	0.346	0.242	4.744	0.261	0.068	0.701	0.341	0.528	0.338	0.075	1.571	0.89	0.19	1.654	0.112	0.405	0.451	0.244	0.244	0.355	0.452	0.152	0.132	0.014	0.009	0.015	0.051	0.018	0.058	0.037	0.816	0.549	0.83	0.155	0.178	0.128	1.95	0.122	0.101	0.21	0.167	0.219	0.168	0.702	0.434	0.307	0.306	0.158	0.117	2.234	0.786	1.015	0.044	0.002
ASV_46	-1.147	13.108	0.0311967961760826	0.122610664040883	Depleted	0.366	0.804	0.388	0.023	0.069	0.134	0.045	0.247	0.054	0.002	0.004	0.02	0.034	0.021	0.204	3.26	0.218	0.05	0.368	0.413	0.511	1.073	0.728	0.457	0.019	0.384	0.179	0.08	0.059	0.129	0.146	1.991	0.125	0.309	0.349	4.593	2.623	0.433	0.081	0.077	0.411	0.029	1.346	0.032	0.039	0.015	0.019	0.276	0.062	0.02	0.322	0.282	0.196	0.12	0.172	0.102	0.112	0.126	0.1	0.159	0.254	0.951	0.22	0.122	0.072	0.078	0.164	0.03	0.143	0.277	0.133	0.146	16.887	0.143
ASV_134	0.97	10.615	0.0346326123840848	0.133020715747962	Enriched	0.133	0.08	0.042	0.034	0.034	0.006	0.03	0.039	0.005	0	0.002	0.012	0.043	0.015	0.13	1.782	0.101	0.05	0.268	0.088	0.045	0.043	0.671	0.06	0.014	0.037	0.045	0.047	0.01	0.197	0.106	0.028	0.144	0.242	0.036	0.035	0.056	0.029	0.059	0.413	0.007	0.003	0.021	0	0.009	0.02	0.006	0.043	0.065	0.044	0.131	0.256	0.28	0.037	0.11	0.048	0.078	0.264	0.052	0.131	0.098	0.122	0.11	0.033	0.039	0.013	0.033	0.022	0.13	0.106	0.08	0.143	0.008	0
ASV_117	-1.005	10.015	0.0381444657633806	0.142156361339831	Depleted	0.051	0.115	0.033	0.203	0.136	0.015	0.127	0.037	0.009	0.002	0.007	0.016	0.013	0.006	0.048	0.018	0.15	0.079	0.096	0.037	0.021	0.003	0.001	0	0.131	0.03	0.114	0.201	0.006	0.087	0.017	0	0	0.024	0.02	0.007	0.036	0.05	1.713	0.262	0.053	0.043	0.018	0.091	0.111	0.006	0.013	0.011	0.018	0	0.134	0.068	0.009	0.077	0.058	0.003	0.004	0.152	0.005	0.005	0.01	0.045	0.012	0.087	0.369	0.184	0.181	0.004	0.03	0.004	0.012	0.053	0.012	0.535
ASV_18	1.139	13.083	0.0387214367733183	0.142156361339831	Enriched	0.903	0.507	10.307	0.252	0.566	0.006	0.706	0.051	1.133	0.023	0.078	0.141	0.104	0.234	0.033	0.054	0.018	0.045	0.055	0.019	0.051	0.034	0.026	0.051	14.395	0.048	0.063	0.317	0.06	0.014	0.388	0.285	0.019	0.121	0.114	0.362	0.899	0.153	8.32	2.098	0.012	1.34	0.38	0.065	0.175	0.297	0.299	1.529	0.104	0.075	0.144	0.037	0.025	0.017	0.007	0.019	0.122	0.064	0.065	0.038	0.095	0.085	0.055	0.04	0.111	0.02	0.062	0.19	0.009	0.201	0.162	0.191	0.214	1.702
ASV_59	1.065	12.628	0.0399337073692551	0.142156361339831	Enriched	0.606	0.31	0.075	1.285	0.646	0.197	2.214	1.482	6.374	0.92	0.42	0.162	3.739	0.224	0.023	0.043	0.177	0.027	0.124	0.045	0.042	0.013	0.072	1.077	0.038	0.221	0.049	0.002	0.018	0.008	0.017	0.03	0.004	0.037	0.19	0.016	0.019	0.008	0.668	1.219	0.283	0.357	0.074	0.358	1.339	0.506	0.373	0.121	1.205	0.119	0.129	1.322	0.092	0.033	0.108	0.051	0.043	0.257	0.025	0.037	0.297	0.007	0.15	0.049	0.413	0.105	0.008	0.005	0.01	0.016	0.196	0.061	0.076	1.939
ASV_118	-1.148	9.736	0.0403757712681176	0.142156361339831	Depleted	0.036	0.093	0	0.027	0.069	0	0.024	0.029	0.007	0.002	0.009	0.004	0.006	0.002	0.024	0.132	0.014	0.001	0.119	0.093	0.047	0.05	0.042	0.075	0.103	0.055	0.004	0.002	0.076	0.006	0.074	0.004	0.004	0.03	0.053	0	0	0	0.17	0.026	0	0.007	0	0.002	0.032	0.003	0.015	0.004	0.009	0.002	0.052	0.297	0.019	0.018	0.006	0.02	0.065	0.206	0.062	0.036	1.856	0.002	0.012	0.019	0.014	0.018	0.023	0.079	0.003	0.043	0.409	0.081	0.002	0
ASV_11	0.965	14.146	0.0427880253045377	0.144721626564585	Enriched	1.716	1.013	0.93	0.529	0.324	9.325	1.67	11.761	1.575	0.451	0.966	2.32	6.128	2.196	0.063	0.2	0.397	0.046	0.325	0.049	0.128	0.468	0.428	0.148	2.182	0.373	0.004	0.194	0.14	0.632	0.086	0.061	2.564	0.108	9.869	0.25	3.783	0.884	1.587	2.391	4.812	0.845	0.502	6.455	1.537	0.736	1.354	3.293	1.755	2.21	0.141	0.651	0.072	0.089	0.291	0.111	0.077	0.071	0.437	0.07	0.195	0.035	0.293	0.013	0.255	1.589	0.068	0.061	0.356	0.113	0.28	0.064	0.436	1.352
ASV_56	-1.171	12.046	0.043161457980417	0.144721626564585	Depleted	0.173	0.54	0.221	0.191	0.467	0.013	2.065	0.89	0.277	0.049	0.049	0.17	0.021	0.019	0.007	0.039	0.04	0.036	0.078	0.007	0.023	0.024	0.026	0.269	0.007	0.114	0.016	0.073	0.008	0.011	0.002	0.018	0.079	0.044	0.36	0.096	0.048	0.013	0.399	0.256	0.033	14.025	0.191	0.302	0.055	0.02	0.053	0.099	0.021	0.007	0.013	0.081	0.026	0.118	0.022	0.025	0.037	0.032	0.025	0.015	0.862	0.02	0.183	0.006	0.023	0.054	0.029	0.004	0.006	0	0.27	0.029	0.162	3.413
ASV_16	1.24	13.509	0.0436733902650523	0.144721626564585	Enriched	0.951	0.538	0.126	0.393	0.006	0.317	0.004	0.136	0.005	0.006	0.016	0.004	0.016	0.004	0.61	0.411	1.002	0.023	0.922	0.117	0.13	0.124	0.297	0.18	0	0.41	0.307	0.665	0.32	22.897	0.299	1.388	0.184	0.069	0.003	0.204	0.38	2.61	0.367	0.021	0.161	0.017	0.284	0	0.039	0.006	0.004	0.007	0.016	0.064	1.141	3.389	3.09	0.109	0.095	0.233	0.172	0.001	0.168	1.072	0.168	0.431	0.272	0.116	0.053	0.067	0.965	0.216	4.683	0.244	0.023	0.087	0.008	0.003
ASV_115	-1.114	11.708	0.0458346767533795	0.148962699448483	Depleted	0.171	0.299	0.012	0.003	0.046	0.053	0.004	0.049	0.026	0.019	0.007	0.002	0.003	0.063	0.027	0.605	0.079	0.068	0.485	0.07	0.276	0.116	0.079	0.112	0.034	0.502	0.447	0.215	0.01	0.001	0.406	0.757	0.257	0.778	0.015	0.023	0.014	0.02	0.009	0.008	0.089	0.105	0.023	0.012	0.02	0.093	0.023	0.011	0	0.002	0.056	0.432	0.148	0.077	0.152	0.061	0.147	1.094	0.018	0.065	0.074	0.249	0.305	7.483	0.042	0.022	0.035	0.005	0.01	0.075	0.11	0.525	0.008	0.002
ASV_52	0.908	11.788	0.046963632898991	0.149751961508103	Enriched	0.375	0.197	0.023	0.5	0.043	0.33	0.047	0.023	0.097	0.066	1.257	5.87	0.384	0.215	0.035	0.005	0.007	0.022	0.027	0.032	0.027	0.067	0.252	0.707	0.01	0.181	0.043	0.372	0.08	0.014	0.057	0.123	0.042	0.184	1.218	0.339	0.036	0.079	0.066	0.019	0.985	0.055	0.295	0.773	0.377	0.087	0.076	0.182	0.217	0.394	0.003	0.006	0.042	0.024	0.051	0.029	0.06	0.021	0.072	0.169	0.395	0.087	0.259	0.019	0.2	0.092	0.527	0.06	0.009	0.038	0.302	0.383	0.195	0.658
ASV_210	-1.108	10.616	0.0515985686469113	0.161484409283852	NotSig	0.058	0.128	0.005	0.015	0.018	0.002	0.013	0.041	0.168	0.314	0.022	0.022	0.211	0.059	0.068	0.008	0.01	0.174	0.142	0.01	0.009	0.024	0.01	0.005	0.223	0.107	0.022	0.054	0.002	0.001	0.044	0.006	0.006	0.003	0.102	0.016	0.008	0.005	0.026	0.006	0.009	0.016	0.03	0.022	0.057	0.087	0.025	0.018	0.069	0.004	0.269	0.055	0.01	0.11	0.052	0.001	0.029	0.141	0.03	0.001	0.007	0.005	0.095	0.006	0.383	0.078	0.006	0.003	0	0.021	0	0.021	0.048	3.222
ASV_40	-0.782	13.252	0.0586347966862157	0.180168738908554	NotSig	0.512	0.911	0.112	0.383	0.518	0.098	0.045	0.051	0.234	0.021	0.04	0.047	1.113	0.046	0.662	0.572	0.529	2.031	0.684	0.206	1.008	1.003	0.694	0.576	0.586	0.775	0.512	0.642	0.777	0.518	0.193	0.591	1.464	0.136	0.04	0.288	0.186	0.138	0.037	0.016	0.442	0.088	0.163	0.423	0.207	0.704	0.045	0.081	0.102	0.042	1.787	1.378	4.338	0.553	0.34	1.174	0.92	0.27	2.923	0.733	0.755	6.335	0.522	0.124	0.362	3.764	0.784	2.363	0.443	0.205	0.59	1.448	0.228	0.217
ASV_24	-1.783	13.166	0.0699687000430723	0.211155541201415	NotSig	0.247	0.83	0	0.002	0.003	0.002	0.001	0.002	0	0	0	0.004	0	0	0.007	0.003	0	0.009	0.22	0.161	0.191	0.004	0.072	0.088	0.013	0.413	0.006	0.653	5.674	0.273	0.343	0.003	0.008	0	0.003	0	0	0.002	0	0	0	0.002	0	0.002	0	0.009	0.002	0.002	0	0	0.018	0.001	0.201	0.017	0	0.163	6.757	2.577	0.013	0.001	0.081	0	1.037	0	0.425	0.168	0.587	19.505	0.262	0.223	0.297	0	0	0
ASV_200	0.727	11.188	0.0720341191708394	0.213574844559155	NotSig	0.207	0.139	0.095	0.045	0.072	0.081	0.011	0.234	0.043	0.013	0.08	0.037	0.053	0.036	0.051	0.446	0.136	0.037	0.208	0.03	0.133	1.774	0.888	0.472	0.275	0.03	0.006	0.083	0.027	0.019	0.169	0.088	0.061	0.996	0.099	0.073	0.144	0.082	0.075	0.165	0.414	0.01	0.073	0.087	0.134	0.157	0.24	0.161	0.046	0.073	0.312	0.146	0.168	0.046	0.041	0.061	0.168	0.032	1.036	0.04	0.217	0.045	0.021	0.061	0.005	0.02	0.099	0.048	0.093	0.383	0.072	0.023	0.343	0.011
ASV_73	-0.868	11.601	0.0793518509057172	0.231214875914935	NotSig	0.196	0.398	0.29	0.017	0.011	0.07	0.028	0.146	0.002	0.013	0.004	0.002	0.002	0	0.031	0.047	0.156	0.075	0.327	0.108	0.173	0.07	0.057	0.738	0.014	1.026	0.104	0.476	0.137	0.072	0.058	0.169	0.473	0.989	0.574	0.241	0.438	0.141	0.021	0.016	0.243	0.234	0.216	0.002	0.011	0.015	0.004	0.016	0.002	0.002	0.356	0.043	0.119	0.116	0.129	0.025	0.087	0.064	0.189	0.11	0.955	0.261	8.086	0.121	0.295	0.329	0.021	0.052	0.209	0.021	1.915	0.384	0.03	0.011
ASV_77	0.915	12.048	0.0828789987050199	0.237399165782176	NotSig	0.353	0.224	0.031	0.023	0.003	0.079	0.001	0.025	0.009	0.009	0	0.002	0.01	0.002	0.272	0.323	0.106	0.343	0.515	4.987	0.166	0.231	0.208	0.804	0.053	0.162	1.818	0.185	0.121	0.177	0.288	0.032	0.31	0.365	0.002	0.051	0.071	0.032	0.001	0.011	0.111	0	0.088	0.006	0.023	0.02	0.006	0.016	0.016	0.002	0.369	0.278	0.444	0.844	0.188	0.191	0.4	0.187	0.675	0.709	0.277	0.396	0.226	0.423	0.244	0.045	0.285	0.323	0.259	0.591	0.589	0.318	0.012	0.006
ASV_5	0.656	14.449	0.0870765804760302	0.245265701674152	NotSig	2.155	1.407	0.956	1.195	1.196	0.836	0.214	2.062	0.114	0.036	0.222	0.078	0.216	0.186	0.436	6.234	1.11	0.484	3.3	0.339	1.686	4.548	7.08	5.547	1.29	1.406	0.532	1.513	1.692	1.187	9.542	0.991	1.822	12.754	0.299	0.823	1.273	0.779	0.841	2.434	1.767	1.452	0.543	0.138	0.348	0.917	0.293	0.379	0.09	0.304	1.981	2.033	1.403	0.554	0.515	0.942	2.686	0.543	4.718	0.499	3.635	0.657	1.336	0.509	0.632	0.939	0.753	1.7	2.76	9.494	2.765	0.737	0.691	0.028
ASV_158	-1.563	11.738	0.0898125867949727	0.246113261361886	NotSig	0.127	0.349	0	0.086	1.013	0	0.055	0.008	0.721	0.192	0.133	0	0.896	0	0	0.003	0	0	0	0.007	0.02	0.007	0	0.003	0	0.085	0.024	0.002	0.02	0	0.02	0.001	0	0	0.903	0	0	0	0.094	1.257	0	0.04	0	0.375	10.441	0.215	0.348	0.004	0	0	0	0.003	0	0	0	0.007	0.021	0.422	0.003	0	0.029	0.002	0.104	0.091	0.012	0.004	0.016	0.033	0.006	0.012	0.003	0	0.031	0.018
ASV_8	-0.752	13.282	0.0906149432983301	0.246113261361886	NotSig	0.518	1.113	2.327	0.765	0.664	0.068	0.595	0.43	0.109	0.041	0.746	0.581	1.019	1.009	0.053	0.551	0.167	0.048	0.215	0.043	0.105	2.938	0.891	0.52	0.127	0.044	0.01	0.062	0.146	0.054	0.742	0.117	0.456	0.991	0.448	0.87	7.931	4.566	6.458	1.174	0.325	5.717	0.537	0.172	1.778	0.268	1.443	0.547	0.614	3.482	0.272	0.874	0.122	0.04	0.297	0.12	0.312	0.031	1.208	0.089	0.2	0.015	0.15	0.036	1.596	0.531	0.064	0.292	0.131	0.64	0.141	0.054	0.307	0.02
ASV_87	-0.842	11.879	0.0917463637029517	0.246113261361886	NotSig	0.175	0.348	0.154	0.133	0.192	0.643	0.156	0.142	0.064	0.16	0.482	0.593	0.72	0.953	0.007	0.083	0.037	0.003	0.041	0.015	0.039	0.194	0.052	0.022	0.269	0.011	0.016	0.083	0.014	0.022	0.08	0.028	0.019	0.097	0.264	0.101	0.634	0.424	1.823	0.433	1.046	0.264	0.157	0.071	0.234	0.332	1.49	2.294	0.316	2.698	0.022	0.426	0.01	0.009	0.012	0.016	0.056	0.007	0.055	0.004	0.025	0.022	0.061	0.025	0.026	0.038	0.016	0.139	0.017	0.052	0.01	0.05	0.115	0.029
ASV_60	-0.78	11.45	0.0982126791208675	0.259342855803541	NotSig	0.162	0.29	0.981	0.069	0.216	0.02	0.109	0.047	0.419	0.023	0.029	0.004	0.325	0.178	0.013	0.064	0.009	0.248	0.181	0.045	0.021	0.001	0.098	0.017	0.115	0.262	0.106	0.585	0.209	0.022	0.359	0	0.006	0.041	0.521	0.336	1.71	0.769	0.241	0.014	0.017	0.422	0.104	0.03	0.227	0.084	0.114	0.007	0.058	0.004	0.03	0.024	0.012	0.483	2.394	0.016	0.172	0.179	0.021	0.025	0.01	0.037	0.137	0.193	0.736	1.918	0.082	0.265	0.017	0.244	0.022	0.023	0.084	0.032
ASV_144	0.947	10.68	0.108018871366223	0.28084906555218	NotSig	0.145	0.08	0.033	0.003	0.005	0.039	0	0.109	0.009	0.03	0.049	0.002	0	0.008	0.019	0.083	0.041	0.328	0.419	0.203	0.102	0.056	2.14	0.152	0.106	0.004	0.002	0.009	0.01	0.104	0.006	0.01	0.661	0.02	0.008	0.026	0.019	0.114	0	0.029	0.012	0.012	0.018	0.014	0.007	0.003	0.006	0	0	0	0.061	0.163	0.316	0.139	0.34	0.117	0.19	0.055	0.067	0.817	0.167	0.002	0.006	0	0.042	0.031	0.006	0.012	0.1	0	0.184	0.027	0	0.003
ASV_37	0.723	12.164	0.120055761120261	0.301423880019377	NotSig	0.41	0.296	0.132	0.002	0.128	0.341	0.03	0.031	0.005	0.002	0.06	2.594	0.053	0.063	0.075	2.404	0.352	0.232	0.718	0.096	0.214	0.236	0.105	0.32	0.545	0.712	0.305	0.173	0.111	1.953	0.132	0.815	0.316	0.135	0.144	0.073	0.077	0.18	0.018	0.006	0.166	0.116	0.082	0.19	0.005	0	0.004	0.049	0.028	0.07	0.318	0.364	4.514	0.437	0.301	0.123	0.222	0.036	0.134	0.156	0.163	0.396	0.812	0.191	0.177	0.251	0.205	0.09	0.921	0.105	0.455	0.09	0.003	0.018
ASV_76	-0.569	11.869	0.120238500826076	0.301423880019377	NotSig	0.211	0.333	0.065	0.062	0.128	0.374	0.088	0.039	0.227	0.107	0.468	0.683	0.201	0.295	0.154	0.46	0.088	0.13	0.245	0.096	0.122	0.648	0.181	0.254	0.11	0.151	0.12	0.161	0.07	0.111	0.304	0.074	0.188	0.42	0.122	0.063	0.112	0.118	0.449	0.104	0.212	0.091	0.097	3.254	0.214	0.218	0.498	1.119	0.328	2.014	0.12	0.092	0.117	0.082	0.136	0.092	0.156	0.329	0.846	0.064	0.139	0.07	0.207	0.134	0.105	0.141	0.185	0.118	0.063	0.19	0.129	0.521	0.036	0.012
ASV_148	-1.791	10.478	0.121282981309572	0.301423880019377	NotSig	0.065	0.136	0	0.002	0.003	0	0.001	0	0	0.002	0	0	0	0	0	0	0	0	0	0	0	0	0	0.002	0.002	0.576	0.311	0.668	0	0	0.003	0.235	0.013	0	0.331	0	0	0	0.01	0.003	0	0.016	0	0	0	0	0	0	0	0	0	0	0	0	0	0	0.006	0.003	0	0	0	1.444	0.442	0.263	0.005	0.007	0.661	0.003	0.004	0.001	0	0.004	2.173	0.262
ASV_129	-0.636	10.065	0.136848640868433	0.335180004445873	NotSig	0.059	0.103	0.364	0.022	0.026	0.081	0.016	0.016	0.331	0.047	0.049	0.112	0.061	0.046	0.01	0.001	0.055	0.012	0.009	0.01	0.018	0.011	0.001	0.005	0.096	0.026	0.014	0.021	0.066	0.028	0.156	0.023	0.065	0.031	0.132	0.224	0.693	0.535	0.094	0.01	0.313	0.007	0.186	0.415	0.082	0.087	0.276	0.211	0.058	0.046	0.088	0.015	0.006	0.019	0.038	0.007	0.032	0.097	0.012	0.001	0.015	0.002	0.037	0.013	0.019	0.013	0.07	0.094	0.016	0.032	0.014	0.104	0.009	0.023
ASV_65	0.769	13.283	0.143110133270662	0.345508750324884	NotSig	0.808	0.587	0.226	0.149	0.167	8.91	4.347	0.713	0.447	1.719	1.037	1.139	1.046	4.008	0.052	0.021	0.262	0.022	0.089	0.014	0.148	0.081	0.351	0.095	0.629	0.118	0.006	0.04	0.066	0.112	0.072	0.017	0.006	0.009	0.539	0.182	0.57	0.108	0.593	0.203	4.637	0.588	0.918	2.359	0.739	2.706	1.617	1.076	0.358	3.055	0.082	0.04	0.034	0.096	0.152	0.057	0.052	0.043	0.059	0.034	0.097	0.01	0.037	0.037	0.123	0.764	0.041	0.098	0.071	0.041	0.032	0.004	0.182	0.982
ASV_146	-0.717	11.962	0.149053317840686	0.354788883310928	NotSig	0.203	0.348	0.011	0.035	0.05	0.022	0.013	0.01	0.028	0.019	0.018	0.004	0.002	0.033	0.274	1.096	0.245	0.758	0.68	0.696	0.131	0.203	0.233	0.195	0.063	0.162	1.123	0.052	0.117	0.134	0.083	0.026	0.1	0.078	0.008	0.037	0.06	0.019	0.132	0.043	0.022	0.079	0.048	0.012	0.025	0.157	0.023	0.011	0.062	0.009	0.407	0.455	3.193	0.866	0.485	0.089	0.218	0.125	0.211	4.342	0.303	0.12	0.156	0.176	0.065	0.141	0.398	0.121	0.268	0.032	0.299	0.34	0.016	0.003
ASV_26	-0.54	12.528	0.157005554049904	0.368526925478247	NotSig	0.304	0.536	0.318	0.322	0.468	0.114	0.334	0.123	0.643	1.11	0.715	0.343	0.265	0.518	0.283	0.531	0.362	0.069	0.11	0.063	0.145	0.103	0.018	0.516	0.219	0.055	0.108	0.116	0.027	0.107	0.296	0.359	0.504	0.197	0.574	0.409	1.263	0.271	1.701	1.396	0.209	0.716	0.705	0.658	0.3	1.467	0.926	1.448	0.642	2.291	0.312	0.111	0.286	0.102	0.425	0.016	0.152	0.157	0.089	0.101	0.126	0.159	0.22	0.205	0.265	0.036	0.162	0.029	0.131	0.16	0.465	0.157	2.575	0.057
ASV_107	0.693	8.504	0.160077464122996	0.370590293654607	NotSig	0.029	0.021	0.012	0.002	0	0.006	0.03	0.031	0.021	0	0	0.074	0.005	0.002	0.399	0.018	0.02	0.042	0.071	0.012	0.014	0.007	0.004	0.068	0	0.007	0.006	0.007	0.004	0.015	0.015	0.017	0.004	0.021	0.033	0.009	0.011	0.008	0.006	0.005	0.005	0.043	0.008	0.004	0.002	0	0.002	0.007	0.007	0	0.108	0.004	0.098	0.038	0.02	0.004	0.015	0.032	0.014	0.021	0.137	0.005	0.034	0.001	0	0.002	0.018	0.001	0.105	0.004	0.052	0.001	0	0
ASV_70	-0.766	11.38	0.166781343889189	0.380892528611797	NotSig	0.165	0.291	0.045	0.003	0.019	0.99	0.018	0.021	0.024	0	0.002	0.327	0.008	0.015	0.008	0.017	0.052	0.029	0.108	0.007	0.134	0.046	0.022	0.215	0.01	0.786	0.102	0.078	0.199	0.078	0.063	0.836	0.561	0.618	0.002	0.035	0.051	0.034	0.003	0.003	0.058	0.076	0.041	0.024	0	0.029	0.006	0	0.009	0.009	0.022	0.021	0.663	0.027	0.09	0.032	0.184	0.085	0.014	0.023	6.894	0.062	0.143	0.217	0.105	0.267	0.107	0.107	0.77	0.441	0.652	0.043	0.003	0
ASV_123	0.662	9.96	0.173277665054748	0.389728533888932	NotSig	0.089	0.057	0.095	0.012	0.011	0.239	0.001	0.002	0.024	0.006	0.018	0.008	0.037	0	0.014	0.01	0.037	0.009	0.041	0.004	0.015	0.053	0.046	0.071	0.87	0.015	0.063	0.128	0.027	0.035	0.061	0.055	0.812	0.101	0.002	0.035	0.031	0.077	0.004	0	0.483	0.093	0.07	0.006	0.136	0.003	0.038	0.004	0.018	0.018	0.024	0.39	0.042	0.014	0.003	0.123	0.022	0.013	0.068	0.03	0.055	0.012	0.018	0.016	0	0.002	0.113	0.027	0.023	0.028	0.106	0.077	0.002	0.006
ASV_54	0.634	12.429	0.175262535950052	0.389728533888932	NotSig	0.498	0.391	1.899	0.134	0.106	0.022	0.302	0.925	0.892	1.3	0.169	0.738	0.273	0.702	0.318	0.013	0.02	0.238	0.194	0.026	0.193	0.077	0.155	5.722	0.711	0.129	0.154	0.002	0.016	0.15	0.021	0.019	0.328	0.102	0.37	0.093	0.15	0.094	0.292	0.043	0.057	0.691	0.073	3.029	0.361	0.905	0.231	0.3	0.199	0.216	0.202	0.03	0.028	0.096	0.048	0.035	0.049	0.057	0.073	0.143	5.328	0.045	0.034	0.512	0.595	0.125	0.029	0.008	0.127	0.01	0.7	0.061	0.083	0.117
ASV_235	-0.526	10.839	0.179393728213198	0.392251220923356	NotSig	0.1	0.155	0.005	0.045	0.2	0.026	0.013	0.041	0.078	0.021	0.073	0.053	0.178	0.031	0.283	0.362	0.179	0.161	0.153	0.108	0.205	0.324	0.134	0.051	0.15	0.048	0.024	0.043	0.023	0.024	0.018	0.076	0.157	0.02	0.008	0.059	0.015	0.013	0.01	0.046	0.231	0.016	0.045	0.322	0.073	0.451	0.042	0.056	0.217	0.02	0.344	0.466	0.532	0.133	0.198	0.398	0.464	0.186	0.503	0.068	0.067	0.286	0.031	0.012	0.019	0.123	0.041	0.245	0.046	0.016	0.054	0.107	0.061	0.015
ASV_311	-0.588	11.073	0.182878707546757	0.392251220923356	NotSig	0.125	0.189	0.023	0.018	0.018	0.018	0.008	0.08	0.005	0.006	0.002	0.012	0.026	0.006	0.241	0.025	0.306	0.575	0.247	0.062	0.122	0.439	0.099	0.274	0.111	0.129	0.353	0.223	0.254	0.03	0.112	0.05	0.056	0.169	0.012	0.073	0.02	0.076	0.009	0.014	0.021	0.012	0.048	0.006	0.111	0.015	0.072	0.078	0.369	0.037	0.2	0.26	0.448	0.966	0.043	0.074	0.668	0.109	1.244	0.079	0.052	0.08	0.082	0.654	0.016	0.036	0.64	0.202	0.037	0.237	0.022	0.079	0.167	0.002
ASV_105	-1.014	9.381	0.183360038183107	0.392251220923356	NotSig	0.032	0.053	0	0.064	0.25	0	0.03	0	0	0	0.002	0.018	0.002	0.023	0.002	0	0.009	0.017	0	0.004	0.011	0.001	0	0.009	0.296	0.018	0.118	0.04	0.059	0.007	0.034	0.018	0	0.003	0.02	0	0	0	0.041	0.03	0	0.04	0	0	0	0	0	0.002	0.002	0	0	0	0.041	0	0	0.001	0.065	0.015	0.004	0	0	0.002	0.262	0.001	0.009	0.007	0.045	1.363	0.033	0.035	0.01	0.01	0.016	0.014
ASV_114	0.696	9.93	0.195900325877213	0.413839438415613	NotSig	0.075	0.062	0.006	0.017	0.072	0.035	0.988	0.06	0.18	0.051	0.004	0.004	0.01	0.065	0.011	0.016	0.001	0.063	0.059	0.001	0.002	0.004	0.031	0.015	0.64	0.022	0.014	0.019	0.01	0.019	0.017	0.006	0.008	0.022	0.015	0.049	0.012	0.007	0.016	0.011	0.027	0.021	1.264	0.006	0.007	0.041	0.021	0.004	0.002	0.002	0.086	0.001	0.004	0.335	0.027	0	0.003	0	0.012	0.06	0.039	0.002	0.015	0.007	0.023	0.052	0.031	0.014	0.003	0.007	0.18	0.014	0.008	0.006
ASV_81	0.661	12.206	0.224519154752253	0.468441199421367	NotSig	0.376	0.277	0.235	0.076	0.223	0.458	0.685	0.117	0.132	0.726	0.393	2.112	3.996	1.801	0.066	0.005	0.231	0.001	0.014	0	0.017	0.11	0.028	0.037	0.138	0.044	0.006	0.05	0.014	0.012	0.02	0.022	0.017	0.006	0.603	0.047	0.26	0.062	0.891	0.134	0.966	0.19	0.389	0.603	0.832	0.684	0.464	1.137	0.714	2.298	0.055	0.034	0.041	0.013	0.035	0.01	0.021	0.003	0.045	0.003	0.027	0.015	0.076	0.009	0.109	0.067	0.15	0.072	0.024	0.023	0.043	0	0.2	0.057
ASV_149	-0.496	10.667	0.231204484365975	0.475151235368685	NotSig	0.1	0.149	0.019	0.06	0.022	0.315	0.032	0.029	0.005	0.013	0.002	0.002	0.005	0.023	0.011	0.295	0.033	0.073	0.275	0.077	0.441	0.143	0.1	0.315	0.134	0.059	0.128	0.078	0.1	0.076	0.25	0.015	0.046	0.126	0.008	0.058	0.04	0.076	0.048	0.601	0.365	0.095	0.124	0.008	0.018	0.047	0.006	0.009	0.236	0.024	0.025	0.328	0.025	0.061	0.137	0.494	0.096	0.07	0.034	0.056	0.471	0.027	0.055	0.314	0.725	0.114	0.074	0.062	0.02	0.055	0.313	0.483	0.002	0.003
ASV_136	0.808	10.304	0.233358299027224	0.475151235368685	NotSig	0.1	0.072	0	0	0	0	0	2.243	0.007	0.006	0.009	0.01	0.002	0	0.229	0.005	0.018	0.017	0.016	0.037	0.003	0.004	0.003	0.006	0.031	0.037	0.032	0.017	0.018	0.008	0.48	0.001	0.033	0.005	0.012	0	0	0	0.001	0	0.002	0	0.041	0.097	0.02	0.009	0.223	0.02	0.048	0	0.997	0.018	0.021	0.049	0.001	0.003	0.035	0.007	0.013	0.008	0.01	0.224	0.034	0.076	0.002	0	0.021	0.071	0.006	0.085	0	0.026	0.606	0.018
ASV_169	0.591	10.239	0.246924358147505	0.487601071244963	NotSig	0.123	0.069	0.025	2.188	0.146	0.002	0.071	0.006	0.014	0.015	0.02	0	0.002	0.006	0.022	0.073	0.026	0.007	0.137	0.011	0.009	0.11	0.039	0.158	0.23	0.037	0.01	0.026	0.02	0.054	0.026	0.383	0.119	0.055	0	0.03	0.012	0.03	0.095	0.069	0	0.05	0.041	0.01	0.023	0.268	0.023	0.009	0	0	0.022	0.731	0.056	0.004	0.014	0.066	0.141	0.042	0.08	0.005	0.071	0.027	0.061	0.01	0.019	0.013	0.055	0.071	0.338	0.143	0.036	0.024	0.002	0
ASV_33	0.56	12.884	0.247818727051132	0.487601071244963	NotSig	0.632	0.431	0.196	0.225	0.305	0.048	0.016	0.508	0.116	0.111	0.153	0.002	0.008	0.144	0.286	0.157	0.162	0.653	0.572	3.736	0.283	0.342	0.084	0.49	0.762	1.602	0.075	0.268	2.849	0.475	0.21	1.563	0.282	4.171	0	0.322	0.102	0.392	0.103	0.154	0.034	0.01	0.411	0.14	0.161	1.208	0.227	0.043	0.009	0.033	0.183	0.123	0.313	0.109	0.227	0.271	4.362	2.272	0.198	0.158	0.331	0.072	0.223	0.273	0.142	0.141	0.3	2.134	0.704	0.365	0.159	0.407	0.005	0
ASV_156	0.827	6.683	0.24812835578146	0.487601071244963	NotSig	0.005	0.003	0	0	0	0.002	0	0.008	0	0	0	0	0.002	0	0.002	0.003	0	0.069	0.007	0.007	0	0.001	0.052	0.003	0	0	0	0.005	0	0.006	0	0	0.002	0.001	0	0.002	0	0	0.001	0	0	0.003	0	0	0.002	0	0	0	0.018	0	0.001	0	0.019	0.008	0.007	0.001	0.006	0	0.004	0.025	0.001	0	0	0	0	0.002	0.008	0	0.016	0	0.001	0	0	0
ASV_9	-0.428	14.174	0.256562320031979	0.498379679142579	NotSig	1.223	1.672	0.388	0.794	4.614	2.154	0.677	0.282	0.452	0.365	0.937	1.349	0.381	0.38	1.614	0.543	0.907	0.112	0.821	0.043	0.173	3.937	1.043	0.813	0.774	0.963	0.165	0.928	0.476	1.195	0.898	0.256	0.37	1.566	9.977	0.4	1.456	3.252	1.7	8.245	4.31	1.362	0.646	2.391	0.777	0.448	9.432	2.376	0.889	1.25	2.278	0.488	0.293	0.308	0.231	0.121	0.194	0.111	1.083	0.132	1.855	0.924	0.802	0.989	0.439	1.228	1.95	0.73	0.466	0.859	0.927	0.427	9.11	0.327
ASV_120	0.8	12.071	0.270296239349117	0.519091641477281	NotSig	0.314	0.204	0.308	0	0	0	0.061	0.031	0.005	0	0.082	0.376	0.329	7.957	0.002	0.001	0.133	0.012	0.023	0.004	0.02	0	0.01	0.006	0.015	0.022	0.016	0.078	0.023	0.551	0.023	0.172	0.033	0.01	0.053	0.129	0.253	0.088	0.004	0.008	0	0.157	0	0	0.005	0.009	0.765	0.309	0.328	0.927	0.003	0.003	0.062	0	0	0.003	0.087	0.004	0.001	0.004	0.008	0.147	0.027	0.013	0.009	0	0.08	0.016	0.08	0.021	0.01	0.006	3.568	0.815
ASV_74	-0.46	11.625	0.279319694606832	0.530393577399489	NotSig	0.226	0.337	0.308	0.035	0.082	0.006	0.16	0.111	0.017	0.013	0.007	0.276	0.026	0.015	0.279	0.04	0.166	0.212	0.6	0.027	0.298	0.113	0.572	0.887	0.018	0.583	0.215	0.739	0.023	0.193	0.144	0.547	0.153	0.305	0.283	0.325	0.228	0.271	0.043	0.018	0.027	0.179	0.097	0.063	0.016	0.006	0.017	0.036	0.002	0.004	2.929	0.065	0.403	0.184	0.142	0.085	0.091	0.073	0.312	0.071	1.645	0.889	3.015	0.222	0.218	0.146	0.121	0.016	0.415	0.058	0.39	0.246	0.045	0.012
ASV_20	-0.573	13.392	0.293205769731203	0.543491000384306	NotSig	0.607	0.86	0.121	0.74	0.077	0.006	0.028	0.251	0.035	0.023	0.007	0.01	0.003	0	4.3	0.131	0.207	0.931	0.357	0.167	4.319	0.418	0.297	0.123	0.318	0.72	1.43	0.225	1.428	1.157	0.169	0.098	1.176	0.745	0.012	0.182	0.073	1.666	0.194	0.022	0	0.214	0.095	0.004	0.027	0.017	0.225	0.235	0.016	0.022	4.741	2.175	0.28	1.12	0.051	7.969	1.734	1.41	0.224	1.032	0.102	0.149	0.348	3.106	0.149	0.076	0.135	1.912	0.389	0.085	0.146	3.117	0.055	0.048
ASV_183	1.021	9.008	0.294758245854897	0.543491000384306	NotSig	0.037	0.023	0	0.003	0.019	0	0	0.191	0	0	0.036	0.008	0.003	0.002	0.045	0.021	0	0.069	0.069	0.576	0.102	0.057	0.024	0.008	0	0	0	0	0	0	0	0	0	0	0	0	0	0	0.003	0	0	0	0	0	0.002	0	0	0.004	0.005	0.154	0.004	0	0	0.001	0.03	0.06	0.087	0.053	0.456	0.032	0.008	0	0	0	0	0.002	0	0	0	0	0	0	0	0
ASV_13	-0.43	13.584	0.295864923286131	0.543491000384306	NotSig	0.769	1.148	0.167	2.274	1.05	1.042	0.214	0.123	2.157	0.694	1.614	1.415	3.875	0.524	1.701	0.07	0.045	0.689	1.359	0.075	0.2	0.581	0.382	0.955	0.003	0.34	0.087	0.343	0.199	0.217	0.452	0.121	0.259	0.247	1.901	5.477	0.279	0.163	0.528	0.083	3.411	1.717	3.33	7.022	5.197	1.638	0.405	0.525	1.171	0.616	0.237	0.083	0.12	0.902	0.171	0.102	0.13	0.078	0.525	1.195	0.712	0.254	0.473	0.04	0.808	0.314	3.858	0.287	0.11	0.367	0.41	0.517	0.274	1.25
ASV_881	-0.556	11.241	0.300999803908714	0.543602901483088	NotSig	0.14	0.224	0.039	0.002	0.095	0	0.025	0.078	0.005	0.002	0	0.072	0.006	0	0.147	0.095	0.105	0.03	0.304	0.088	0.098	0.05	0.36	0.125	0.003	0.321	0.136	0.277	0.066	0.906	0.126	0.238	0.496	0.315	0.017	0.009	0.008	0.039	0.013	0.046	0	0.078	0.011	0.014	0.002	0	0	0.004	0.007	0.002	0.485	0.065	2.017	0.111	0.088	0.079	0.115	0.025	0.034	1.341	0.063	0.356	0.83	0.042	0.151	0.17	0.213	0.046	1.104	0.08	0.436	0.612	0.014	0.006
ASV_57	-0.772	10.04	0.302359010292368	0.543602901483088	NotSig	0.06	0.097	0.017	0	0.003	0.002	0	0.002	0	0	0	0	0.002	0	0.024	0.041	0.936	0.001	0.011	0.003	0.038	0	0	0.006	0.002	0.011	0.03	0.036	0.031	0.011	0.575	0.014	0.019	0.066	0.101	0.051	0.006	0.029	0	0	0.005	0	0.138	0	0	0	0	0.002	0	0	0.024	0.325	1.712	0.001	0	0.01	0.068	0.011	0.001	0.001	0	0.025	0.015	0.016	0.019	0	0.035	0.037	0.031	1.028	0.007	0.003	0.089	0.096
ASV_61	-0.616	11.538	0.331365652647603	0.582746544825338	NotSig	0.175	0.261	0.006	0.438	0.476	0	0.26	0.206	0.009	0.006	0.007	0	0.006	0.006	0.057	0.004	0.021	0.121	0.757	0.027	0.078	0.05	0.237	0.028	0	0.218	0.006	0.071	0.341	0.607	0.029	0.059	1.473	0.157	0	0.012	0.005	0.029	0.31	0.345	0	0.157	0.012	0.01	0.009	0.035	0.117	0.002	0	0	0.233	0.007	0.275	0.014	0.004	0.06	1.737	2.002	0.048	0.001	0.193	0	0.055	0	0.146	0.065	0.057	0.499	1.291	0.017	2.281	0.151	0	0
ASV_97	-0.365	11.366	0.335039661985452	0.582746544825338	NotSig	0.167	0.23	0.12	0.054	0.128	0.239	0.057	0.167	0.064	0.109	0.215	0.417	0.142	0.098	0.041	0.093	0.092	0.019	0.066	0.019	0.032	0.932	0.22	0.14	0.159	0.037	0.02	0.694	0.053	0.04	0.201	0.161	0.044	0.246	0.403	0.087	0.62	0.384	0.414	0.269	0.855	0.067	0.113	0.78	0.332	0.116	1.077	0.545	0.342	0.33	0.166	0.108	0.037	0.031	0.094	0.02	0.046	0.011	0.196	0.021	0.151	0.032	0.034	0.033	0.105	0.112	0.101	0.091	0.038	0.889	0.023	0.023	0.235	0.034
ASV_28	1.418	7.931	0.338741040305334	0.582746544825338	NotSig	0.03	0.007	0	0	0	0	0	0	0	0	0	0	0	0	0	0.001	0	0	0.581	0.052	0.154	0	0.216	0	0	0	0	0	0	0	0	0	0	0	0	0	0	0	0	0	0	0	0	0	0.002	0	0	0	0	0	0.009	0	0	0.008	0	0.088	0.107	0.05	0	0.005	0	0	0	0	0	0	0	0	0	0	0	0	0	0
ASV_167	-0.511	10.105	0.340198374549374	0.582746544825338	NotSig	0.067	0.12	0.148	0.008	0.056	0.002	0.029	0.035	0.012	0.011	0.007	0.031	0	0	0.027	0.075	0.118	0.012	0.249	0.008	0.102	0.022	0.602	0.066	0	0.026	0.022	0.083	0.018	0.014	0.031	0.259	0.073	0.055	0.007	0.128	0.152	0.071	0.006	0.005	0	0.107	0.006	0.083	0.002	0.009	0	0.013	0	0	0.89	0.031	1.054	0.075	0.029	0.038	0.034	0.001	0.013	0.147	0.027	0.045	1.407	0.016	0.039	0.02	0.037	0.018	0.047	0.009	0.035	0.106	0	0
ASV_135	-0.567	10.58	0.341552715200196	0.582746544825338	NotSig	0.111	0.17	0.005	0.185	0.285	0	0.161	0.086	0.017	0	0.002	0.002	0.003	0.008	0	0.004	0.084	0.049	0.398	0.008	0.009	0.003	0.001	0.017	0.002	0.321	0.071	0.44	0.025	0.094	1.283	0.065	0.01	0.028	0.008	0.005	0.011	0.012	2.454	0.616	0.007	0.2	0.038	0	0.009	0.003	0.002	0	0.035	0	0.007	0.279	0	0.072	0.093	0.168	0.012	0.001	0.003	0.001	0.041	0.035	0.134	0.594	1.289	0.128	0.137	0.024	0.006	0.086	0.081	0.041	0.002	0
ASV_17	-0.459	13.773	0.344820440725052	0.582746544825338	NotSig	0.917	1.132	0.065	5.278	3.314	0.098	0.169	0.049	0.863	0.03	0.593	0.117	0.261	0.067	0.949	0.48	0.445	1.286	0.73	1.129	4.539	0.752	0.176	1.073	2.969	1.1	0.567	0.509	0.152	0.934	0.083	0.118	1.226	0.12	0.031	0.024	0.019	0.064	0.137	0.096	0.007	0.034	0.024	0.041	0.082	0.079	0.055	0.101	3.191	0.132	3.745	1.338	0.466	0.406	11.846	5.835	0.883	0.298	0.671	0.619	1.83	5.884	0.577	0.233	0.274	1.049	1.449	0.36	0.589	0.055	0.615	0.353	0.012	0.664
ASV_159	0.369	10.268	0.352922646885193	0.590533933897006	NotSig	0.107	0.087	0.011	0.062	1.177	0.015	0.034	0.006	0.071	0.041	0.215	0.133	0.593	0.056	0.106	0.122	0.011	0.179	0.119	0.06	0.056	0.008	0.036	0.023	0.016	0.055	0.012	0.036	0.023	0.051	0.051	0.01	0.008	0.013	0.131	0.217	0.054	0.049	0.09	0.397	0.06	0.272	0.136	0.271	0.189	0.096	0.025	0.108	0.282	0.125	0.027	0.096	0.032	0.08	0.03	0.051	0.019	0.004	0.013	0.017	0.014	0.007	0.11	0.004	0.156	0.067	0.068	0.008	0.017	0.021	0.028	0.009	0.009	0.137
ASV_130	-0.465	11.754	0.362022794439898	0.594082072143475	NotSig	0.219	0.273	0.048	0.022	0.069	0.042	0.018	0.023	0.009	0.011	0.018	0.022	0.005	0.004	0.614	0.133	0.05	1.458	0.922	0.18	0.464	0.103	0.73	0.533	0.001	0.406	0.908	0.062	0.057	0.053	0.026	0.028	0.128	0.067	0.015	0.033	0.104	0.035	0.26	0.061	0.026	0.034	0.044	0.012	0.002	0.009	0.006	0.002	0.005	0	0.705	0.101	0.082	1.396	1.102	0.964	0.069	0.074	0.42	2.698	0.217	0.351	0.323	0.127	0.218	0.15	0.238	0.033	0.315	0.03	0.188	0.151	0.045	0.008
ASV_220	-0.312	10.955	0.362073688939514	0.594082072143475	NotSig	0.118	0.167	0.014	0.076	0.08	0.05	0.036	0.07	0.045	0.041	0.049	0.033	0.04	0.042	0.303	0.465	0.183	0.15	0.384	0.373	0.185	0.238	0.109	0.106	0.072	0.055	0.095	0.052	0.144	0.046	0.026	0.055	0.165	0.095	0.028	0.065	0.053	0.025	0.051	0.053	0.104	0.672	0.218	0.162	0.077	0.579	0.081	0.056	0.129	0.011	0.338	0.35	0.253	0.266	0.266	0.265	0.391	0.234	0.321	0.263	0.118	0.097	0.052	0.046	0.084	0.125	0.09	0.204	0.058	0.012	0.115	0.153	0.062	0.015
ASV_55	0.362	12.109	0.371140159672719	0.602469110854326	NotSig	0.385	0.293	0.023	0.05	0.476	0.215	0.028	0.062	2.268	0.147	0.71	0.791	0.779	0.036	0.373	0.166	0.21	0.157	0.332	0.158	0.17	0.21	0.799	0.438	0.041	0.103	0.134	0.294	0.029	0.014	0.201	0.467	0.533	2.157	0.129	0.343	0.023	0.024	0.034	0.022	0.262	0.04	0.032	0.257	2.364	0.143	0.102	0.085	0.367	0.106	0.199	0.143	1.008	0.171	0.163	0.067	0.121	0.158	1.511	0.843	0.244	0.042	0.098	0.134	0.221	0.112	0.049	0.014	0.091	0.166	0.525	0.514	0.039	0.593
ASV_63	-0.428	11.996	0.374315128045587	0.602469110854326	NotSig	0.297	0.345	0.136	0.055	0.04	0.387	0.015	0.084	0.014	0.006	0.013	0.014	0.01	0.002	0.043	0.194	0.367	0.032	0.675	0.06	0.167	0.263	0.523	0.077	0.135	0.926	0.886	0.421	0.219	0.065	1.656	0.559	0.092	1.674	0.003	0.087	0.285	0.187	0.145	0.232	0.353	0.005	0.062	0.006	0.007	0.052	0.032	0.009	0.018	0.02	0.096	0.102	0.68	0.063	0.077	0.071	0.829	0.064	0.043	0.064	0.199	0.819	0.247	2.12	0.262	0.233	0.431	0.068	0.064	4.351	0.522	0.284	0.251	0
ASV_35	0.453	12.376	0.379960560271846	0.604995263740053	NotSig	0.531	0.452	4.146	0.175	0.385	0.041	1.504	0.01	0.532	0.049	1.079	0.043	0.115	0.286	0.052	0.008	0.043	0.066	0.053	0.056	0.003	0.077	0.125	5.586	0	0.461	0.055	0.689	0.041	0.004	0.035	0.043	1.006	0.102	0.638	0.231	0.397	0.148	0.611	0.278	0.072	0.572	0.425	0.115	0.371	0.102	0.144	0.036	0.065	0.187	0.03	0.003	0.037	0.029	0.061	0	0.016	0.056	0.069	0.115	5.029	0.03	2.825	0.058	1.925	0.213	2.003	0.022	0.02	0.025	1.231	0.043	0.033	0.018
ASV_93	0.46	12.06	0.38304433858098	0.604995263740053	NotSig	0.331	0.27	0.019	0.2	0.091	0.066	0.013	0.078	0.002	0	0.002	0.004	0.019	0.006	0.118	0.149	0.088	0.17	0.293	3.777	0.331	0.151	0.269	0.604	0.03	0.292	1.993	0.215	0.1	0.222	0.621	0.162	0.293	0.53	0.007	0.037	0.029	0.03	0.007	0.008	0.096	0.017	0.047	0.006	0.016	0	0.002	0	0.014	0.004	0.107	0.14	0.562	0.179	0.136	0.334	0.331	0.158	0.898	1.157	0.27	0.491	0.421	0.555	0.172	0.103	0.564	0.144	0.795	1.276	0.571	0.838	0.002	0.003
ASV_43	0.318	12.733	0.389579716596102	0.609620112080937	NotSig	0.571	0.478	0.16	0.092	0.349	1.011	0.113	0.117	0.08	0.075	0.109	0.092	0.11	0.107	0.491	0.701	4.42	1.083	2.016	1.755	0.828	0.319	0.747	0.28	0.092	0.698	0.583	0.291	0.14	0.373	0.143	0.288	0.774	0.251	0.157	0.949	0.249	0.199	0.069	0.082	0.389	0.034	0.253	0.391	0.102	0.338	0.15	0.096	0.286	0.055	0.635	0.418	1.107	3.168	0.352	0.331	0.389	0.186	0.399	1.199	0.478	0.207	0.433	0.137	0.321	0.363	0.991	0.102	0.616	0.236	0.758	1.758	0.385	0.025
ASV_27	-0.371	12.073	0.398717662930778	0.616450196782587	NotSig	0.28	0.443	0.431	0.401	0.22	0	1.881	0.201	0.239	0.228	0.135	0.061	0.146	0.33	0.069	0.016	0.051	0.01	0.062	0.032	0.047	0.089	0.061	2.13	0.001	0.21	0.077	0.58	0.156	0.202	0.336	0.061	0.232	0.061	0.473	0.271	1.018	0.229	2.947	1.819	0.009	0.883	0.792	0.168	1.18	0.195	1.221	0.177	0.249	0.216	0.07	0.058	0.022	0.005	0.032	0.016	0.031	0.048	0.058	0.065	0.845	0.027	0.482	0.081	2.039	0.307	0.499	0.048	0.177	0.085	0.167	0.031	0.129	0.575
ASV_152	0.321	11.237	0.401239773053755	0.616450196782587	NotSig	0.2	0.166	0.014	0.456	0.603	0.177	0.022	0.039	0.052	0.004	0.224	0.166	0.051	0.019	0.447	0.185	0.118	1.209	0.467	0.257	0.121	0.161	0.385	0.152	0.142	0.406	0.097	0.05	0.123	0.04	0.021	0.023	0.215	0.088	0.078	0.042	0.012	0.019	0.084	0.038	0.074	0.01	0.171	0.087	0.023	0.163	0.006	0.054	0.065	0.033	0.405	0.2	0.138	0.866	0.404	0.195	0.355	0.158	0.312	0.348	0.16	0.047	0.073	0.039	0.174	0.764	0.195	0.183	0.061	0.007	0.307	0.126	0.056	0.022
ASV_90	-0.371	11.412	0.407971119570815	0.621145218085296	NotSig	0.175	0.243	0.09	0.289	0.147	0.05	0.131	0.031	0.797	0.053	0.437	0.765	0.825	0.155	0.116	0.012	0.009	0.032	0.027	0.025	0.077	0.052	0.155	0.078	0.001	0.074	0.004	0.121	0.031	0.032	0.118	0.12	0.036	0.109	0.774	3.417	0.073	0.077	0.035	0.01	0.308	0.39	1.119	0.146	1.423	0.093	0.076	0.159	0.222	0.24	0.024	0.027	0.032	0.049	0.038	0.034	0.031	0.035	0.093	0.071	0.027	0.012	0.11	0.01	0.193	0.125	0.06	0.14	0.023	0.194	0.03	0.036	0.059	0.225
ASV_31	-0.372	12.439	0.414212326651495	0.625016814322346	NotSig	0.308	0.526	0.245	0.441	0.596	0.028	0.865	0.777	0.74	0.976	0.364	0.215	0.848	0.311	0.049	0.657	0.081	0.017	0.114	0.051	0.045	0.049	0.067	0.091	0.116	0.218	0.016	0.154	0.092	0.03	0.06	0.061	0.056	0.065	1.668	0.197	0.507	0.177	5.585	1.28	0.067	0.555	0.573	0.514	1.066	1.644	2.914	1.767	0.72	0.788	0.113	0.211	0.066	0.036	0.033	0.023	0.047	0.13	0.034	0.028	0.127	0.065	0.259	0.064	0.028	0.049	0.129	0.057	0.009	0.041	0.065	0.06	0.341	0.156
ASV_82	0.408	10.663	0.437861092040046	0.649171882763199	NotSig	0.195	0.111	0.125	0.059	0.306	0	0.026	0.049	0.009	0.002	0	0.006	0	0	0.047	0.004	0.086	0.037	0.05	0.012	0.47	0.064	0.05	0.484	0.216	3.008	0.406	0.215	0.08	0.076	0.038	0.375	0.05	0.082	0.003	0.131	0.043	0.148	0.016	0.102	0	0.009	0.018	0	0.002	0	0.013	0.002	0.002	0	0.163	0.098	0.026	0.026	0.017	0.582	0.04	0.057	0.085	0.064	0.714	0.035	0.07	0.397	0.2	0.269	0.242	0.027	0.033	0.166	0.412	0.107	0	0.003
ASV_112	-0.381	10.326	0.437902926834347	0.649171882763199	NotSig	0.092	0.111	0.011	0.354	0.034	0.199	0.017	0	0.071	0.049	0.033	0.018	0.045	0.086	0.024	0.043	0.02	0.251	0.654	0.048	0.003	0.006	0.007	0.034	0.015	0.037	0.057	0.024	0.01	0.011	0	0.006	0.002	0.013	0.85	0.031	0.167	0.019	0.044	0.008	0.019	0.007	0.278	0.087	0.061	1.673	0.049	0.018	0.023	0.011	0.122	0.013	0.021	0.386	0.048	0.003	0.009	0.007	0.017	0.012	0.031	0.102	0.043	0.031	0.007	0.06	0.016	0.008	0.003	0.005	0.091	0.089	0.181	0.513
ASV_23	-0.292	13.463	0.463656307045808	0.676456665001674	NotSig	0.746	0.949	0.178	0.247	0.244	1.475	0.336	0.308	0.305	0.141	0.924	0.785	0.323	0.38	0.139	0.066	0.94	0.071	0.38	0.023	0.093	5.856	0.76	0.358	0.509	0.458	0.146	0.767	0.201	0.341	0.535	0.219	0.249	2.249	4.597	0.229	0.507	1.543	1.424	1.561	3.06	1.036	0.485	1.517	0.525	0.404	4.555	1.982	0.538	2.236	0.184	0.152	0.637	0.105	0.221	0.076	0.106	0.048	1.472	0.099	0.85	0.523	0.516	1.115	0.346	0.82	1.303	0.279	0.113	0.109	0.492	0.434	5.245	0.173
ASV_6	-0.319	14.274	0.464313450533693	0.676456665001674	NotSig	1.367	1.55	0.522	3.677	1.372	1.465	0.17	1.435	0.017	0.009	0.693	0.18	0.179	0.207	0.792	0.191	1.248	7.158	3.97	0.697	4.838	1.487	0.461	0.693	0.216	2.462	2.074	1.174	1.971	1.112	0.422	2.291	0.517	1.372	0.025	1.356	0.849	1.092	0.718	0.749	0.079	0.752	0.516	0.016	0.145	0.035	0.172	0.482	0.148	4.91	0.417	1.519	0.696	1.795	0.31	9.771	4.431	2.654	2.06	0.302	1.311	0.403	1.172	4.353	0.736	0.766	1.205	2.247	0.336	0.248	1.688	9.994	0.014	0.022
ASV_53	0.336	10.277	0.485976022836114	0.701965366318832	NotSig	0.099	0.091	0.765	0.099	0.042	0	0.036	0.004	0.88	0.137	0.246	0.084	0.163	0.086	0.004	0.004	0.085	0.012	0.059	0.007	0.032	0.001	0.004	0.026	0.16	0	0.014	0.064	0.004	0.053	0.12	0.017	0.015	0.027	0.018	0.128	0.175	0.175	0.087	0.032	0.033	0.902	0.023	0.217	0.325	0.186	0.356	0.105	0.074	0.064	0.003	0.01	0.051	0.014	0.026	0.004	0.044	0.003	0.008	0.001	0.003	0.01	0.009	0.007	0.026	0.007	0.027	0.031	0.158	0.037	0.004	0.003	0.14	0.055
ASV_2	-0.259	17.026	0.493231208312189	0.702861301761471	NotSig	8.76	10.301	2.12	9.681	3.955	0.646	1.07	1.869	0.92	0.6	1.13	0.992	2.293	2.693	9.99	1.546	31.642	30.146	7.732	17.625	16.121	29.908	9.087	8.285	2.294	9.855	19.715	12.344	15.179	4.883	9.565	2.037	7.534	15.513	0.122	10.767	2.068	4.455	1.049	2.452	1.163	11.74	2.15	0.832	11.869	6.047	2.628	28.84	21.114	3.717	10.075	14.996	21.567	15.735	2.442	25.894	13.733	7.421	23.135	17.578	4.899	19.831	4.675	15.84	4.445	4.945	10.622	10.095	3.244	25.417	7.449	18.853	7.738	0.228
ASV_4	-0.317	15.513	0.495375404660353	0.702861301761471	NotSig	2.802	3.523	0.604	0.413	0.361	1.362	0.284	1.118	0.237	0.073	0.1	0.669	0.133	0.217	6.078	2.202	1.589	4.607	7.961	26.381	4.176	2.742	1.006	1.428	0.382	1.591	1.028	5.628	0.373	1.186	1.775	6.486	4.779	4.69	0.823	1.307	0.782	0.389	0.393	0.03	1.519	1.116	1	0.16	0.191	0.134	0.102	0.715	0.988	0.108	7.18	0.902	3.531	17.615	1.815	1.823	5.609	28.399	5.949	15.647	3.001	2.622	7.631	5.162	1.586	0.712	3.177	0.318	3.983	0.846	5.652	4.168	1.035	0.088
ASV_49	-0.286	11.493	0.501963058365585	0.702861301761471	NotSig	0.199	0.243	0.05	0.535	0.869	0.011	0.321	0.438	0.043	0.021	0.049	0.006	0	0.021	0.07	0.022	0.102	0.932	0.49	0.029	0.14	0.07	0.071	0.323	0.148	0.162	0.479	0.123	0.48	0.033	0.271	0.067	0.059	0.122	0.005	0.073	0.201	0.138	0.383	0.208	0.024	0.252	0.101	0.034	0.048	0.038	0.261	0.065	0.051	0	0.098	0.145	0.079	0.468	0.02	0.114	0.77	0.434	0.168	0.13	0.661	0.052	0.229	1.504	0.179	0.251	1.055	0.696	0.08	0.104	0.258	0.091	0.002	0.005
ASV_189	-0.203	11.142	0.503232056290757	0.702861301761471	NotSig	0.147	0.197	0.153	0.072	0.119	0.096	0.315	0.144	0.272	0.092	0.062	0.209	0.216	0.067	0.116	0.087	0.257	0.039	0.172	0.182	0.121	0.053	0.145	0.237	0.025	0.148	0.106	0.178	0.082	0.414	0.155	0.125	0.188	0.173	0.021	0.112	0.411	0.067	0.424	0.226	0.103	0.34	0.301	0.065	0.236	0.218	0.67	0.253	0.566	0.147	0.099	0.056	0.467	0.061	0.059	0.02	0.097	0.217	0.115	0.113	0.171	0.052	0.449	0.16	0.137	0.083	0.129	0.05	0.333	0.118	0.267	0.263	0.008	0.006
ASV_50	0.453	13.038	0.508153931775603	0.703918151394073	NotSig	0.642	0.487	0.118	0.008	0.045	0.002	0.003	0.066	0.009	0	0.004	0	0	0.015	0.03	0.001	0.016	0.233	1.998	0.08	0.143	0.175	0.02	0.358	0.898	1.229	0.197	0.497	13.819	0.13	0.509	0.077	0.107	0.387	0.005	0.142	0.172	1.816	0.034	0	0	0	0.023	0.008	0.014	0.3	0.011	0	0	0	0.509	0.009	0.037	1.87	0.016	0.146	1.023	0.133	0.037	0.013	0.014	0.11	0.732	0.264	0.272	0.58	0.322	8.341	0.125	0.488	0.18	1.208	0.002	0.034
ASV_113	-0.327	12.46	0.518244593749213	0.71094127423546	NotSig	0.377	0.426	0.126	0.067	0.071	4.597	0.113	0.15	0.069	0.09	0.313	0.701	0.457	0.487	0.04	0.061	0.791	0.006	0.073	0.01	0.071	0.208	0.197	0.095	0.938	0.125	0.01	0.192	0.033	0.012	0.028	0.056	0.017	0.032	2.192	0.087	0.974	0.195	0.468	0.181	2.937	0.081	0.177	0.599	0.225	0.244	0.994	1.285	0.386	1.221	0.047	0.086	0.086	0.013	0.091	0.025	0.043	0.014	0.117	0.028	0.113	0.035	0.055	0.013	0.023	0.081	0.072	0.048	0.021	0.037	0.162	0.013	0.307	5.045
ASV_79	-0.248	12.189	0.523287784623169	0.71094127423546	NotSig	0.305	0.377	0.03	0.19	0.127	0.195	0.041	0.181	0.054	0.051	0.069	0.035	0.069	0.132	0.225	0.859	0.225	1.664	0.934	0.413	0.839	0.44	0.227	0.547	0.497	0.281	0.813	0.097	0.18	0.094	0.143	0.037	0.153	0.195	0.02	0.056	0.056	0.034	0.44	0.972	0.144	0.028	0.163	0.061	0.141	1.033	0.108	0.146	2.023	0.057	0.367	1.057	0.183	1.128	0.503	0.741	0.324	0.203	0.174	0.942	0.496	0.102	0.247	0.487	0.602	0.394	0.244	0.196	0.064	0.054	0.439	0.248	0.022	0.008
ASV_12	-0.336	14.29	0.528289558009096	0.71094127423546	NotSig	1.439	1.623	0.095	0.193	0.095	3.424	0.024	0.111	0.118	0.077	0.124	0.01	0.006	0.098	0.238	0.048	0.15	0.566	1.002	0.222	0.556	1.701	0.343	10.752	3.691	2.883	4.282	0.919	1.383	2.463	0.774	3.863	6.308	0.964	0.008	0.147	0.043	0.024	0.166	0.147	0.116	0.483	0.124	0.126	0.077	1.86	0.114	0.204	0.002	0.004	0.058	0.262	0.382	0.179	0.106	0.351	6.083	1.918	5.902	0.21	4.683	0.889	1.245	4.752	0.172	0.338	0.733	3.662	19.814	4.313	3.013	0.548	0.012	0.017
ASV_78	0.292	11.951	0.530132894564495	0.71094127423546	NotSig	0.355	0.288	0.055	0.683	1.743	2.513	0.078	0.043	0.014	0.009	0.011	0.067	0.006	0.008	0.203	0.036	0.03	1.593	0.462	0.059	0.09	0.075	0.077	0.636	0.86	0.192	0.234	0.985	0.742	0.053	0.069	0.014	0.013	0.031	0.017	0.059	0.203	0.264	0.132	0.035	0.074	0.571	0.067	0.03	0.02	0.003	0.089	0.027	0.042	0.004	0.313	0.627	0.116	0.299	0.187	0.088	1.192	0.183	0.118	0.045	1.077	0.055	0.113	0.125	0.376	1.927	0.544	1.391	0.053	0.057	0.496	0.063	0.156	0.002
ASV_131	0.513	8.213	0.534257643952091	0.71094127423546	NotSig	0.022	0.018	0	0.003	0	0	0	0.008	0	0	0	0	0	0	0.001	0	0.074	0	0.007	0.001	0.255	0.041	0.053	0.061	0	0	0	0.005	0	0.101	0.064	0	0.067	0.001	0	0.002	0	0	0	0.005	0	0	0	0	0	0	0	0	0	0	0	0.016	0.001	0.001	0.001	0.071	0.012	0.006	0.058	0.021	0.042	0	0.003	0.007	0.223	0.173	0.002	0.001	0.05	0.006	0.003	0	0	0
ASV_62	0.314	11.594	0.541042409622803	0.714345056455107	NotSig	0.239	0.221	0.431	0.097	0.079	0.131	0.892	0.086	0.622	0.126	0.415	1.544	1.347	0.915	0	0.018	0.041	0.001	0.039	0	0.011	0.013	0.057	0.596	0.028	0.022	0.006	0.002	0.043	0.008	0.124	0.008	0.01	0.051	0.119	0.126	0.192	0.037	0.141	0.102	0.301	0.555	1.319	1.207	0.521	0.535	0.348	0.475	0.337	0.817	0.003	0.015	0.003	0.009	0.064	0.01	0.012	0.02	0.018	0.017	0.303	0.005	0.034	0.028	0.163	0.269	0.021	0.015	0.01	0.07	0.099	0.013	0.072	0.322
ASV_30	0.303	12.767	0.565859917974965	0.741320357657125	NotSig	0.567	0.47	0.117	0.265	0.104	0.057	0.102	0.65	0.005	0.002	0.011	0	0.003	0	1.055	0.014	0.081	0.098	0.668	0.07	0.978	0.034	0.032	0.338	0.835	2.1	0.943	0.239	4.377	1.069	1.226	0.134	1.993	1.087	0.036	0.17	0.15	1.092	0.74	0.146	0.036	0.231	0.107	0.004	0.018	0.009	0.028	0.036	0.088	0	0.316	0.204	0.114	4.167	0.055	0.21	1.416	0.165	0.071	0.019	0.247	0.07	0.336	2.301	0.555	1.071	0.316	1.822	0.39	0.657	0.187	0.774	0.003	0.003
ASV_25	-0.218	13.223	0.588739473832714	0.765361315982528	NotSig	0.649	0.774	0.207	0.042	0.552	0.094	0.091	0.423	0.324	0.181	0.311	0.337	0.566	0.098	0.948	0.135	0.103	0.503	0.97	0.329	0.282	0.539	3.978	1.188	0.009	1.299	1.158	0.788	0.189	1.635	0.251	1.005	1.167	1.228	0.474	2.123	0.172	0.172	0.079	0.016	0.072	0.874	0.281	0.405	0.43	0.189	0.038	0.087	0.15	0.084	0.551	0.096	1.735	0.434	0.24	0.293	0.358	0.099	2.172	4.134	0.566	1.701	2.063	0.275	0.469	0.415	0.575	0.247	5.66	0.181	0.638	1.603	0.307	0.205
ASV_166	0.393	8.767	0.594110189889639	0.766447496880527	NotSig	0.038	0.029	0	0.042	0.027	0	0	0.016	0.002	0	0.007	0	0	0	0.004	0.006	0.024	0	0.002	0.004	0.012	0.006	0	0	0	0.299	0.201	0.057	0.006	0.213	0.014	0.116	0.157	0.028	0	0	0	0	0.001	0.002	0	0.003	0	0.004	0	0.003	0	0	0	0.002	0.003	0.01	0.343	0.003	0	0.039	0.01	0.011	0	0	0	0.112	0.354	0.105	0	0	0.018	0.012	0.057	0.009	0.017	0.023	0	0.003
ASV_870	0.225	9.926	0.610059427079117	0.776542004701691	NotSig	0.076	0.06	0.012	0.003	0.019	0.024	0.007	0.062	0.017	0.004	0.002	0.104	0.112	0.01	0.591	0.07	0.061	0.143	0.291	0.121	0.131	0.029	0.085	0.086	0.007	0.066	0.002	0.014	0	0.019	0.025	0.039	0.027	0.07	0.241	0.033	0.025	0.024	0.031	0.026	0.06	0.021	0.017	0.016	0.034	0.012	0.002	0.027	0.055	0.004	0.255	0.022	0.092	0.106	0.084	0.029	0.138	0.544	0.051	0.217	0.073	0.012	0.095	0.006	0.009	0.018	0.002	0.007	0.098	0.01	0.033	0.023	0.017	0.003
ASV_109	-0.255	9.483	0.611124772930917	0.776542004701691	NotSig	0.048	0.051	0.009	0.022	0.59	0.009	0.026	0.014	0.005	0.021	0.073	0.114	0.11	0.186	0.004	0.001	0.001	0.001	0.009	0	0.006	0.081	0.024	0.009	0.003	0.018	0.002	0.033	0.029	0.004	0.095	0.041	0.002	0.011	0.041	0.007	0.029	0.012	0.078	0.078	0.065	0.048	0.003	0.016	0.043	0.038	0.187	0.222	0.072	0.467	0.003	0.007	0.01	0	0.006	0.006	0.119	0.059	0.039	0	0.01	0	0.027	0.003	0.012	0.002	0.016	0.162	0.01	0.06	0.013	0.007	0.042	0.008
ASV_7	0.218	14.701	0.65653055025848	0.818159098862828	NotSig	1.774	1.792	0.259	1.072	1.252	0.094	3.203	15.375	1.303	1.285	3.437	2.701	5.303	12.042	0.288	0.106	0.917	0.108	0.217	0.1	0.307	0.697	0.343	0.332	4.487	0.177	0.069	0.914	0.139	0.089	0.555	0.183	0.307	0.22	0.665	0.61	0.314	0.226	6.909	1.495	0.154	3.035	5.474	2.296	1.3	1.935	2.192	7.999	2.076	19.546	0.641	0.662	0.145	0.139	0.038	0.295	0.33	0.113	0.764	0.132	0.321	0.234	0.284	0.043	0.804	0.419	0.353	0.526	0.06	0.272	1.035	0.36	0.672	5.666
ASV_128	-0.471	11.35	0.657615051822031	0.818159098862828	NotSig	0.186	0.207	0	0	0	0	0	0.01	0	0.023	0	0.004	0.011	0.004	0.001	0	0.003	0	0	0	0	0.006	0.006	0.281	0	0.192	0.585	0.324	0.183	0.132	3.946	0	0.002	0.415	0	0	0	0	0	0	0	0	0	0	0	0	0	0.013	0.002	0.009	0	0	0	0	0	0	0	0.003	0.009	0.007	0.14	0.077	0.168	1.148	0	0.002	0.298	0.136	0.118	5.763	0.003	0.164	0	0
ASV_84	0.237	10.81	0.658400221570086	0.818159098862828	NotSig	0.144	0.135	0.202	0.003	0.01	0.002	0.033	0.152	0	0.006	0	0.184	0.008	0.021	0.071	0.027	0.125	0.053	0.359	0.005	0.167	0.021	0.074	0.758	0	0.004	0.055	0.22	0.121	1.079	0.302	0.045	0.157	0.481	0.013	0.114	0.184	0.131	0	0	0	0.053	0.086	0.045	0.007	0	0.002	0.004	0.009	0.002	0.237	0.009	0.032	0.072	0.152	0.063	0.009	0.052	0.039	0.036	0.468	0.01	0.043	0.043	0.123	0.125	0.564	0.057	1.284	0.106	0.112	0.968	0.002	0.006
ASV_39	0.176	11.267	0.666545905526117	0.82223546010156	NotSig	0.209	0.194	0.223	0.46	0.317	0.046	0.522	0.514	0.397	0.038	0.124	0.025	0.12	0.021	0.011	0.08	0.238	0.02	0.13	0.018	0.224	0.103	0.025	0.071	0.005	0.096	0.079	0.298	0.012	0.007	0.576	0.063	0.084	1.864	0.088	0.056	0.101	0.049	0.771	1.171	0.142	0.659	0.064	0.059	0.816	0.084	0.375	0.031	0.055	0.007	0.015	0.126	0.092	0.027	0.049	0.028	0.068	0.063	0.054	0.013	0.244	0.645	0.101	0.061	0.151	0.103	0.06	0.019	0.009	0.111	0.461	0.261	0.023	0.358
ASV_83	0.207	11.728	0.675529237451679	0.827278558908216	NotSig	0.283	0.29	0.196	0.022	0.083	0.018	0.054	0.22	0.028	0.011	0.007	0.053	0.002	0	1.159	0.048	0.183	0.059	0.27	0.008	0.163	0.024	1.623	0.101	0.005	0.609	0.144	1.023	0.033	0.597	0.242	0.432	0.119	1.803	0.002	0.204	0.232	0.431	0.097	0.71	0.012	0.224	1.343	0.059	0.014	0.017	0.017	0.099	0.002	0	0.595	0.044	0.586	0.069	0.038	0.044	0.032	0.01	0.126	0.066	0.071	0.702	2.627	0.149	0.153	0.168	0.363	0.027	0.435	0.085	0.753	0.7	0.003	0
ASV_3	-0.187	15.22	0.686444363088691	0.83459782274812	NotSig	2.513	3.321	2.402	1.477	1.778	0.199	1.207	2.685	2.003	1.719	1.78	0.376	0.342	0.232	0.172	0.054	1.026	0.084	0.288	0.096	1.014	0.661	0.173	1.981	5.222	3.108	0.81	3.419	1.028	15.157	7.906	13.271	9.538	1.648	0.063	23.651	2.299	11.793	1.836	7.42	0.759	0.874	7.772	4.266	1.764	10.642	17.217	2.022	0.289	0.183	0.797	0.135	0.867	0.08	0.055	0.385	0.281	0.215	0.393	0.075	2.111	9.851	0.677	0.566	0.413	0.607	2.233	0.624	6.946	5.497	1.892	1.114	0.903	0.017
ASV_88	-0.264	12.253	0.693867440805479	0.837597124972329	NotSig	0.284	0.305	0.188	0.057	0.027	0.031	0.344	0.236	1.171	0.339	2.113	0.81	2.34	0.698	0.004	0.001	0.011	0.004	0.005	0.001	0.018	0.004	0.007	0.014	0.418	0.011	0.006	0.007	0.004	0.022	0.017	0.015	0.004	0.003	0.43	0.014	0.003	0.003	0.035	0.01	0.144	0.036	0.053	0.267	0.291	0.218	0.11	0.054	0.051	0.196	0.004	0.003	0.009	0.017	0.095	0.001	0.026	0.004	0.018	0.001	0.001	0	0.021	0.003	0.051	0.018	0.016	0.05	0.017	0.001	0.003	0.009	0.062	9.97
ASV_14	0.192	13.835	0.701741097810164	0.837844898221718	NotSig	1.05	0.993	3.026	0.641	0.317	1.368	5.361	1.155	1.164	1.179	0.864	6.643	5.122	3.698	0.072	0.105	0.145	0.062	0.217	0.01	0.072	0.186	0.374	0.682	0.289	0.107	0.004	0.357	0.105	0.1	0.12	0.123	0.033	0.037	0.904	0.542	0.504	0.183	1.368	0.403	2.639	2.054	2.274	3.56	1.13	2.107	1.007	1.238	0.677	4.019	0.088	0.117	0.031	0.121	0.065	0.041	0.072	0.028	0.198	0.032	0.493	0.037	0.195	0.021	0.262	0.141	1.432	0.126	0.081	0.068	0.212	0.036	0.603	10.512
ASV_177	0.208	9.97	0.703988020991029	0.837844898221718	NotSig	0.095	0.076	0.025	0.062	0.016	0.004	0.013	0	0.033	0.009	0.033	0.09	0.013	0.019	0.012	0.006	0.004	0.019	0.053	0.004	0.008	0	0.006	0.002	0	0.026	0.073	1.248	0.012	0.025	0.094	0.03	0.981	0.218	0	0.007	0.043	0.209	0.048	0.046	0.005	0.229	0.003	0.462	0.055	0.015	0.03	0.096	0.032	0.128	0.009	0.004	0	0.024	0	0.003	0.003	0	0	0.003	0.001	0.259	0.021	0.058	0.137	0.117	0.593	0.008	0.034	0.111	0.019	0.056	0.083	0.003
ASV_47	-0.219	11.777	0.714023550852444	0.843846014643798	NotSig	0.266	0.291	0.022	0.01	0.035	0.16	0	0.031	0	0.002	0.013	0	0	0.002	0.292	0.216	0.201	0.197	0.572	0.272	0.277	0.084	0.691	0.496	0.015	0.727	2.098	0.137	0.045	0.051	0.087	1.781	0.134	0.129	0	0.016	0.014	0.05	0.004	0	0.058	0.003	0.003	0	0.002	0.006	0.004	0.011	0	0	0.911	2.054	0.63	0.322	0.12	0.076	0.097	0.049	0.25	1.457	0.745	0.09	0.25	0.745	0.267	0.166	0.298	0.024	0.208	0.047	2.249	0.13	0.003	0.002
ASV_127	-0.272	11.495	0.720882256490925	0.8460354260206	NotSig	0.157	0.269	0.184	0.032	0.048	1.302	0.462	0.086	0.194	0.801	0.402	1.382	0	0.13	0.002	0.003	0.045	0.001	0	0.001	0.005	0.004	0	0	0.001	0	0	0.009	0.002	0.028	0.006	0.01	0.013	0.003	0.021	0.089	0.107	0.052	0.094	0.029	2.033	0.112	0.142	5.684	0.468	1.007	0.492	0.052	0	0.004	0.003	0	0.032	0	0.001	0	0.006	0.006	0	0	0.008	0.007	0	0.001	0.002	0	0.008	0.004	0.027	0.004	0.001	0	0.012	0.012
ASV_207	0.256	10.667	0.725969231289928	0.846129655779295	NotSig	0.132	0.103	0	0.005	0	0.002	0.001	0	0.158	0.062	0.062	2.781	0.755	0.107	0.048	0.004	0.006	0.001	0.009	0.001	0.056	0.003	0.003	0.006	0	0.007	0	0.005	0.01	0.036	0.081	0.001	0.004	0.004	0.126	0.009	0.005	0	0.001	0	0.007	0.005	0.005	0.292	2.292	0.044	0.045	0.117	0.506	0.169	0	0.004	0	0	0.019	0.026	0.001	0.01	0	0.015	0.004	0	0	0.003	0.114	0.103	0.01	0.018	0.004	0.08	0	0	0.012	0.092
ASV_176	0.189	9.865	0.743856565044568	0.857567805730224	NotSig	0.063	0.057	0	0.064	0.003	0.004	0.005	0.006	0.038	0.271	0.007	0.176	0.181	0.104	0.105	0.017	0.003	0	0.005	0.018	0.03	0.004	0.053	0.017	0	0.066	0.008	0.007	0.031	0	0	0.011	0.029	0.02	0.787	0	0	0.002	0.046	0.002	0.027	0	0.008	0.018	0.296	0.044	0.002	0.105	0.134	0.101	0.025	0.001	0.006	0	0.035	0.012	0.001	0.021	0.014	0.522	0.008	0.1	0.235	0.004	0.107	0.016	0.047	0.023	0.003	0.002	0.006	0.006	0.125	0.133
ASV_1	-0.115	16.798	0.75159908607038	0.857567805730224	NotSig	7.906	8.899	1.006	7.501	9.457	7.031	1.644	3.9	0.984	0.506	1.412	1.779	1.259	0.623	17.091	32.834	21.85	4.018	12.816	7.9	27.951	9.092	6.758	7.807	5.093	5.662	3.624	9.593	13.65	5.803	2.077	2.224	23.263	4.207	0.501	5.398	1.445	3.533	3.433	9.738	9.472	3.86	24.005	7.176	1.535	9.108	2.813	2.383	6.424	0.605	8.341	35.115	4.912	16.357	10.502	24.428	12.358	20.43	5.382	6.593	13.547	4.582	3.015	2.059	8.854	12.753	13.729	8.899	2.473	1.369	20.715	18.259	1.294	0.174
ASV_137	-0.169	9.779	0.755472086769492	0.857567805730224	NotSig	0.041	0.075	0.008	0.002	0.01	0.002	0.008	0.07	0.092	0.299	0.06	0.031	0.125	0.071	0.019	0.01	0.014	0.108	0.055	0.204	0.014	0.013	0.004	0.012	0.049	0.018	0.024	0.019	0	0.001	0.002	0.011	0.006	0.003	0.002	0.009	0.015	0	0.012	0.002	0.022	0.005	0.062	0.128	0.109	1.699	0.091	0.052	0.074	0.046	0.01	0.001	0.009	0.079	0.055	0.006	0.015	0.022	0.113	0.036	0.018	0	0.009	0.009	0.009	0.065	0.002	0.02	0	0.007	0.058	0.029	0	0.009
ASV_44	-0.137	12.572	0.756080491442624	0.857567805730224	NotSig	0.523	0.508	0.701	0.975	0.117	0.077	0.239	0.006	0.071	0.038	0.071	0.1	0.082	0.008	0.258	0.065	0.14	2.388	0.483	0.084	0.172	1.045	0.127	0.103	0.089	5.33	0.357	1.965	0.273	0.143	0.777	0.058	0.753	0.113	0.038	1.042	0.242	0.879	0.037	0.034	0.014	0.422	0.355	0.761	0.127	0.081	0.074	0.02	0.021	0.031	0.036	1.187	0.312	0.135	1.299	0.172	0.084	0.064	2.647	0.14	0.095	1.713	0.513	0.111	0.513	3.464	0.843	0.14	0.117	0.926	0.067	0.65	0.012	0.447
ASV_51	0.129	12.575	0.779806420204559	0.87851542418297	NotSig	0.428	0.419	2.72	0.173	0.281	0.015	0.17	2.843	0.447	0.032	0.477	0.325	0.432	2.133	0.037	0.181	0.047	0.056	0.094	0.054	0.05	0.066	0.054	0.058	2.24	0.155	0.148	0.185	0.103	0.035	0.196	0.043	0.036	0.058	0.169	0.241	0.332	0.232	0.349	1.027	0.01	0.183	0.422	0.024	0.275	0.09	0.504	2.343	0.42	4.239	0.157	0.12	0.034	0.092	0.777	0.057	0.182	0.085	0.198	0.074	0.034	0.057	0.223	0.103	0.676	1.369	0.158	0.414	0.033	0.132	0.157	0.111	0.073	0.345
ASV_121	-0.124	10.665	0.789630967635816	0.87851542418297	NotSig	0.125	0.12	0.062	0.002	0.16	0.006	0.003	0.025	0.021	0.006	0.02	0.012	0.014	0.002	0.084	0.041	0.099	0.18	0.069	0.11	0.059	0.052	0.04	0.603	0.093	0.602	0.376	0.116	0.045	0.423	0.097	0.235	0.138	0.184	0.139	0.009	0.005	0.15	0.009	0.002	0.002	0.003	0.008	0.004	0	0.006	0.013	0.121	0.005	0.004	0.539	0.038	0.24	0.102	0.11	0.026	0.062	0.078	0.158	1.224	0.125	0.129	0.223	0.261	0.063	0.114	0.109	0.052	0.365	0.032	0.109	0.173	0.012	0.003
ASV_95	0.142	10.938	0.79014405015273	0.87851542418297	NotSig	0.128	0.136	0.036	0.015	0.002	0.015	0	0.033	0.026	0.013	0.004	0	0	0	0.363	0.119	0.088	0.071	0.204	0.963	0.096	0.321	0.064	0.092	0.007	0.159	0.609	0.062	0.379	0.409	0.049	0.003	0.025	0.009	0.002	0.063	0.039	0.037	0.007	0.037	0.007	0.005	0.021	0.002	0.014	0.009	0.004	0.007	0.021	0.002	0.273	0.104	0.226	0.01	0.055	0.077	1.16	0.063	0.846	0.077	0.06	0.167	0.235	0.318	0.042	0.06	0.045	0.685	0.442	0.023	0.023	0.023	0.012	0.015
ASV_29	-0.094	12.43	0.806694121467923	0.888025998935568	NotSig	0.37	0.463	0.366	0.181	0.721	0.122	1.071	0.983	1.32	0.07	0.233	0.09	0.216	1.582	0.045	0.089	0.079	0.128	0.172	0.052	0.042	0.105	0.031	0.155	1.25	0.317	0.341	0.286	0.267	0.295	0.854	0.314	0.1	0.107	0.218	0.073	0.166	2.181	1.032	0.504	0.423	1.181	0.091	0.144	0.466	0.119	2.796	0.186	0.208	0.341	0.258	0.123	0.085	0.18	2.863	0.044	0.149	0.049	0.158	0.11	0.371	0.144	0.177	0.231	0.265	1.288	0.117	0.307	0.275	0.168	0.245	0.066	0.137	0.334
ASV_143	0.126	11.021	0.809207123290399	0.888025998935568	NotSig	0.17	0.151	0.142	0.02	0.098	0.002	0.053	0.099	0.005	0.004	0.002	0.027	0.002	0	0.034	0.053	0.119	0.019	0.087	0.21	0.282	0.008	0.007	0.015	0.001	0.033	0.014	0.89	0.053	0.479	0.09	1.95	0.466	0.321	0.036	0.143	0.081	0.012	0.048	0.44	0.01	0.24	0.094	0.01	0.009	0.003	0.006	0.054	0.014	0	0.153	0.03	0.508	0.027	0.02	0.102	0.097	0.024	0.012	0.009	0.024	0.665	0.314	0.019	0.072	0.011	0.189	0.022	2.209	0.031	0.028	0.117	0.034	0.006
ASV_151	0.107	10.41	0.822115414328756	0.896371000139095	NotSig	0.103	0.112	0.025	0.101	0.053	0	0.018	0.111	0.005	0	0.002	0.022	0.008	0.015	0.013	0.874	0.05	0.004	0.199	0.016	0.018	0.017	0.523	0.341	0.005	0.177	0.032	0.201	0.029	0.012	0.365	0.008	0.021	0.123	0.002	0.224	0.175	0.013	0.129	0.469	0.021	0.166	0.08	0.008	0.014	0.003	0.045	0.022	0.185	0.007	0.74	0.099	0.104	0.047	0.033	0.007	0.019	0.013	0.013	0.068	0.143	0.062	0.027	0.033	0.074	0.047	0.066	0.004	0.038	0.794	0.303	0.04	0.031	0
ASV_101	0.177	8.989	0.847583896504085	0.918215887879426	NotSig	0.036	0.038	0	0.002	0	0	0	0.52	0.031	0	0.002	0.008	0.003	0.006	0	0	0	0.001	0.011	0.003	0.005	0	0	0.002	0	0	0.189	0	0	0	0.052	0.001	0	0.34	0	0	0	0	0.004	0	0	0	0.002	0	0	0	0	0.175	0.009	0.009	0.001	0.004	0.003	0.003	0	0.001	0.001	0.01	0	0	0.011	0	0.006	0.025	0.423	0.426	0	0	0	0.158	0.007	0.194	0	0
ASV_122	0.105	10.59	0.856674008555222	0.922152276725048	NotSig	0.113	0.128	0.016	0.003	0	0.313	0.038	0.021	0.944	0.111	0.397	1.11	0.144	0.159	0.052	0.016	0.003	0.009	0.009	0.003	0.02	0.004	0.017	0	0.015	0.018	0	0.085	0.014	0.021	0.026	0.021	0.094	0.004	0.03	0.257	0.11	0.02	0.066	0	0.937	0	0.033	0.225	0.45	0.393	0.04	0.07	0.028	0.121	0.003	0.009	0.006	0.005	0.048	0.007	0.01	0.003	0.025	0.001	0.001	0.04	0	0	0.202	0.114	1.685	0.004	0.006	0.018	0.001	0.001	0.044	0.015
ASV_67	0.118	12.379	0.864725065627771	0.924927443614515	NotSig	0.324	0.329	0	0.032	0.181	0	0.021	0.014	0.002	0	0.215	0.64	0.545	7.53	0.01	0.031	0.014	0.022	0.016	0.026	0.057	0.011	0.033	0.048	0.043	0.196	0.018	0.047	0.384	0.022	0.182	0.025	0.086	0.016	0.233	0	0	0	0.095	0.053	0	0.01	0.002	0.002	0	0.003	1.223	0.48	0.623	6.246	0.007	0.447	0.01	0.003	0.017	0.051	0.246	0.148	0.031	0.038	0.042	0	0.461	0.013	0.049	0.022	0.078	2.125	0.01	0.11	0.019	0.126	0.014	0.032
ASV_10	0.114	6.408	0.882807405597217	0.938329883936665	NotSig	0.004	0.004	0.031	0.002	0	0.053	0	0	0.005	0	0.002	0	0.005	0	0	0	0	0	0.002	0.003	0	0	0	0	0	0.007	0	0	0	0.004	0.002	0	0.002	0.003	0	0	0.017	0	0.059	0.005	0.009	0.003	0	0.004	0.007	0.017	0.006	0	0	0.002	0.004	0	0	0	0	0	0	0	0	0	0	0	0	0.001	0	0	0	0	0	0	0.032	0	0	0
ASV_15	-0.072	13.797	0.891097738311617	0.939191400695218	NotSig	0.942	1.021	0.318	0.315	0.248	0.852	2.199	1.141	5.774	1.236	1.13	3.711	5.997	2.61	0.046	0.018	0.574	0.009	0.103	0.011	0.065	0.144	0.262	1.821	0.528	0.188	0.022	0.052	0.084	0.091	0.156	0.032	0.063	0.073	1.207	0.177	0.205	0.082	1.317	0.182	1.608	0.95	2.084	4.191	2.835	3.297	1.034	1.538	2.346	2.194	0.082	0.075	0.167	0.068	0.059	0.026	0.057	0.018	0.169	0.034	0.892	0.012	0.159	0.012	0.163	0.222	0.051	0.061	0.054	0.255	0.293	0.029	0.45	12.381
ASV_141	0.059	10.571	0.896732063790923	0.939191400695218	NotSig	0.115	0.125	0.039	0.008	0.037	0.07	0.018	0.027	0	0.002	0.009	0.025	0.01	0.006	0.019	0.047	0.22	0.052	0.286	0.015	0.033	0.211	1.039	0.274	0.078	0.103	0.049	0.218	0.037	0.233	0.106	0.025	0.069	0.382	0.033	0.037	0.037	0.039	0.035	0.034	0.14	0.021	0.011	0.04	0.039	0.009	0.036	0.02	0.021	0.011	0.079	0.041	2.288	0.05	0.033	0.022	0.041	0.006	0.255	0.016	0.238	0.012	0.058	0.04	0.046	0.069	0.076	0.046	0.409	0.231	0.072	0.201	0.017	0
ASV_69	-0.063	11.37	0.900289981731511	0.939191400695218	NotSig	0.161	0.219	0.086	0.337	0.098	0.204	0.491	0.016	0.054	0.401	0.171	0.568	0.929	1.032	0.057	0.005	0.03	0.048	0.124	0.003	0.02	0.034	0.025	0.018	0.171	0.011	0	0.192	0.012	0.017	0.014	0.012	0.029	0.008	0.102	0.274	0.141	0.045	0.578	0.117	0.617	0.364	2.867	0.279	0.239	0.247	0.521	0.276	0.189	0.832	0.042	0.024	0.016	0.07	0.056	0.018	0.004	0.004	0.035	0.003	0.043	0.007	0.021	0	0.084	0.049	0.096	0.035	0.019	0.021	0.036	0.004	0.207	0.065
ASV_140	0.048	9.468	0.920033039939891	0.949674408252299	NotSig	0.057	0.063	0.086	0	0.021	0	0.005	0.01	0.045	0.009	0.009	0.006	0.008	0.161	0.199	0.014	0.062	0.065	0.288	0.03	0.19	0.027	0.025	0.058	0.001	0.155	0.073	0.159	0.008	0.007	0.008	0.007	0.088	0.06	0	0.037	0.051	0.071	0.004	0	0.003	0.003	0.044	0.008	0	0.009	0.011	0.02	0.009	0.002	0.674	0.016	0.025	0.102	0.104	0.048	0.024	0.015	0.009	0.011	0.008	0.052	0.555	0.037	0.123	0.043	0.285	0	0.014	0.017	0.004	0.016	0.006	0
ASV_75	-0.042	12.154	0.921577532268503	0.949674408252299	NotSig	0.329	0.346	0.086	0.188	0.014	0.081	0.241	0.175	0.017	0.019	0.031	0.014	0.042	0.027	0.014	0.082	0.118	0.063	0.275	0.026	0.28	0.168	0.13	1.057	0.314	0.808	0.288	0.921	2.687	0.745	0.63	0.074	1.077	0.148	0.01	0.407	0.07	0.485	0.257	0.309	0.072	0.088	0.116	0.036	0.366	0.047	0.061	0.202	1.048	0.029	0.028	1.226	0.051	0.072	0.098	0.108	0.169	0.311	0.138	0.234	1.229	0.573	0.214	1.681	0.334	1.306	0.493	0.556	0.171	0.152	0.244	0.443	0.078	0.005
ASV_199	0.055	7.67	0.928913849035228	0.951432972648204	NotSig	0.013	0.01	0	0.005	0.002	0	0	0	0.002	0.002	0.018	0.012	0	0	0.006	0	0.02	0.071	0	0.001	0.02	0.006	0.003	0.012	0.025	0.022	0.008	0	0.008	0.003	0.009	0	0.05	0.009	0.101	0.002	0	0	0	0	0	0	0.008	0.002	0	0	0	0	0	0	0.004	0.019	0.004	0.064	0.003	0.007	0.018	0.007	0.008	0.008	0.025	0	0.021	0	0	0.004	0.008	0.11	0.009	0.004	0.004	0.004	0	0.065
ASV_407	0.056	8.479	0.939114744656128	0.956086697872805	NotSig	0.027	0.023	0.002	0	0.008	0	0	0.016	0.002	0	0	0	0.005	0.002	0.001	0.051	0.007	0	0	0.005	0	0	0.003	0.008	0.006	0.004	0.018	0.014	0.01	0.008	0.609	0	0.002	0.069	0.028	0	0	0	0.003	0.005	0	0	0	0	0	0	0	0	0	0.002	0.001	0.071	0.003	0	0.001	0.006	0.003	0.018	0.001	0.009	0.052	0	0.009	0.063	0.002	0	0.027	0.008	0.007	0.36	0.004	0.206	0.016	0.002
ASV_42	-0.013	11.968	0.974049797560552	0.98060587442169	NotSig	0.337	0.332	0.017	0.406	1.141	0.858	0.113	0.127	0.4	0.041	0.147	0.065	0.083	0.088	0.456	0.036	0.072	0.56	1.368	0.06	0.42	0.024	0.042	0.158	0.236	0.351	0.158	1.226	0.515	0.144	0.256	0.15	1.203	0.189	0.007	0.014	0.015	0.015	0.092	0.09	0.039	0.238	0.029	0.041	0.027	0.381	0.081	0.195	0.065	0.68	0.325	0.455	0.06	0.415	0.088	0.136	0.556	0.169	0.09	0.179	0.038	0.107	0.308	0.257	1.398	1.799	2.896	0.946	0.161	0.282	0.155	0.093	0.014	0.002
ASV_64	-0.024	8.453	0.977243710384958	0.98060587442169	NotSig	0.025	0.026	0.005	0.06	0	0.453	0.001	0.033	0.002	0.002	0.004	0	0	0	0.002	0.005	0.001	0.001	0.002	0	0	0	0	0	0	0.026	0.209	0	0	0	0.006	0	0	0.015	0	0.007	0.073	0.086	0.028	0.002	0.468	0	0.051	0	0.005	0.009	0	0.002	0	0.002	0.007	0.004	0	0	0.001	0.001	0.001	0	0	0.001	0	0.007	0.043	0.173	0	0	0	0	0	0.006	0.001	0.016	0	0
ASV_147	0.012	10.747	0.98060587442169	0.98060587442169	NotSig	0.129	0.136	0.008	0.02	0.058	0.024	0.011	0.086	0.002	0.011	0.007	0.002	0.011	0	0.012	0.439	0.033	0.003	0.165	0.019	0.039	0.028	1.209	0.138	0.02	0.539	0.053	0.298	0.14	0.066	0.481	0.099	0.033	0.209	0.002	0.007	0.054	0.025	0.208	0.08	0.026	0.086	0.021	0.006	0.075	0.012	0.051	0.011	0.072	0.004	0.013	0.077	0.013	0.023	0.017	0.007	0.009	0.008	0.014	0.044	0.137	0.042	0.436	0.093	0.137	0.179	0.099	0.046	0.058	2.277	0.737	0.089	0.005	0
