ID	log2FC	log2CPM	PValue	FDR	level	MeanA	MeanB	HS03P003	HS03P004	HS03P005	HS03P010	HS03P011	HS03P012	HS03P014	HS03P019	HS03P024	HS03P025	HS03P026	HS03P029	HS03P031	HS03P034	HS03P035	HS03P040	HS03P041	HS03P042	HS03P044	HS03P045	HS03P046	HS03P047	HS03P048	HS03P050	HS03P051	HS03P055	HS03P056	HS03P057	HS03P058	HS03P059	HS03P061	HS03P063	HS03P064	HS03P066	HS03P067	HS03P068	HS03P071	HS03P072	HS03P073	HS03P074	HS03P075	HS03P077	HS10P003	HS07P004	HS07P010	HS07P011	HS07P012	HS07P014	HS07P019	HS07P024	HS07P025	HS07P026	HS07P029	HS07P031	HS07P034	HS07P035	HS07P036	HS07P040	HS07P041	HS07P042	HS07P045	HS07P046	HS07P047	HS07P048	HS07P050	HS07P051	HS07P055	HS07P056	HS07P057	HS07P058	HS07P059	HS07P061	HS07P063	HS07P064	HS07P066	HS07P068	HS07P071	HS07P072	HS07P073	HS07P074	HS07P075	HS07P077
ASV_122	-2.888	12.289	1.28705247279584e-07	1.30681798353923e-05	Depleted	0.101	0.539	0.078	0.041	0.031	0.003	0.038	0.092	0.045	0.005	0.008	0.196	0.053	0.054	0.102	0.052	0.06	0.039	0.055	0.141	0.013	0.002	0.009	0.042	0.169	0.249	0.046	0.013	0.045	0.002	0.03	0.004	0.022	0.062	0.168	0.098	0.001	0.157	1.365	0.015	0.471	0.041	0.018	0.091	0.021	0.008	0.008	0.17	0.101	0.006	0.038	0.041	0.05	0.081	0.149	0.056	0.039	0.073	0.077	0.044	0.027	0.036	0.009	0.01	0.965	0.061	0.139	0.033	0.003	0.735	0.019	0.283	13.735	0.06	0.051	2.491	0.034	0.877	0.068	0.063	0.809	0.025	0.032	0.017
ASV_53	-3.465	12.342	1.54653015803459e-07	1.30681798353923e-05	Depleted	0.083	0.508	0.023	0.024	0.165	0.006	0.02	0.003	0.072	0.197	0.197	0.067	0.449	0.294	0.108	0.165	0.042	0.025	0.616	0.079	0	0.014	0.054	0.288	0.009	0.018	0.145	0.007	0.002	0	0.009	0.003	0.004	0.204	0.019	0.001	0.001	0.011	0.015	0.099	0.001	0.023	0.001	0.001	0.021	0.156	0.073	0.025	0.013	0.444	0.244	0.365	0.072	0.675	0.067	0.132	0.047	0.068	0.012	0.056	0.075	0.117	0.015	9.508	0.007	0.012	7.586	0.063	0	0.001	0.166	0	0	0.002	0.014	0.003	0.008	0	0.228	0.01	0.025	0.006	0.004	0
ASV_22	-2.669	14.846	1.2993882229099e-06	7.31988698905913e-05	Depleted	0.597	2.27	0.257	0.3	0.809	0.044	0.151	0.316	0.237	0.419	0.036	0.043	0.19	0.517	0.932	0.492	0.284	0.104	0.551	0.634	0.07	0.052	0.076	0.168	0.287	0.111	0.518	0.06	0.316	0.116	0.096	0.01	1.038	0.896	0.536	6.95	0.035	0.351	0.086	0.243	6.49	0.066	0.106	0.073	0.427	0.203	0.328	0.142	1.268	0.334	0.283	0.068	0.567	1.146	0.635	0.439	0.679	0.633	2.058	0.508	0.805	0.544	0.156	0.094	0.051	0.183	3.741	0.219	0.197	0.125	0.01	0.044	0.422	67.817	0.59	0.698	1.155	0.137	0.458	0.739	2.434	0.271	0.025	0.17
ASV_176	-2.804	10.627	3.97016312921905e-06	0.000167739392209505	Depleted	0.03	0.148	0	0.002	0.04	0	0.013	0.014	0.005	0.008	0	0	0.005	0.022	0	0.005	0	0.016	0.012	0.098	0	0	0.025	0.051	0.099	0	0.145	0.042	0.041	0.013	0.107	0.038	0.067	0.025	0.015	0.001	0.024	0.056	0.013	0.011	0.196	0.012	0.011	0.014	0.006	0.003	0.005	0	0.049	0	0.006	0.004	0.009	0.012	0.014	0	0.002	0.002	0.005	0.021	0.013	0.021	0	0.035	0.379	0.067	0.003	0.042	0.015	0.038	0.008	0.083	1.123	0.829	0.046	0.074	0.005	0.454	0.054	0.045	0.305	0.017	2.086	0.021
ASV_109	3.206	12.746	4.99996475727691e-06	0.00016899880879596	Enriched	0.902	0.076	0.005	0.018	0.017	0.025	0.022	0	0.016	0.003	0.004	0.002	0.053	0.025	0.017	0.026	0.009	0.014	0.02	0.036	0.013	0.004	0.201	1.68	0.015	0.014	28.377	0.087	0.031	0.111	0.05	3.335	0.004	0.007	0.016	0.003	0	0.006	0.105	0.085	0.271	3.126	0.014	0.019	0.003	0.011	0	0.03	0.01	0.006	0.014	0.019	0.098	0.036	0.036	0.013	0	0.012	0.005	0.005	0.021	0.027	0.009	1.101	0.258	0.009	0.095	0.467	0.211	0.032	0.117	0.056	0	0.004	0.006	0.01	0.002	0.008	0.044	0.121	0.035	0.101	0.008	0.007
ASV_41	-2.425	12.654	7.44912835353904e-06	0.000193852440927385	Depleted	0.172	0.889	0.037	0.089	0.161	0.098	0.405	0.019	0.165	0.035	0.046	0.916	0.145	0.256	0.035	0.121	0.031	0.107	0.057	0.191	0.017	0.054	0.028	0.061	1.841	0.004	0.121	0.002	0.009	0.005	0.533	0.017	0.637	0.016	0.012	0.001	0.176	0.268	0.208	0.036	0.115	0.099	0.023	0.034	0.008	0.549	0.338	1.48	0.252	0.161	0.112	0.107	0.06	0.084	0.089	0.302	0.063	0.085	0.042	0.061	0.042	0.142	0.044	0.038	4.074	0.177	0.003	0.086	0.021	0.007	0.011	0.014	0.182	0.335	0.012	0.008	0	0.015	22.293	0.196	0.113	0.176	3.735	0.029
ASV_110	2.205	10.667	8.16386889262426e-06	0.000193852440927385	Enriched	0.183	0.039	0.043	0.006	0.018	0.011	0.052	0.056	0.009	0.109	0.01	0.014	0.025	0.022	0.017	0.018	0.004	0.005	0.002	0.067	0.004	0.01	0.024	0.098	0.033	0.11	1.236	0.015	0.044	0.013	0.002	0.169	0.024	0.216	3.305	0.022	0.161	0.097	1.434	0.011	0.008	0.021	0.116	0.003	0.019	0.018	0.026	0.054	0.012	0.035	0.104	0.009	0.016	0.036	0.029	0.061	0.006	0.005	0.007	0.007	0.006	0.004	0.002	0.046	0.061	0.067	0.01	0.011	0.017	0.029	0.023	0.295	0.018	0.004	0.026	0.058	0.025	0.023	0.072	0.075	0.02	0.041	0.053	0.134
ASV_55	-1.947	12.997	9.17644690780521e-06	0.000193852440927385	Depleted	0.275	0.796	0.533	0.018	0.013	0.014	0.065	0.112	0.106	0.065	0.063	0.172	0.266	0.67	0.26	0.217	0.19	0.247	0.666	0.512	0.214	0.822	0.034	0.014	0.171	0.084	0.604	0.008	0.209	0.027	0.105	0.088	0.099	0.152	0.473	0.249	0.079	0.206	1.74	0.294	0.205	0.079	0.687	0.711	0.602	0.013	0.054	0.112	0.815	0.083	0.062	0.45	0.35	0.722	0.331	0.233	0.116	0.217	0.662	1.159	0.363	0.341	0.341	0.051	0.875	0.064	0.039	0.033	0.026	2.321	0.064	0.972	1.064	0.207	6.19	6.969	0.106	0.562	0.248	0.151	0.593	0.019	4.162	0.08
ASV_137	-3.363	13.112	2.52866612116052e-05	0.000428661513078076	Depleted	0.106	1.102	0.006	0	0.009	0	0.009	0.003	0.014	0.003	0.015	0.034	0.115	0.003	0.009	0.005	0.002	0	0.007	0.033	0.008	0.014	0.004	0.008	0.105	0.034	0.003	0	0.008	0	0.005	0	0.022	0.078	0.001	0.144	0.331	1.713	0.634	0.015	0.009	0.394	0.628	0.01	0.013	0.003	0.007	0.012	0.003	0.01	0.005	0.026	0.009	0.096	0.007	0.016	0.002	0	0	0.002	0.008	0.004	0.009	0.004	0.017	0.021	0.003	0.017	0.002	0	0.005	0.018	0.007	0	0.002	0.084	37.341	0.303	0.097	5.731	0.015	0.13	0.029	0.032
ASV_119	2.438	10.865	2.53645865726672e-05	0.000428661513078076	Enriched	0.193	0.038	0.005	0.002	0	0.001	0	0.087	0.011	0	0.004	0.095	0.028	0.035	0.028	0.008	0	0.002	0.01	0.036	0.008	0.01	0.027	0.078	0.044	0.103	0.04	0.002	0.003	0	0.005	0.041	0.139	0.051	5.435	0.449	0.018	0.402	0.25	0.006	0.029	0.029	0.044	0.545	0	0.052	0.015	0.054	0.007	0.006	0.032	0.009	0.022	0.003	0.017	0.024	0.012	0.002	0.002	0.009	0.006	0.013	0.009	0.06	0.027	0.061	0.003	0.1	0.036	0.004	0.034	0.006	0.077	0.02	0.036	0.029	0.049	0.087	0.327	0.147	0.024	0.015	0.055	0.041
ASV_111	-2.033	11.406	5.74934233335778e-05	0.000881886085656417	Depleted	0.081	0.262	0.014	0.803	0.11	0.137	0.285	0.022	0.129	0.034	0.029	0.008	0.023	0.019	0.141	0.198	0.022	0.018	0.202	0.281	0.004	0	0.003	0.014	0.013	0.006	0.042	0.057	0.02	0.016	0	0.001	0.02	0.079	0.061	0.225	0.002	0.071	0.019	0.067	0.156	0.01	0.007	0.015	0.009	0.228	0.087	1.524	0.129	0.051	0.212	0.011	0.057	0.087	0.096	0.077	0.155	0.021	0.062	0.035	0.13	0.245	0.075	0.001	0.007	0.037	1.016	0.035	0.011	0.007	0.005	0.003	0.009	2.369	0.172	0.039	0.039	0.027	0.636	2.276	0.069	0.043	0.029	0.345
ASV_124	-2.264	12.586	6.26191303424675e-05	0.000881886085656417	Depleted	0.141	0.489	0.067	0.029	0.061	0.11	0.034	0	0.036	0.038	0.044	0.132	0.203	0.025	0.08	0.059	0.04	0.014	0.052	0.012	0.047	0.029	0.009	0.423	0.338	0.208	0.147	0.137	0.005	0	0	0	0.016	0.148	0.013	0.339	1.165	0.161	0.047	0.129	0.381	0.77	0.02	0.351	0.194	0.049	0.06	0.016	0.03	0.351	0.093	0.07	0.183	0.012	0.034	0.519	0.035	0.108	0.02	0.012	0.008	0.027	0.226	0.05	0.151	0.11	0.245	3.378	0.412	0.024	0.018	0.024	0.037	0.024	0.004	0.02	0.056	0.089	0.167	0.104	0.344	11.841	0.199	0.204
ASV_57	-2.975	13.077	0.000244091485954618	0.00317318931741004	Depleted	0.145	1.051	0.002	0.003	0.004	0	0.038	0.003	0.02	0.165	0.002	0	0.03	0.044	0.063	0.072	0.002	0	0.002	0.174	0	0.002	0.168	0.005	0.002	0.039	0.192	0	0.366	0.022	0.018	0.006	0.643	0.18	0.196	0	0	0.016	0.062	0.035	0.052	2.822	0.016	0.63	0	0	0	0.035	0.03	0.1	0.136	0.013	0.019	0.012	0.331	0.09	0.053	0	0	0.012	0.004	0.002	0	0.533	0	0.003	0.056	0.043	0.002	0.05	0.238	0.006	0	0.119	39.791	0.199	0	0	0.05	0.015	0.03	0.054	0.013	0.015
ASV_199	2.708	10.406	0.000439297686441706	0.00530295064347489	Enriched	0.143	0.02	0	0	0	0	0.002	0	0.009	0	0.002	0.036	0.008	0.016	0	0.003	0	0	0	0.007	0.002	0.002	0.001	0.183	0.033	0.001	0.015	0.002	0.002	0	0	0	0.062	0.036	4.795	0.007	0.01	0.22	0.024	0	0.018	0.048	0.031	0.432	0	0	0	0	0	0.01	0.003	0	0.035	0.006	0.014	0	0.002	0	0.025	0	0	0.008	0.013	0.004	0.019	0.04	0.001	0.05	0.005	0.003	0.053	0.002	0.002	0.007	0.024	0.033	0.006	0.085	0.025	0.096	0.028	0.023	0.064	0.135
ASV_58	1.628	11.699	0.000524436025961613	0.00582093177705016	Enriched	0.359	0.145	0.056	0.156	0.161	0.322	0.335	0.168	0.249	0.123	0.038	0.089	0.965	0.874	0.147	0.162	0.388	0.647	0.229	0.288	0.407	7.921	0.018	0.005	0.018	0.001	0.03	0.046	0.006	0.239	0.027	0.084	0.012	0.016	0.013	0.467	0.012	0.021	0.018	0.066	0.052	0.031	0.005	0.171	0.026	0.182	0.103	0.345	0.121	0.06	0.106	0.083	0.164	0.463	0.353	0.524	0.077	0.341	0.222	0.163	0.642	0.224	0.257	0.025	0	0.003	0.018	0.014	0.027	0.035	0.434	0.005	0.02	0.004	0.01	0.29	0.067	0.006	0.095	0.019	0.142	0.012	0.02	0.082
ASV_177	-2.236	11.712	0.000551094132738477	0.00582093177705016	Depleted	0.074	0.327	0.043	0.339	0.169	0.064	0.018	0.01	0.004	0.012	0.017	0.018	0.003	0	0.063	0.015	0.029	0.027	0.04	0.019	0.136	0.008	0.012	0.044	0.007	0.004	0.02	0.026	0.106	0.05	1.124	0.036	0.002	0.009	0.003	0.106	0.227	0.021	0	0	0.005	0.002	0.002	0.262	0.028	0.19	0.056	0.009	0.012	0.008	0	0.006	0.016	0	0.019	0.016	0.008	0.026	0.015	0.072	0.038	0.048	0.007	0.03	0	0.177	1.136	0.018	0.047	4.319	0.458	6.173	0.002	0	0.036	0.043	0.006	0.004	0.011	0.014	0.001	0	0.019	0.005
ASV_35	-2.205	14.178	0.000598311220232667	0.00594791742466592	Depleted	0.461	1.443	0.169	0.023	0.134	0.173	0.13	0.017	0.104	0.67	0.019	0.032	0.035	0.057	0.048	0.052	0.02	0.011	0.077	0.091	0	0.01	0.195	0.269	4.908	0.508	0.078	5.079	1.977	3.225	0.294	0.023	0.008	0.575	0.001	0.019	0.004	0.046	0.062	0.034	0.011	0.035	0.064	0.067	0.073	0.018	0.292	0.063	0.074	0.49	0.363	0.032	0.022	0.021	0.055	0.151	0.037	0.047	0.005	0.016	0.025	0.071	0.033	0.072	0.926	0.134	0.33	0.217	10.728	31.222	1.381	3.982	0.002	0.007	0.164	0.007	0.003	0.271	0.066	0.024	0.159	0.015	0.134	5.997
ASV_61	2.714	12.303	0.00090594427844684	0.008505810169862	Enriched	0.562	0.135	0	0.091	0.048	1.782	0.503	0	0.635	0.145	1.098	0.087	0.013	0.005	0	0.003	0	0.263	2.239	0.438	0.002	0.409	0	0	0	0	0.002	0.007	0.016	0	0.077	0.001	15.661	0.029	0.018	0	0.001	0.005	0.002	0	0.003	0.007	0	0.009	0	0.094	0.153	0.635	0.414	0.463	0.16	0.571	0	0.048	0.002	0.408	0.002	0.002	0.002	0.242	1.384	0.374	0.112	0	0	0	0	0.004	0.005	0.007	0.002	0.118	0	0.015	0.036	0.026	0	0	0.007	0.013	0.003	0.087	0.001	0
ASV_134	1.443	10.789	0.000979613904310462	0.00860151897382132	Enriched	0.187	0.074	0.019	0.039	0.05	0.153	0.056	0.012	0.045	0.059	0.019	0.053	1.496	0.174	0.102	0.088	0.067	0.293	0.272	0.121	0.316	0.035	0.003	1.255	0.011	0	0.005	0.069	1.127	0.235	0.084	0.061	0.004	0.016	0.004	0.582	0.007	0.036	0.029	0.043	0.048	0.013	0.02	0.749	0.005	0.057	0.023	0.068	0.06	0.048	0.076	0.009	0.101	0.403	0.067	0.077	0.051	0.068	0.052	0.491	0.168	0.098	0.048	0.013	0.017	0.021	0.036	0.008	0.058	0.317	0.162	0.103	0.035	0.064	0.008	0.009	0.005	0.014	0.033	0.014	0.009	0.025	0.023	0.011
ASV_64	3.454	12.122	0.00101793123950548	0.00860151897382132	Enriched	0.403	0.057	0.011	1.594	0.593	0.039	0.106	13.198	0.086	0.014	0.006	0	0.008	0	0.011	0.049	0.15	0.007	0.14	0	0.002	0.194	0	0.674	0.002	0	0.007	0	0	0	0	0	0.006	0.004	0	0	0	0.009	0	0	0	0.001	0	0	0	0.696	0.093	0.117	0.61	0.051	0.013	0	0	0	0	0.106	0.012	0.118	0.23	0.005	0.017	0.004	0.158	0	0.002	0.024	0	0	0	0	0	0	0.002	0	0	0.008	0	0	0.003	0.009	0	0	0	0
ASV_54	-1.72	13.501	0.00111518808359008	0.00897460886317734	Depleted	0.41	0.906	0.065	0.352	0.387	0.053	0.05	0.017	0.061	0.123	0.143	1.626	0.09	0.144	0.102	0.317	0.011	0.034	0.115	0.262	0.197	0.07	0.98	0.149	1.417	0.004	0.037	2.454	0.755	2.541	0.153	1.295	0.018	0.084	0.012	0.017	0.478	0.193	0.014	0.334	1.622	0.198	0.047	0.179	0.072	0.166	0.122	0.026	0.065	0.48	0.078	0.111	0.772	0.06	0.06	0.384	0.047	0.094	0.027	0.035	0.12	0.318	0.954	0.143	0.212	0.217	0.021	0.075	10.24	9.934	1.464	1.34	0.07	0.018	0.036	0.021	0.003	0.114	0.106	0.146	0.601	0.083	0.156	7.259
ASV_142	-2.373	11.303	0.00124891405015086	0.00959393065797707	Depleted	0.054	0.217	0.003	0	0	0	0.002	0.003	0	0.099	0	0	0.013	0.019	0.069	0.034	0	0	0.007	0.002	0	0.017	0.015	0.025	0.013	0	0.391	0.01	0.014	0.146	0.025	0.003	0.06	0.125	0.018	0	0.005	0.037	0.029	0.372	0.098	0.604	0	0.003	0	0	0	0	0.002	0.002	0.062	0	0.003	0.003	0.041	0.405	0.01	0	0.005	0.005	0.008	0	0.062	0.003	0.007	0.034	0.006	0.198	0.012	0.006	0.027	0.516	0.818	0.016	0.038	0.022	0	0.01	0.385	0.473	0.071	4.758	0.662	0.004
ASV_36	1.398	12.524	0.00145800197971461	0.0107131449813813	Enriched	0.68	0.3	0.219	0.617	0.721	1.327	0.364	1.124	0.372	0.254	0.237	0.192	0.564	2.271	0.451	0.536	0.208	6.931	0.741	1.029	0.817	6.277	0.045	0.02	0.031	0.021	0.051	0.168	0.031	0.25	0.155	1.451	0.03	0.028	0.117	0.492	0.017	0.03	0.006	0.064	0.068	0.085	0.004	0.151	0.132	0.64	0.325	0.342	0.327	0.111	0.16	0.868	0.091	0.373	0.796	0.614	0.144	0.421	0.467	1.378	1.139	0.856	0.336	0.05	0.003	0.012	0.046	0.011	0.042	0.014	0.805	0.038	0.092	0.016	0.113	0.252	0.131	0.008	0.495	0.021	0.252	0.01	0.04	0.009
ASV_203	-1.387	9.65	0.00152765895805693	0.0107572651629842	Depleted	0.031	0.092	0.019	0.017	0.009	0.012	0.027	0	0.034	0.085	0.04	0.034	0.023	0.044	0.028	0.021	0.009	0.007	0.017	0.029	0.055	0.029	0.004	0.039	0.136	0.213	0.012	0.003	0.016	0.014	0.027	0.019	0.012	0.088	0.004	0.005	0.01	0.049	0.014	0.001	0.01	0.013	0.085	0.003	0.046	0.024	0.093	0.018	0.025	0.094	0.044	0.015	0.057	0.075	0.012	0.058	0.004	0.019	0.015	0.019	0.088	0.023	0.064	0.022	0.207	0.015	0.027	0.034	0.008	0.057	0.01	2.146	0.048	0	0	0.013	0	0.014	0.164	0.02	0.018	0.015	0.051	0.007
ASV_76	1.192	11.98	0.00208302783949583	0.0140812681949918	Enriched	0.401	0.182	0.071	0.048	0.117	0.208	0.112	0.262	0.19	0.071	0.038	0.065	0.534	0.506	0.277	0.258	0.21	1.282	0.347	0.455	0.206	0.054	0.502	3.238	0.046	0.021	0.029	0.075	0.675	0.518	0.112	0.987	0.044	0.054	0.022	2.995	0.011	0.08	0.141	0.041	0.193	0.369	1.061	0.313	0.128	0.046	0.029	0.114	0.235	0.116	0.117	0.053	0.072	0.245	0.156	0.193	0.175	0.162	0.544	1.12	0.291	0.305	0.209	0.076	0.022	0.067	0.253	0.037	0.023	0.294	0.41	0.239	0.064	0.375	0.024	0.473	0.097	0.064	0.061	0.047	0.158	0.134	0.041	0.017
ASV_101	3.355	11.974	0.00226690514884593	0.0147348834674985	Enriched	0.604	0.076	0	0.014	0.002	0.006	0.002	0	0.004	0.003	0.01	0.085	0.053	0.033	0.002	0.026	0.004	1.35	0.022	0.019	22.805	0.867	0	0.007	0.004	0	0	0	0	0	0	0	0.022	0.002	0	0	0	0.006	0.005	0	0	0	0	0	0	0.001	0	0	0	0	0.003	0.009	2.237	0.069	0.014	0.016	0.004	0.118	0	0.009	0.015	0.013	0.526	0.003	0	0.003	0	0	0	0	0.003	0	0	0	0	0.003	0	0	0.003	0.009	0	0	0	0
ASV_94	-1.356	12.048	0.00239717300745825	0.0150045273429794	Depleted	0.182	0.361	0.248	0.068	0.073	0.035	0.058	0.056	0.083	0.123	0.015	0.01	0.822	0.139	0.043	0.049	0.083	0.014	0.229	0.102	0.1	0.081	0.246	0.249	0.103	0.007	0.128	1.034	0.194	0.621	0.002	0.507	0.056	0.497	0.177	0.084	0.067	0.132	0.386	0.062	0.419	0.171	0.018	0.049	0.282	0.064	0.109	0.025	0.04	0.156	0.074	0.011	0.107	0.146	0.139	0.209	0.053	0.064	0.03	0.023	0.021	0.025	3.116	0.312	0.498	0.092	0.035	4.021	0.805	0.118	0.339	0.023	0.029	0.022	0.05	0.044	0.02	1.368	0.174	0.094	0.148	1.388	0.115	0.071
ASV_151	1.956	11.206	0.00312542387580119	0.0188641655360858	Enriched	0.287	0.096	0.025	0.203	0.141	1.97	0.164	0.068	0.465	0.022	0.046	0.099	1.744	0.093	0.074	0.162	0.06	1.632	0.095	0.305	0.327	4.262	0	0.002	0	0.01	0	0.02	0.002	0.003	0.014	0.042	0	0.004	0.003	0.001	0	0.001	0	0	0	0	0	0.017	0.019	0.152	0.451	0.116	0.07	0.095	0.006	0.358	0.129	0.914	0.06	0.286	0.043	0.054	0.175	0.298	0.084	0.326	0.108	0.003	0	0.009	0.025	0.002	0.003	0	0.013	0.002	0.004	0	0.004	0.001	0.009	0	0.011	0	0.006	0.002	0	0.01
ASV_47	-1.5	10.373	0.00385236433986416	0.0220731750009248	Depleted	0.077	0.19	0.048	0.017	0.053	0.012	0.344	0.061	0.217	0.031	0.082	0.138	0.063	0.939	0.052	0.039	0.078	0.098	0.379	0.205	0.187	0.058	0.004	0.002	0	0.003	0	0.002	0.002	0	0.002	0.008	0.012	0.011	0.004	0.008	0.011	0.014	0.005	0.001	0.004	0.01	0.034	0.005	0.218	0.042	0.087	1.883	1.434	0.243	0.283	0.622	0.198	0.039	0.36	0.05	0.069	0.115	0.084	0.412	0.151	0.4	0.079	0	0	0.021	0.001	0.002	0	0	0.002	0.002	0.002	0.046	0	0.149	0.38	0.004	0.037	0.021	0.138	0	0.001	0.005
ASV_120	-1.874	10.062	0.00391831508892156	0.0220731750009248	Depleted	0.054	0.105	0.25	0	0	0.001	0	0	0	0.14	0.002	0.006	0.025	1.435	0.022	0.008	0	0.009	0.047	0.005	0.042	0.037	0.046	0.024	0	0	0.008	0.013	0.039	0.02	0	0.006	0	0.011	0.003	0	0	0.002	0.008	0.024	0.025	0.009	0	0.019	1.525	0	0.002	0	0.003	0.286	0.07	0.011	0.038	0.033	0.002	0.005	0.006	0.002	0.015	0.049	0.004	0.004	0.376	0.106	0	0.049	0.031	0.032	0.014	0.954	0.027	0.257	0.018	0	0.097	0.002	0	0	0.132	0.011	0.009	0.01	0.005	0.001
ASV_158	-2.482	11.508	0.00414002535823646	0.0225698156626439	Depleted	0.071	0.218	0	0.191	0.059	0.158	0.643	0	0.018	0.092	0.004	0	0.271	0.019	0	0.008	0.004	0	0	0	0	0.002	0.857	0	0.018	0	0	0.031	0	0.03	0	0	0.002	0.007	0.001	0.045	0	0	0.04	0.025	0.043	0.177	0.238	0.01	0	0.039	0.028	0.021	0.018	0.017	0.006	0	0.016	0.018	0.002	0	0	0.007	0.002	0	0.019	0	0.002	0.447	0	0	0	0.479	0.014	0	0.014	0	0	0.004	0	0.003	0.006	0	0.064	0.03	0.06	7.347	0.017	0.029
ASV_50	-1.804	11.718	0.00538978508261868	0.0284648024675799	Depleted	0.12	0.42	0.008	0.449	0.356	0.01	0.025	0	0.004	0.253	0.036	0	0	0	0.158	0.005	0.172	0.032	0.262	0.169	0.053	0.14	0.003	0.046	0.061	0	0.25	0.106	0	0	0.007	0	0.004	0.009	0.001	0.007	0.007	0.302	0.052	0.01	0.02	1.916	0.081	0.007	0	0.144	0.047	0.004	0.055	0.006	0.093	0.015	0	0	0.005	0.029	0.071	0.082	0.057	0.03	0.086	0.086	1.526	0.007	0.015	13.199	0.011	0.601	0.009	0.007	0.076	0.006	0.002	0.002	0.065	0.123	0.157	0.004	0.056	0.016	0.039	0.041	0.007	0.004
ASV_95	1.765	11.82	0.00612678841541375	0.0313765830971189	Enriched	0.399	0.174	0.04	0.023	0.042	0.216	0.081	0.071	0.242	0.045	0.013	0.061	3.774	0.754	0.124	0.835	0.4	0.15	0.085	0.088	0.038	0.027	0	0.029	0.002	0	0.135	0	0	0	0.057	0.008	9.201	0.041	0.02	0	0.004	0.019	0.014	0.001	0.006	0.014	0.08	0	0.055	0.056	0.111	0.123	0.189	0.49	0.033	0.041	0.302	3.165	0.122	0.156	0.338	0.348	0.086	0.184	0.052	0.161	0.125	0.001	0	0	0.001	0.004	0	0	0.002	0	0.002	0.015	0.065	0.016	0.003	0.004	0.424	0.275	0.005	0.008	0.011	0.002
ASV_99	-1.532	12.031	0.00717259496832968	0.0353228670563624	Depleted	0.152	0.353	0.079	0	0	0	0.031	0	0.029	0.211	0.034	0.071	0.09	0.038	0.028	0.034	0.011	0.02	0.155	0.136	0.083	0.07	0.031	0.027	0.031	0.051	0.221	0.415	0.009	0.3	0	0.001	0.014	3.164	0.133	0.037	0.059	0.166	0.016	0.039	0.115	0.368	0.036	0.036	0.079	0	0.036	0.026	0.023	0.118	0.23	0.028	0.082	0.176	0.065	0.206	0.004	0.012	0.022	0.014	0.044	0.025	2.137	0.068	0.353	0.018	0.184	0.283	0.327	0.015	0.056	0.003	0	0.002	0.026	0.014	0.028	4.641	0.119	0.143	0.063	2.086	1.737	0.627
ASV_159	-1.402	11.839	0.00731538666847743	0.0353228670563624	Depleted	0.141	0.362	0.023	0.012	0.068	0.04	0.256	0.034	0.074	0.243	0.002	0.02	0.2	0.038	0.013	0.015	0.045	0.014	0.022	0.052	0.004	0.043	0.006	0.056	0.518	0.024	0.349	0.01	0.03	0.017	0.125	0.013	0.306	0.027	0.004	0.485	0.552	0.882	0.799	0.042	0.011	0.295	0.15	0.014	0.008	0.205	0.07	0.275	0.062	0.048	0.114	0.009	0.013	0.394	0.01	0.029	0.012	0.059	0.012	0.012	0.023	0.006	0.134	0.016	0.061	0.11	0.048	0.02	0.012	0.031	0.035	0.003	0.062	0.185	0.269	0.036	10.999	0.066	0.24	0.445	0.04	0.029	0.272	0.01
ASV_89	1.492	12.047	0.00808324502257233	0.0379463446892979	Enriched	0.32	0.161	0.062	0.005	0.009	0.001	0.043	0.053	0.099	0.022	0.002	0.099	0.09	0.074	0.015	0.013	0.092	0.016	0.027	0.038	0.021	0.01	0.052	0.014	0.178	0.044	0.049	0.029	0.048	0.083	0.219	0.63	0.002	0.027	0.375	0.189	10.337	0.304	0.005	0	0.011	0.028	0.014	0.019	0.467	0.222	0.007	0.16	0.159	0.256	0.771	0.002	0.095	0.081	0.091	0.016	0.014	0.082	0.044	0.007	0.013	0.042	0.108	0.048	0.051	0.104	0.01	0.025	0.033	0.04	0.974	0.117	0.719	0.002	0.004	0.01	0.191	0.431	0.4	0.04	0.006	0.012	0.566	0.009
ASV_82	-1.354	10.75	0.00895733642079302	0.0409132393274059	Depleted	0.091	0.226	0.029	0.188	0.163	0.118	0.169	0	0.179	0.097	0.648	0.417	0.028	0.03	0.113	0.147	0.056	0.032	0.13	0.765	0.017	0.041	0.003	0.005	0.055	0.011	0.002	0	0.011	0.002	0.025	0.014	0.214	0.001	0.001	0.017	0.012	0.007	0.015	0.004	0.02	0.014	0	0.042	0.027	0.237	1.881	0.628	0.285	0.674	0.184	1.46	0.296	0.006	0.307	0.209	0.108	0.073	0.044	0.135	0.426	0.343	0.024	0	0	0.018	0	0.004	0.005	0.003	0.002	0	0.026	0	0.008	0.348	0.011	0.002	0.747	0.016	0.479	0.008	0.013	0.022
ASV_21	1.386	12.889	0.0100281223633799	0.0445987547213475	Enriched	0.834	0.332	0.096	9.327	7.176	2.49	0.359	0.082	0.691	2.729	0.054	0.138	0.398	1.838	0.544	1.606	0.368	0.402	0.312	0.755	1.05	0.642	0.183	0.044	0.002	0.01	0.002	0.219	0.028	1.598	0.007	0.029	0.008	0.009	0	1.458	0.016	0.005	0.009	0.007	0.27	0.048	0.005	0.009	0.09	2.027	1.063	0.058	0.091	0.121	0.64	0.132	0.104	0.143	0.643	0.233	0.691	0.323	1.87	0.477	0.419	1.234	0.13	0.169	0	0.003	0.774	0.022	0.055	0.021	0.72	0.002	0.077	0.033	0.141	0.012	0.219	0.008	0.011	0.008	0.475	0.002	0.004	0.032
ASV_44	-1.269	11.678	0.0107754182302508	0.0466934789977533	Depleted	0.173	0.406	1.63	0.086	0.029	0.015	0.378	0.066	0.323	1.004	0.006	0.126	0.251	0.125	0.514	0.088	0.411	0.023	0.097	0.031	0.008	0.134	0.004	0.039	0.768	0.008	0.046	0.003	0.017	0.006	0.041	0.216	0.081	0.039	0.015	0.016	0.045	0.074	0.026	0.003	0.008	0.198	0.262	0.012	5.79	0.183	0.044	0.889	0.694	0.55	4.62	0.049	0.076	0.513	0.11	1.411	0.069	0.174	0.17	0.051	0.017	0.027	0.046	0.01	0.155	0.085	0.006	0.041	0.011	0.036	0.014	0.036	0	0.007	0.036	0.035	0.03	0.139	0.012	0.055	0.008	0.017	0.003	0.001
ASV_149	1.295	10.777	0.0121656484897839	0.0513998648693368	Enriched	0.154	0.09	0.022	0.056	0.084	0.157	0.495	3.212	0.224	0.083	0.015	0.014	0.068	0.084	0.176	0.052	0.094	0.436	0.217	0.162	0.093	0.031	0.165	0.002	0.237	0	0.003	0.018	0.005	0.011	0.034	0.005	0.002	0.008	0.054	0.01	0.002	0.009	0.034	0.001	0.056	0.015	0.001	0.008	0.009	0.117	0.046	0.784	0.151	0.199	0.12	0.058	0.013	0.024	0.098	0.135	0.037	0.181	0.109	0.114	0.103	0.222	0.053	0.008	0	0.009	0.003	0.011	0.002	0.001	0.027	0.017	0.002	0	0.018	0.143	0.088	0.012	0.017	0.015	0.626	0.008	0	0.012
ASV_20	1.199	13.862	0.0127999078625873	0.0514915487318501	Enriched	1.363	0.62	0.026	0.686	1.29	0.067	0.128	0.002	0.684	0.542	0.151	0.598	0.231	0.063	0.182	0.343	0.42	0.1	0.673	0.302	0.085	0.143	0.326	1.008	0.035	0.015	7.293	0.038	0.291	0.225	13.575	0.046	12.326	0.072	0.031	0.078	2.076	0.933	1.191	0.096	0.566	7.609	2.461	0.221	0.027	0.264	0.184	0.326	0.082	0.391	0.432	0.217	0.677	0.131	0.523	0.326	0.632	0.36	0.101	0.414	1.413	0.429	0.187	0.024	0.131	0.903	0.06	0.717	0.065	0.593	0.468	0.479	0.299	3.205	0.097	0.261	0.149	0.056	1.101	0.702	7.685	0.374	0.14	0.175
ASV_107	-1.301	9.631	0.0133024926924715	0.0514915487318501	Depleted	0.049	0.092	0.253	0.002	0.017	0.006	0.029	0.002	0.074	0.068	0.017	0.004	0.028	0.248	0.238	0.289	0.158	0.025	0.192	0.157	0.034	0.002	0	0.002	0.002	0.001	0.007	0.02	0.028	0.008	0	0	0.008	0.005	0.009	0.035	0	0.004	0.001	0	0.063	0.008	0.002	0.003	0.447	0.001	0.016	0.04	0.062	0.035	0.063	0.013	0.025	0.107	0.317	0.085	0.419	0.08	0.825	0.142	0.229	0.161	0.04	0	0	0	0.055	0.001	0.008	0	0.005	0	0.004	0.262	0.004	0.006	0	0	0.011	0.011	0.015	0.01	0.008	0.17
ASV_11	1.065	13.936	0.0133295895389576	0.0514915487318501	Enriched	1.78	0.707	0.243	1.05	0.607	0.75	0.321	0.451	0.111	0.63	0.887	0.525	1.807	0.117	0.158	0.157	0.123	0.05	0.127	0.138	0.526	0.595	0.801	0.207	0.408	0.193	0.282	1.601	3.94	0.358	0.824	4.003	0.036	2.66	0.85	0.874	0.152	1.499	42.835	0.484	1.299	0.414	0.871	0.799	0.133	0.328	0.47	0.2	0.486	0.132	0.643	0.292	0.939	0.893	0.115	0.201	0.043	0.115	0.032	0.049	1.56	0.174	0.715	0.806	1.454	0.214	0.56	0.702	0.502	0.95	0.24	6.423	0.086	0.027	0.113	0.821	0.811	1.555	1.492	1.943	0.419	1.305	0.2	0.136
ASV_87	-1.206	12.835	0.0134060836934994	0.0514915487318501	Depleted	0.343	0.592	0.098	0.08	0.235	0.42	0.016	0.061	0.029	0.049	0.782	0.115	0.113	1.133	0.327	0.284	0.045	0.118	0.067	0.524	0.032	0.048	0.947	1.045	0.162	0.083	0.993	0.381	0.186	2.674	0.02	1.036	0.067	0.067	0.426	0.046	0.007	0.07	0.053	0.266	0.264	0.175	0.098	0.753	0.086	0.031	0.144	0.026	0.05	0.049	0.173	0.328	0.158	0.066	0.444	0.384	0.104	0.019	0.047	0.056	0.302	0.172	0.048	6.24	0.044	0.009	0.086	0.408	10.301	0.144	2.798	0.12	0.029	0.055	0.119	0.051	0.027	0.079	0.172	0.096	0.035	0.081	0.087	0.026
ASV_140	-1.369	10.777	0.0138331894305728	0.0519513114170402	Depleted	0.106	0.299	0.065	0.021	0.044	0.018	0.128	0	0.081	0.815	0.029	0.012	0.035	0.553	1.277	0.049	0.527	0.025	0.182	0.091	0.04	0.002	0.003	0.039	0.07	0.004	0.003	0.007	0.156	0.003	0.007	0.009	0.002	0.02	0.015	0.017	0	0.004	0.004	0.102	0.004	0.001	0	0	0.023	0.018	0.036	0.11	0.074	0.051	0.614	0.036	0.032	0.018	0.463	0.005	0.185	0.337	8.258	0.917	0.17	0.126	0.022	0.007	0.014	0	0.017	0.008	0.006	0.003	0.014	0.018	0	0.002	0.006	0	0.075	0.043	0.076	0.024	0.148	0.004	0.004	0.001
ASV_881	-1.352	11.818	0.015316760127346	0.0562724448156842	Depleted	0.235	0.493	0.164	0.024	0.073	0.086	0.2	0.007	0.169	0.051	0.084	0.097	0.188	1.239	1.01	2.165	0.645	0.218	1.469	0.793	0.191	0.368	0	0.005	0.024	0.153	0	0.005	0.014	0.008	0.096	0.226	0	0.005	0.035	0	0.004	0.02	0.025	0.017	0.001	0.003	0	0	0.993	0.045	0.085	0.835	0.436	0.11	0.173	0.452	0.072	0.11	2.444	0.598	7.676	0.403	0.949	0.484	0.627	0.676	1.317	0.005	0.015	0.156	0.006	0	0.003	0.003	0.013	0.032	0.026	0.004	0.002	0.002	0.002	0.717	0.045	0.013	0.15	0	0.02	0.007
ASV_127	1.463	10.459	0.0180809687992997	0.0646644194052447	Enriched	0.124	0.056	0.282	0.018	0.024	0.004	0.034	0.087	0.048	0.051	0.004	0	0	0	0.002	0	0.013	0.093	0.017	0.026	0.025	0.004	0.018	0.066	0.013	0.024	0.096	0.023	3.19	0.058	0.098	0.37	0	0.225	0.004	0.002	0.001	0.012	0.055	0.089	0.091	0.019	0	0.005	0.142	0.006	0.023	0.035	0.064	0.108	0.073	0	0	0	0.007	0	0	0.016	0	0.009	0.048	0.015	0.02	0.005	0.029	0.067	0.043	0.134	0.02	0.061	0.071	1.081	0.002	0	0.02	0.009	0	0.002	0.032	0.048	0.015	0.021	0	0
ASV_166	-2.314	11.368	0.018366225629892	0.0646644194052447	Depleted	0.112	0.424	0	0.003	0.017	0.003	0	0	0	0	0.067	0.081	0.01	0.049	0.644	2.616	0.125	0.288	0.471	0.281	0.006	0	0	0	0	0.001	0.002	0.003	0.003	0.003	0.023	0.001	0	0.005	0	0	0	0	0	0.004	0	0.002	0	0	0	0.01	0.003	0.002	0.01	0	0	0.763	0.003	0.107	1.01	0.466	11.962	0.085	0.052	1.558	0.377	0.508	0.002	0	0	0	0	0	0	0.022	0	0.017	0	0	0	0	0	0	0	0	0.01	0	0	0
ASV_75	1.098	11.533	0.0214161984297807	0.0738640313190394	Enriched	0.307	0.154	2.574	1.693	1.196	0.252	1.95	0.39	0.162	0.311	0.143	0.041	0.391	0.033	0.106	0.064	0.5	0.02	0.145	0.195	0.106	0.109	0.32	0.147	0.875	0.041	0.067	0.008	0.017	0.011	0.769	0.018	0.006	0.02	0.054	0.009	0.006	0.057	0.044	0.003	0.011	0.007	0.028	0.005	0.091	1.317	0.23	0.715	0.089	0.083	0.249	0.232	0.013	0.003	0.448	0.106	0.104	1.001	0.141	0.033	0.185	0.096	0.117	0.021	0.007	0.049	0.006	0.014	0.015	0.026	0.066	0.307	0	0	0.115	0.044	0.016	0.015	0.009	0.047	0.055	0.002	0.027	0.061
ASV_46	0.949	11.494	0.0226708720859768	0.0766275476506016	Enriched	0.333	0.176	0.248	0.417	0.27	0.416	0.213	0.652	0.58	1.041	0.132	0.49	0.163	0.515	0.431	1.198	0.1	0.558	0.414	0.707	3.875	0.128	0.311	0.12	0.097	0.001	0.007	0.083	0.042	0.103	0.041	0.069	0.018	0.012	0.004	0.422	0.012	0.014	0.004	0.036	0.024	0.006	0.001	0.007	0.126	0.142	0.104	0.079	0.322	0.048	0.288	0.181	0.69	0.161	0.36	0.214	0.61	0.181	0.237	0.235	0.558	0.854	0.288	0.25	0.003	0.009	0.152	0.018	0.024	0.015	0.051	0.015	0.136	0.042	0.008	0.007	0.02	0.037	0.101	0.078	0.361	0.012	0.012	0.019
ASV_174	-1.276	10.937	0.0234789398875329	0.0778027615880992	Depleted	0.106	0.204	0.161	0.027	0.048	0.051	0.117	0.007	0.135	0.038	0.44	0.15	0.739	0.188	0.147	0.085	0.022	0.325	0.05	0.243	0.025	0.014	0.036	0.129	0.746	0	0.096	0.105	0.089	0.116	0.014	0.003	0	0.065	0	0.001	0	0	0.002	0.024	0.006	0.007	0	0.001	0.006	0.056	0.062	0.109	0.086	0.895	0.016	0.495	0.047	0.036	0.305	0.024	0.043	0.092	0.049	0.773	0.134	0.075	0.007	0.025	4.234	0.146	0	0.064	0.042	0.014	0.018	0.106	0	0	0	0.002	0	0.041	0.013	0.011	0.134	0.002	0	0.007
ASV_70	-1.361	10.819	0.027132151042431	0.0881794908879006	Depleted	0.097	0.282	0.085	0.003	0.009	0.007	1.42	0.049	0.345	0.146	0.34	0.043	0.058	0.376	0.113	0.021	0.02	0.395	0.302	0.076	0.011	0.027	0.004	0.02	0	0.079	0.005	0.007	0	0.002	0.011	0.1	0	0.002	0.001	0.001	0.001	0.001	0	0	0	0.005	0.004	0.003	0.347	0.001	0.007	4.502	0.765	0.564	2.256	1.426	0.101	0.102	0.07	0.262	0.051	0.024	0.047	0.282	0.061	0.088	0.121	0.007	0	0.003	0.003	0	0.006	0.033	0.011	0.03	0	0	0.002	0.001	0.02	0	0.062	0.001	0.009	0.004	0.003	0
ASV_81	-1.003	12.267	0.030259378676238	0.0959119190081117	Depleted	0.221	0.38	0.064	0.099	0.167	0.097	0.061	0.116	0.045	0.097	0.029	0.03	0.241	0.06	0.106	0.075	0.031	0.016	0.095	0.098	0.013	0.017	0.183	0.112	0.094	0.579	0.587	0.858	0.302	0.34	0.016	0.895	0.014	0.125	0.123	0.07	0.025	0.308	0.075	0.137	0.464	0.442	0.194	1.804	0.006	0.008	0.145	0.116	0.173	0.086	0.19	0.006	0.18	0.081	0.101	0.122	0.016	0.026	0.035	0.019	0.071	0.036	0.196	0.169	0.65	0.031	0.992	0.418	1.06	0.124	0.111	0.336	3.86	0.042	0.085	0.012	0.017	4.125	0.159	0.239	0.019	0.819	0.216	0.106
ASV_129	-1.18	11.925	0.0308405987372106	0.0959119190081117	Depleted	0.162	0.267	0.016	0.033	0.101	0.024	0.02	0.066	0.039	0.092	0.027	0.087	0.07	0.103	0.087	0.031	0.051	0.027	0.065	0.198	0.002	0.014	0.03	0.042	0.011	0	0.11	0.011	0.025	0.166	0.018	0.03	0.03	0.012	0.016	2.693	0.008	0.024	0.053	0.022	0.152	1.856	0.005	0.319	0.069	0.039	0.033	0.158	0.032	0.137	0.435	0.068	0.164	0.084	0.096	0.087	0.03	0.049	0.02	0.033	0.023	0.031	0.002	0.754	0.003	0.009	0.058	0.106	0.032	0.072	0.119	0.438	0.004	0.005	0.113	0.016	0.025	0.056	0.062	0.039	0.097	7.08	0.003	0.009
ASV_33	1.155	12.902	0.0312139381387346	0.0959119190081117	Enriched	0.797	0.431	0.057	0.862	0.6	1.907	0.605	0.053	0.212	5.883	0.218	0.079	0.321	0.683	0.531	0.201	4.36	0.313	0.397	0.162	1.273	11.966	0.001	0.005	0.004	0	0.096	0.007	0.014	0.003	0.077	0.052	1.735	0.048	0.301	0.091	0.03	0.082	0.061	0.11	0.028	0.031	0.017	0.003	0.04	0.587	1.195	0.293	0.102	0.172	1.406	0.239	1.515	0.197	1.012	1.109	0.106	1.601	0.692	0.312	0.189	0.142	2.153	0.008	0.003	0.003	0	0.035	0.011	0.026	0.251	0.156	0	0.002	0.02	0.166	0.432	0.027	1.457	1.369	0.018	0.167	0.037	0.004
ASV_72	1.207	12.624	0.0319382248510648	0.0963849999969633	Enriched	0.602	0.237	0	0.082	0.07	0.456	0.265	0.299	0.115	0.912	0.407	0.059	0.088	0.076	0.143	0.028	0.484	0.209	0.012	0.007	0.696	0.039	0.469	15.766	0.167	0.006	1	0.078	0.145	0.327	0	0.003	0.016	0.036	0.127	0.604	0.352	0.41	0.055	0.048	0.447	0.787	0.012	0.001	0.001	0.032	0.153	0.456	0.075	0.13	0.491	0.122	0.06	0.054	0.146	0.034	0.014	0.355	0.158	0.002	0.061	0.019	0.057	0.055	0.102	0.345	0.043	0.07	0.026	0.082	1.46	0.002	0	0.015	0.061	3.755	0.745	0.023	0.038	0.172	0.033	0.017	0.017	0
ASV_52	-1.072	13.228	0.0391114044234213	0.115961883290495	Depleted	0.422	0.659	0.419	0.021	0.04	0.001	0.101	0.077	0.084	0.094	0.069	0.525	0.008	0.011	0.02	0.08	0.047	0.016	0.065	0.372	0.023	0.244	0.131	1.268	0.208	0.48	0.331	1.898	0.097	3.646	0.205	3.611	0.002	0.104	0.356	0.305	0.165	0.254	0.513	0.934	0.073	0.137	0.198	0.491	0.433	0.039	0.038	0.179	0.111	0.037	0.146	0.134	0.233	0.009	0.06	0.008	0.053	0.014	0.074	0.037	0.027	0.126	0.161	0.063	1.235	0.067	0.867	0.087	0.136	0.094	0.579	0.109	2.26	0.053	0.097	0.524	0.059	0.964	0.339	0.191	0.379	0.019	4.575	11.753
ASV_24	1.982	11.902	0.0456440312627578	0.131790507308856	Enriched	0.436	0.094	0.003	0	0	0	0	0	0	0.014	0	0.002	0.008	0.003	0	0	0.011	0	0	0.002	0	0	0	0	0.004	0	12.141	0	0	0.005	0.005	0	0	0.016	0.003	0.001	0.012	0.067	0.362	0.639	0.243	4.791	0	0	0.014	0.001	0.002	0.002	0	0	0.002	0	0.23	0.012	0.007	0	0	0.007	0.002	0.002	0	0.006	0	0	0.134	0.003	0.041	0.746	0.011	0	0.002	0.014	0	0	0	0.151	0.003	0.002	1.158	0.265	0.217	0.703	0.023	0
ASV_104	1.085	11.434	0.0461561440544016	0.131790507308856	Enriched	0.294	0.175	0.2	0.07	0.191	0.103	0.074	0.014	0.075	0.031	7.247	0.593	0.877	0.035	0.089	0.064	0.018	0.275	0.045	0.179	0.032	0.004	0.048	0.01	0.031	0.015	0.002	0.091	0.08	1.311	0.007	0	0.002	0.281	0.003	0.008	0.017	0.014	0.008	0.165	0.038	0.008	0.004	0.012	0.012	0.574	0.116	0.068	0.042	1.161	0.025	2.2	0.126	0.027	0.019	0.032	0.004	0.024	0.052	0.785	0.994	0.123	0.015	0.022	0.008	0.009	0.027	0.022	0.149	0.025	0.148	0.033	0	0.002	0.028	0.002	0	0.006	0.033	0.029	0.006	0.019	0.007	0.011
ASV_90	-0.904	12.181	0.0467895292220789	0.131790507308856	Depleted	0.237	0.387	1.117	0.011	0.02	0.004	0.074	0.019	0.343	0.246	0.017	0.038	0.193	0.025	0.065	0.052	0.058	0.043	0.16	0.145	0.047	0.188	0.04	0.144	0.312	0.056	1.429	0.011	0.177	0.033	0.36	1.385	0.052	0.069	0.07	0.018	0.021	0.327	0.245	0.713	0.113	1.334	0.055	0.138	0.947	0.014	0.026	0.365	0.126	0.049	0.204	0.043	0.088	0.134	0.096	0.066	0.148	0.014	0.049	0.091	0.075	0.04	0.128	0.031	0.628	0.214	0.144	0.153	0.033	0.172	0.042	0.198	1.875	0.166	4.974	0.355	0.011	0.653	0.319	0.137	0.367	0.019	2.274	0.025
ASV_16	1.41	13.518	0.050315536203652	0.13939878062979	NotSig	1.168	0.554	0.423	8.612	6.077	0.852	0.169	1.031	0.145	0.197	0.059	0.348	1.128	0.991	0.756	0.642	0.902	0.458	2.107	3.63	0.095	0.343	0.004	0.542	0.004	0	0.003	0.002	0.013	0.002	0.009	0	19.29	0.117	0.092	0	0	0.002	0	0	0	0	0.001	0.006	0.341	4.865	1.079	0.163	0.842	0.089	0.158	0.247	0.18	2.021	0.484	1.831	0.118	0.753	0.637	0.433	0.952	6.36	0.187	0.005	0.002	0.027	0.003	0.008	0.003	0.006	0	0.002	0	0.06	0.186	0.082	0	0	0.001	0	0.001	0.006	0.012	0
ASV_870	-0.855	10.838	0.0533099893061099	0.144537563604649	NotSig	0.142	0.23	0.039	0.005	0.015	0.008	0.083	0.007	0.133	0.186	0.031	0.093	0.133	0.536	0.735	1.273	0.292	0.077	0.574	0.481	0.07	0.012	0.006	0.029	0.044	0	0.04	0.046	0.269	0.156	0.018	0.005	0.004	0.018	0.031	0.054	0.008	0.062	0.021	0.032	0.303	0.002	0.005	0.012	0.017	0.007	0.015	0.095	0.496	0.033	0.214	0.107	0.145	0.773	0.755	0.209	1.984	0.202	1.705	0.393	0.52	0.454	0.141	0.001	0.005	0.006	0.152	0.011	0.045	0.021	0.011	0.006	0.051	0.172	0	0.006	0.008	0.021	0.134	0.172	0.049	0.029	0.009	0.017
ASV_40	-0.79	12.118	0.053880866905875	0.144537563604649	NotSig	0.254	0.479	1.199	0.045	0.117	0.111	0.6	0.359	0.28	0.579	0.042	0.002	0.413	0.074	0.323	0.126	0.188	0.064	0.232	0.229	0.055	0.211	0.012	0.325	0.68	0.004	0.897	0.003	0.044	0.094	0.551	0.116	0.532	0.021	0.035	0.201	0.135	0.407	0.411	0.004	0.022	0.249	0.665	0.015	1.392	0.781	0.602	1.346	0.978	0.871	3.233	0.068	0.066	2.49	0.221	1.44	0.315	0.224	0.131	0.156	0.099	0.082	0.268	0.012	0.141	0.098	0.014	0.062	0.015	0.01	0.051	0.068	0.029	0.084	0.317	0.116	0.659	0.029	0.265	0.363	0.059	0.087	1.859	0.049
ASV_114	1.374	10.977	0.0549992813041311	0.145232477193721	NotSig	0.136	0.068	0.016	0.002	0.004	0	0.004	0.019	0.048	0.009	0.021	0.022	0.018	0	0	0.01	0.004	0.091	0.015	0.024	0.025	0.004	0.012	0.075	0.004	4.608	0.017	0.007	0.002	0	0	0	0.004	0.034	0	0.002	0.566	0.039	0	0	0.001	0	0.004	0.005	0	0.004	0.002	0.012	0.007	0.151	0.013	0.032	0.016	0.027	0	0.008	0	0.021	0.002	0.021	0.004	0.042	0.011	1.085	0.549	0.061	0.01	0.001	0.002	0.003	0.069	0.192	0.064	0.002	0	0.002	0.005	0.015	0.026	0.001	0.03	0	0.194	0.055
ASV_48	0.935	11.457	0.0558865639891371	0.145305066371756	NotSig	0.248	0.167	0.054	0.174	0.09	0.243	0.294	0.16	0.996	0.2	0.809	0.16	0.145	0.005	0.011	0.101	0.143	0.529	0.384	0.322	0.066	0.149	0.083	0.056	0.002	0.006	0.047	0.036	0.038	0.003	0.064	0	0.018	0.027	0.016	4.763	0.018	0.125	0.026	0.008	0.004	0.012	0.018	0.015	0.124	0.133	0.119	0.2	0.178	0.184	0.125	1.411	0.006	0.033	0.029	0.034	0.018	0.111	0.111	0.147	0.66	0.448	0.064	0.041	0.002	0.775	0.091	0.009	0.002	0.003	0.003	0.024	0	0.077	0.168	0.02	0.852	0.035	0.089	0.241	0.033	0.012	0.043	0.035
ASV_9	0.79	14.554	0.0593414294317427	0.151950023847947	NotSig	2.173	1.186	0.74	1.402	1	1.309	0.652	0.84	0.384	0.582	0.499	1.663	0.807	0.577	0.355	0.49	0.616	0.545	0.604	0.876	0.498	0.14	9.594	25.887	1.744	0.784	3.041	10.42	0.819	2.853	0.963	12.256	0.133	0.189	0.95	0.16	0.139	0.217	0.941	0.048	0.958	1.632	0.93	2.048	1.956	0.311	0.397	1.183	0.54	0.99	1.227	0.345	0.765	0.672	0.573	0.214	0.102	0.325	0.17	0.317	1.172	0.87	0.244	2.515	0.345	6.706	0.756	0.391	0.678	0.793	10.564	1.633	0.253	5.162	1.715	0.131	0.114	0.24	0.448	0.257	0.524	0.333	1.323	0.169
ASV_116	0.967	11.505	0.0631536515844129	0.159298016683071	NotSig	0.364	0.183	0.037	0.556	0.213	0.85	0.117	0.121	0.077	0.099	0.323	0.273	0.053	0.06	0.496	2.621	0.35	3.49	1.708	1.61	1.298	0.035	0.003	0.024	0.004	0.244	0.003	0.008	0.003	0.002	0.002	0.001	0.022	0.012	0.004	0.364	0.004	0.101	0.013	0	0.013	0.023	0.033	0.01	0.04	0.091	1.6	0.039	0.122	0.065	0.024	0.079	0.063	0.015	0.206	0.127	0.224	0.29	0.21	1.176	1.082	1.354	0.123	0.02	0	0.021	0.06	0.006	0.012	0.007	0.014	0.077	0.002	0.005	0.006	0.008	0.047	0.002	0.03	0.005	0.04	0.004	0.005	0.022
ASV_4	-0.723	15.066	0.0651024625249671	0.16003266569115	NotSig	2.363	3.931	2.036	0.527	0.615	0.209	2.593	1.391	8.563	2.191	1.098	1.357	3.962	4.773	5.014	10.057	3.893	1.747	9.03	7.481	1.529	0.506	0.147	0.511	2.354	0.079	0.132	0.511	6.101	2.393	0.64	0.161	0.062	0.293	0.096	6.335	0.274	8.547	0.901	0.418	0.171	0.1	0.43	0.009	1.298	0.647	0.42	2.021	9.834	2.24	2.713	3.615	9.63	20.217	5.28	1.429	11.057	3.319	10.926	6.044	9.995	10.439	4.525	0.081	0.143	12.143	3.926	0.154	0.352	0.403	0.323	0.367	0.442	0.913	0.085	5.777	2.421	0.313	3.41	6.42	2.024	1.477	0.152	0.242
ASV_157	1.275	9.451	0.0653387806668008	0.16003266569115	NotSig	0.054	0.032	0.042	0.003	0.002	0	0	0.014	0.004	0.028	0.184	0.01	0.013	0.003	0.011	0.003	0.002	0	0.007	0.017	0.206	0.229	0.001	0.002	0.004	0.914	0.005	0	0	0.002	0.002	0.003	0	0.515	0	0	0.036	0.005	0	0	0	0	0.001	0	0.105	0.001	0.005	0.004	0.01	0.016	0.025	0.026	0.006	0.039	0.01	0.011	0	0.009	0.002	0	0.354	0.015	0.196	0.009	0.121	0.006	0	0.002	0	0	0.01	0.209	0.015	0	0	0.001	0	0.004	0.001	0.006	0.001	0	0.005	0.056
ASV_91	-1.241	11.856	0.0767230922818771	0.18523146565196	NotSig	0.147	0.256	0.006	0	0	0.003	0	0.005	0.14	0	0.103	0.531	0.01	0.046	0.093	0.054	0.033	0.095	1.127	0.055	0	0.004	0.553	0.015	0.029	2.641	0.002	0.054	0.216	0.058	0.002	0.243	0	0.015	0	0.001	0	0.001	0.002	0.015	0.005	0.013	0.001	0.007	0.013	0.003	0.029	0.004	0.03	0.057	0.002	0.279	0.425	0.069	0.017	0.069	0.008	0.009	0.025	0.1	0.075	0.322	0.024	0.043	0.01	0.018	0.046	0.017	0.728	6.894	0.104	0.691	0	0	0	0	0.005	0.002	0.106	0.004	0.004	0	0.001	0.004
ASV_144	0.934	10.182	0.0849996357936583	0.202323076748285	NotSig	0.123	0.072	0.002	0.006	0.006	0.191	0.146	0.141	0.047	0.731	0.004	0.002	0.479	0.049	0.225	0.157	0.362	0.186	0.04	0.045	0.668	1.225	0	0.003	0.29	0	0.002	0	0.006	0	0.046	0	0.026	0.011	0.007	0	0.012	0.014	0.015	0.001	0.001	0.001	0	0	0.146	0.011	0.096	0.114	0.089	0.048	0.09	0.006	0.047	0.322	0.058	0.119	0.169	0.075	0.294	0.293	0.063	0.056	0.378	0	0.044	0.052	0.001	0.004	0.002	0.006	0	0.039	0.004	0.005	0.004	0.007	0.003	0.002	0.046	0.041	0.055	0.002	0.089	0.004
ASV_71	0.858	10.256	0.0908588818472177	0.210601991447004	NotSig	0.106	0.084	0.028	0.003	0.011	0.01	0.005	0.208	0.018	0.038	0.044	0.022	0.085	0.131	0.21	0.052	0.031	0.016	0.015	0.081	0.013	0.056	0.004	0.008	0.002	0.053	0.002	0.002	0	0	0.025	0.593	0.01	0.081	2.178	0.027	0.016	0.145	0.019	0.007	0.011	0.019	0.009	0.181	0.006	0.013	0.007	0.021	0.357	0.035	0.158	0.188	0.035	0.087	0.257	1.519	0.051	0.024	0.067	0.058	0.01	0.036	0.002	0.013	0.005	0.031	0	0	0.005	0.007	0.006	0.03	0	0.009	0.01	0.078	0.009	0.035	0.079	0.048	0.005	0.043	0.013	0.016
ASV_147	0.892	10.6	0.0915687784776218	0.210601991447004	NotSig	0.175	0.098	0.053	0.594	0.149	0.465	0.108	0.276	0.059	0.042	0.078	0.063	0.073	0.338	0.254	0.729	0.098	1.945	0.359	0.962	0.134	0.006	0	0.032	0	0.072	0	0.02	0	0	0	0.003	0.002	0.006	0.015	0.221	0.002	0.13	0.004	0.01	0.023	0.014	0	0.013	0.031	0.068	0.807	0.037	0.137	0.054	0.009	0.041	0.091	0.027	0.108	0.087	0.083	0.094	0.072	0.589	0.648	0.603	0.022	0.003	0	0.031	0.008	0.033	0.017	0.001	0.016	0.008	0.062	0.002	0	0.01	0.07	0.002	0.034	0.001	0.003	0.002	0.009	0.012
ASV_80	2.006	8.761	0.0922162566099307	0.210601991447004	NotSig	0.04	0.014	0	0.421	0.116	0.008	0.002	0	0.023	0	0.008	0	0	0	0.002	0	0	0.005	0	0	0.004	0	0	1.091	0	0	0	0	0	0	0	0	0.002	0	0	0	0	0.001	0	0	0	0	0	0	0	0.105	0.085	0.002	0.003	0.318	0	0.004	0	0	0	0.005	0	0.002	0	0	0	0.013	0	0	0.002	0.003	0.001	0	0	0	0	0	0	0	0	0	0	0	0	0.001	0	0	0	0
ASV_63	0.709	11.6	0.106451288602554	0.239870236984421	NotSig	0.301	0.196	0.026	0.136	0.251	1.551	0.137	1.056	0.169	0.263	0.113	0.168	0.439	0.133	0.113	0.268	0.152	3.145	0.581	1.074	0.297	0.737	0.016	0.01	0.037	0.008	0.024	0.1	0.028	0.034	0.068	0.091	0.06	0.04	0.098	1.02	0.007	0.049	0.013	0.041	0.028	0.022	0.009	0.022	0.013	0.177	0.282	0.079	0.292	0.056	0.123	0.243	0.28	0.224	0.271	0.064	0.069	0.228	0.057	0.638	0.606	1.031	0.11	0.05	0.002	0	0.025	0.01	0.035	0.038	1.611	0.021	0.125	0.02	0.05	0.583	0.075	0.029	0.16	0.019	0.129	0.006	0.009	0.006
ASV_34	-0.767	12.987	0.118784098757834	0.264138324869393	NotSig	0.418	0.495	0.115	0.124	0.092	0.133	0.049	0.054	0.278	0.314	0.034	0.199	0.241	0.052	0.189	0.116	0.054	0.02	0.057	0.229	0.019	0.027	1.566	1.197	0.123	0.718	0.096	0.722	0.038	0.175	0.025	0.869	0.064	0.149	0.045	3.028	0.027	0.122	0.098	0.245	0.186	4.733	0.034	0.92	0.296	0.12	0.072	0.061	0.04	0.447	0.302	0.09	0.082	0.039	0.101	0.302	0.043	0.071	0.032	0.051	0.013	0.05	0.013	0.831	0.448	0.049	1.422	0.829	0.505	0.018	0.312	0.018	0.253	0.834	0.172	2.779	0.092	0.124	0.134	0.168	0.103	8.075	0.044	0.385
ASV_148	1.716	10.56	0.126435501925315	0.277501296433484	NotSig	0.108	0.036	0.003	0.002	0	0	0	0	0	0	0	0	0	0	0	0	0.002	0.007	0.002	0	0.004	0	0.165	0.356	0.002	3.872	0	0.015	0.008	0.002	0	0.03	0	0	0.001	0	0	0.001	0	0	0	0	0.017	0.035	0.067	0.001	0	0	0	0	0	0	0.003	0	0	0	0.006	0	0.007	0	0	0	0	0.59	0	0.015	0.06	0.006	0.005	0	0.265	0	0	0	0.002	0	0	0	0	0	0.001	0.318	0.072	0.039
ASV_7	0.645	14.373	0.130740169796126	0.283270367891606	NotSig	1.605	1.106	0.147	0.326	0.734	0.777	0.139	0.024	0.838	0.291	2.236	3.038	0.699	0.207	1.931	0.742	0.304	0.068	0.342	1.134	0.766	1.07	0.806	0.588	0.731	20.903	0.493	1.227	4.56	0.818	0.442	0.212	0.067	7.038	0.174	0.237	2.338	0.714	1.463	0.08	2.492	0.232	2.102	3.889	0.278	0.186	1.177	0.258	0.314	0.774	0.185	1.228	2.082	0.343	0.54	1.556	0.157	0.431	0.304	0.382	2.241	0.908	1.451	1.147	9.59	0.973	5.655	0.975	0.203	1.311	0.796	3.395	0.497	0.038	0.325	0.282	0.105	0.356	2.004	0.483	0.193	0.155	0.779	0.166
ASV_17	-0.608	11.956	0.140429265687722	0.300411973433227	NotSig	0.29	0.382	0.039	0.121	0.149	0.128	0.841	0.036	0.178	0.103	0.134	1.722	1.684	0.52	0.134	0.258	0.451	0.15	0.214	0.457	0.108	0.378	0.013	0.156	1.224	0.011	0.749	0.003	0.011	0.016	0.23	0.097	0.911	0.039	0.194	0.016	0.022	0.082	0.335	0.004	0.022	0.027	0.113	0.088	0	1.369	0.431	2.071	0.28	0.477	0.245	0.35	0.617	0.606	0.18	0.746	0.146	0.631	0.43	0.1	0.101	0.36	0.482	0.029	0.948	0.235	0.011	0.02	0.015	0.001	0.027	0.045	0.097	0.091	0.069	0.025	0.111	0.015	1.174	0.206	0.547	0.041	1.85	0.097
ASV_49	0.729	12.503	0.144192128044271	0.30160025264118	NotSig	0.502	0.298	0.082	0.164	0.158	0.198	0.032	0.003	0.402	0.032	2.555	0.687	0.251	0.218	0.297	0.134	0.697	0.045	0.294	1.022	0.068	0.176	0.611	0.012	0.018	0.021	0.005	0.011	0.025	0.017	0.002	0.038	0.153	0.021	0.432	0.171	0.43	0.596	0.032	0.003	0.455	0.174	0.219	10.107	0.1	0.112	0.379	0.058	0.137	0.169	0.044	0.949	0.224	0.093	0.772	0.31	0.075	0.916	0.166	0.088	0.9	0.243	0.198	0.031	0.005	1.007	0.028	0.004	0.044	1.684	0.026	0.13	0.002	0.002	0.164	2.22	0.161	0.006	0.041	0.04	0.038	0.012	0.22	0.131
ASV_12	-0.65	12.613	0.144553967242222	0.30160025264118	NotSig	0.514	0.751	0.057	0.124	0.088	2.682	0.229	0.228	2.001	0.051	0.111	0.66	0.596	2.875	0.631	4.34	1.264	1.051	1.157	0.793	0.284	0.186	0.009	0.039	0.022	0.01	0.121	0.116	0.042	0.006	0.43	0.034	0.113	0.061	0.137	0.212	0.013	0.046	0.316	0.034	0.01	0.074	0.293	0.021	0.805	0.13	0.15	0.284	0.235	1.663	0.035	0.192	11.366	0.499	2.18	0.844	1.352	1.429	0.936	0.44	0.805	0.939	0.136	0.028	0.012	1.861	0.006	0.062	0.058	0.14	0.01	0.975	0.002	0.026	0.105	1.459	0.34	0.004	0.087	0.045	0.059	0.062	0.011	0.281
ASV_1	0.546	16.429	0.166697682760031	0.339485234757424	NotSig	8.24	6.212	20.94	14.534	17.989	15.468	40.208	42.028	16.461	12.272	5.755	3.044	5.257	5.004	21.615	3.428	17.792	4.993	6.509	7.374	11.856	19.01	0.112	1.453	20.029	0.29	2.889	0.235	0.649	0.437	5.904	0.557	4.516	0.261	1.085	0.339	2.901	6.844	1.658	0.158	0.201	1.55	2.032	0.446	5.815	31.267	6.652	21.516	15.99	12.146	4.341	8.721	2.293	2.654	11.062	13.333	3.882	19.785	8.443	7.865	5.961	6.722	10.891	0.43	0.735	13.379	0.394	0.256	0.161	0.168	1.44	1	0.675	0.812	6.027	0.355	1.947	1.3	8.316	2.578	3.521	1.477	3.556	0.621
ASV_108	-0.717	9.914	0.166729434821693	0.339485234757424	NotSig	0.08	0.109	0.033	0.003	0.006	0.001	0.205	0.012	0.404	0.108	0.017	0.087	0.128	0.016	0.169	1.521	0.232	0.061	0.07	0.081	0.011	0.006	0	0.005	0.004	0	0.003	0.002	0.002	0.002	0.02	0.004	0.012	0.004	0.044	0.003	0.045	0.015	0.011	0.007	0.001	0.002	0.001	0	0.695	0.017	0.013	0.303	0.293	0.509	0.013	0.147	0.003	0.194	0.094	0.22	0.433	0.285	0.245	0.056	0.113	0.165	0.015	0.001	0.002	0.104	0	0	0.002	0.001	0.026	0	0	0.004	0.004	0.007	0.182	0.01	0.132	0.069	0.005	0.01	0.005	0.002
ASV_28	2.285	14.471	0.171564480054797	0.34517139439596	NotSig	1.398	0.507	0	0	0	0	0	0	0	0	0	0	0	0	0	0	0	0	0	0	0	0	0	0	0	0	0	0.005	0	0	0	0	0	0.275	0	0.002	0.001	0.531	0.989	55.504	0.953	0.459	0.006	0.003	0	0	0	0	0	0	0	0	0	0	0	0	0	0	0	0	0	0	0	0	0	0	0	0.001	0.005	0	0.003	0	0	0	0	0.146	0	0.128	0.543	18.077	0.288	1.09	0.004	0.001
ASV_73	0.65	11.736	0.175725423416323	0.347576915831527	NotSig	0.366	0.253	0.15	0.036	0.039	0.019	0.341	0.085	0.239	1.72	0.063	0.186	0.043	0.223	0.284	0.611	1.103	1.169	1.89	1.712	1.236	0.074	0.116	0.129	0.11	0.069	0.002	0.201	0.544	0.861	0.772	0.01	0	0.005	0	1.147	0.013	0.017	0.016	0.001	0.01	0	0.13	0.008	0.866	0.035	0.036	0.37	0.136	0.121	1.996	0.23	0.23	0.051	0.118	0.101	0.24	0.862	0.18	0.65	0.627	1.316	0.723	0.024	0.015	0.336	0.007	0.001	0.091	0.022	0.1	0.033	0.095	0	0	0.017	0.139	0.033	0.06	0.018	0.093	0.002	0.124	0.007
ASV_126	-0.781	11.128	0.176873460127286	0.347576915831527	NotSig	0.106	0.159	0.073	0.003	0.006	0.001	0.011	0.003	0.007	0.005	0.023	0.012	0.038	0.016	0.063	0.015	0.02	0.005	0	0.012	0.004	0.006	0.025	1.815	0.011	0.011	0.061	0.003	0.011	0.002	0.032	0.017	0.095	0.041	0.578	0.017	0.737	0.109	0.367	0.001	0.014	0.071	0.026	0.081	0.003	0.028	0.003	0.016	0.022	0.003	0.011	0.021	0.006	0.024	0.002	0.029	0.02	0.012	0.007	0.014	0.017	0.008	0.004	0.035	0.158	0.085	0.018	0.015	0.006	0.004	0.003	0.011	3.469	0.004	0.002	0.021	0.15	0.035	0.093	0.067	0.05	0.014	0.2	1.652
ASV_97	0.481	11.744	0.191580276925564	0.372150193108279	NotSig	0.308	0.212	0.047	0.355	0.218	0.505	0.059	0.068	0.092	0.099	0.291	0.12	0.326	0.869	0.228	0.204	0.194	0.229	0.192	0.591	0.221	0.058	1.056	0.08	0.14	0.149	0.12	1.786	0.159	1.027	0.064	1.808	0.008	0.048	0.282	0.049	0.005	0.062	0.145	0.187	0.307	0.162	0.09	0.219	0.083	0.052	0.255	0.098	0.106	0.129	0.13	0.748	0.161	0.251	0.494	0.13	0.108	0.106	0.084	0.163	0.34	0.289	0.11	0.25	0.063	0.034	0.297	0.322	0.832	0.211	1.741	0.323	0.086	0.011	0.01	0.013	0.042	0.1	0.073	0.077	0.026	0.079	0.044	0.01
ASV_105	-0.906	9.186	0.201160687826434	0.379658401296991	NotSig	0.032	0.06	0	0.002	0.006	0.028	0	0	0	0	0.015	0.036	0	0.014	0.293	0.049	0.029	0	0.012	0.014	0	0.041	0.013	0	0	0	0.101	0	0	0	0	0	0.002	0.504	0.015	0	0	0.011	0.022	0.006	0.019	0.11	0.001	0.002	0	0.015	0.077	0.002	0	0.002	0	0.092	0.016	0	0.07	1.146	0.051	0.012	0.022	0.037	0.013	0.004	0.004	0.093	0	0	0.038	0.085	0	0	0.006	0	0.495	0	0	0.007	0.002	0.002	0.046	0.043	0.005	0.033	0	0
ASV_67	-0.7	10.548	0.201563090521133	0.379658401296991	NotSig	0.086	0.159	0	0.017	0.018	0.208	0.022	0	0.002	0.003	0.01	0	0.065	0.305	0.137	0.134	0.038	0.052	0.007	0.193	0.017	0.027	0.027	0.005	0.022	0.004	0.192	0.026	0.016	0.48	0	0.01	0	0.002	0.001	0.008	0.017	0.005	0.029	0.007	0.047	0.27	0.084	1.104	0	0.013	0.176	0.002	0.002	0.002	0.002	0.013	0.044	0.036	0.993	0.172	0.067	0.038	0.104	0.077	0.023	0.01	0.086	0.106	0.197	0	0.1	0.151	0.027	0.018	0.389	0.008	0.007	0	0.002	0.005	0	0.052	3.11	0.072	0.036	0.027	0.168	0.041
ASV_156	1.126	10.163	0.202184947436267	0.379658401296991	NotSig	0.144	0.08	0	0	0	0	0.007	0.048	0.005	0.04	0.002	0.113	1.431	0.038	0.052	0.232	0.647	1.593	0.01	0.048	1.72	0.025	0	0	0.004	0	0	0	0	0	0	0	0.04	0	0	0	0	0.005	0	0	0	0	0	0	0.051	0.001	0.013	0.011	0.012	0.002	0.006	0.002	0.214	0.848	0.029	0.053	0.329	0.636	0.823	0.056	0.019	0.056	0.009	0	0.003	0.006	0.001	0	0	0	0	0	0	0.002	0	0.001	0	0	0	0.004	0	0	0	0
ASV_125	-1.201	10.85	0.207363817552946	0.385104232598328	NotSig	0.07	0.148	0.009	0	0	0	0	0	0.002	0.003	0	0	0.025	0	0	0	0	0	0.002	0.002	0	0	0.001	0.019	0.022	0	0.094	0	0	0	0	0	0.03	2.152	0.003	0.026	0.464	0.031	0.011	0	0	0.001	0.021	0.003	0	0.004	0	0	0	0	0.005	0	0	0.003	0.002	0	0	0.002	0.005	0	0.002	0.004	0	0	3.301	0.049	0.014	0.142	0	0	0	0	0.018	0.007	0.018	0.022	0.873	0.122	0.03	0.21	0.001	0.002	1.066	0.024
ASV_79	0.483	11.45	0.218521127578633	0.401413810443359	NotSig	0.246	0.193	0.04	0.115	0.321	0.451	0.445	0.76	0.233	0.114	0.025	0.158	0.378	0.109	0.661	0.17	0.313	0.325	0.299	0.114	0.339	0.799	0.371	0.376	0.922	0.006	0.024	0.013	0.036	0.014	0.653	0.044	0.03	0.064	0.079	0.016	0.095	1.085	0.112	0.004	0.041	0.102	0.036	0.024	0.04	0.531	0.264	0.251	0.126	0.313	0.06	0.096	0.072	0.152	0.165	0.315	0.138	0.247	0.408	0.326	0.075	0.172	2.065	0.034	0.022	0.311	0.014	0.013	0.011	0.008	0.14	0.056	0.024	0.038	0.01	0.151	0.56	0.015	0.068	0.126	0.248	0.004	0.025	0.012
ASV_86	-0.711	10.706	0.224583539549618	0.408114174020273	NotSig	0.098	0.153	0	0.023	0.044	0.189	0	0	0	0	0.019	0	0.008	0.079	0.286	0.09	0.248	0.016	0.095	0	0.013	0.12	0.155	0.237	0.832	0.001	0.057	0.227	0.025	0.038	0.002	0.037	0.002	0.039	0	0.154	0.162	0.176	0.012	0.021	0.023	0.613	0.054	0.006	0	0.015	0.127	0	0	0	0	0.006	0.003	0.006	0.175	1.225	0.061	0.212	0.237	0.023	0.09	0.004	0.097	0.548	1.148	0.146	0.031	0.334	0.053	0.022	0.069	0	0	0	0.002	0.007	0.052	0.371	0.931	0.048	0.025	0.033	0.033	0.001
ASV_121	-0.506	9.835	0.232601401608437	0.417695626946656	NotSig	0.078	0.099	0.025	0.006	0.037	0.008	0.074	0.005	0.022	0.336	0.344	0.192	0.058	0.125	0.13	0.608	0.074	0.048	0.658	0.181	0.053	0.047	0.06	0.003	0.024	0.015	0.003	0.005	0.002	0.022	0.016	0.022	0.004	0.004	0.02	0.021	0	0.002	0.007	0	0.003	0.005	0.016	0.005	0.083	0.022	0.036	0.098	0.035	0.348	0.155	0.586	0.12	0.197	0.082	0.167	0.171	0.059	0.435	0.219	0.203	0.13	0.229	0.018	0.003	0.006	0.004	0.008	0.003	0.017	0.003	0.053	0.011	0.002	0.002	0.003	0.013	0.004	0.058	0.016	0.03	0.008	0.081	0.242
ASV_115	-0.514	10.117	0.2379104989856	0.417695626946656	NotSig	0.087	0.123	0.016	0.024	0.046	0.032	0.072	0.077	0.097	0.005	0.082	0.322	0.12	0.387	0.15	0.16	0.076	0.227	0.242	0.152	0.897	0.039	0.088	0.002	0	0.003	0	0.008	0.016	0.086	0.023	0.03	0.02	0.02	0.02	0.001	0.001	0.001	0.022	0.032	0.008	0.016	0.002	0.024	0.006	0.018	0.162	0.107	0.267	0.076	0.017	0.1	1.874	0.242	0.17	0.209	0.1	0.165	0.049	0.23	0.151	0.157	0.042	0.017	0	0	0.065	0.004	0.005	0.09	0.013	0.092	0.018	0.011	0.012	0.016	0.074	0.002	0.076	0.005	0.183	0.101	0.009	0.001
ASV_62	0.603	12.608	0.239348071548754	0.417695626946656	NotSig	0.547	0.285	0.057	0.024	0.053	0.017	0.014	0.024	0.151	0.079	0.05	0.014	0.193	0.046	0.03	0.041	0.013	0.034	0.02	0.131	0.04	0.021	2.973	0.159	0.204	0.107	0.256	0.819	0.467	9.427	0.112	0.891	0.016	0.245	0.893	0.05	0.025	0.148	0.094	0.31	4.276	0.072	0.098	0.266	0.038	0.018	0.047	0.025	0.025	0.105	0.062	0.064	0.019	0.093	0.038	0.045	0.028	0.014	0.032	0.019	0.029	0.025	0.075	0.641	0.723	0.235	0.222	0.243	0.443	0.124	0.473	0.841	0.018	0.002	0.059	0.068	0.025	4.506	0.118	0.377	0.173	0.172	0.089	1.027
ASV_88	-0.685	12.331	0.239742460436838	0.417695626946656	NotSig	0.256	0.395	0.054	0.002	0.017	0.003	0.02	0.007	0.009	0.038	0.034	0.016	0.05	0.025	0.232	0.01	0.009	0.005	0.042	0.026	0.002	0.016	0.089	0.173	0.32	0.434	0.275	0.016	0.005	0.036	0.025	0.048	0.036	0.099	7.908	0.007	0.042	0.112	0.038	0.001	0.028	0.01	0.031	0.421	0.041	0.007	0.023	0.051	0.007	0.038	0.079	0.034	0.044	0.075	0.029	0.122	0.01	0.035	0.012	0.03	0.01	0.01	0.081	0.36	0.764	0.369	0.365	0.034	0.018	0.025	0.056	0.58	9.696	0.013	0.03	0.024	0.022	2.195	0.077	0.103	0.024	0.015	0.246	0.025
ASV_8	-0.508	14.601	0.265253161006412	0.455216160652924	NotSig	1.625	1.727	0.065	2.025	1.613	1.114	0.218	0.054	0.497	0.676	0.312	0.136	0.792	1.331	0.488	0.503	0.473	0.835	0.611	0.798	0.229	0.206	1.138	0.088	0.312	0.035	0.73	0.82	1.435	8.962	0.184	8.221	0.083	3.104	0.124	0.382	0.062	0.197	0.544	0.294	13.889	5.908	5.974	2.803	0.541	0.503	1.308	0.282	0.298	0.803	1.331	0.215	0.718	0.842	0.683	0.463	0.171	0.292	0.381	0.666	1.233	0.636	0.328	0.557	1.493	0.088	0.276	21.347	15.52	2.393	7.696	3.115	0.169	0.057	0.15	0.127	0.232	0.294	1.07	0.404	1.488	0.29	0.407	0.22
ASV_152	0.452	10.636	0.266665088193133	0.455216160652924	NotSig	0.148	0.107	0.161	0.017	0.099	0.026	0.124	0.206	0.093	0.283	0.019	0.138	0.193	0.09	0.141	0.036	0.132	0.061	0.09	0.074	0.066	0.087	0.003	0.171	2.563	0.03	0.098	0.003	0.013	0.002	0.219	0.075	0.111	0.015	0.301	0.016	0.015	0.253	0.099	0.007	0.004	0.027	0.018	0.058	0.12	0.141	0.052	0.128	0.101	0.116	0.071	0.043	0.104	0.316	0.122	0.302	0.128	0.184	0.156	0.091	0.134	0.082	0.114	0.001	0.059	0.369	0.003	0.002	0.015	0.001	0.029	0.02	0.024	0	0.008	0.024	0.085	0.01	0.457	0.077	0.046	0.021	0.047	0.471
ASV_188	-0.55	10.71	0.275550743702009	0.465307054074309	NotSig	0.109	0.135	0.002	0.009	0.002	0.012	0.016	0.003	0.007	0.012	0.031	0.535	0.018	0.035	0.009	0.067	0.018	0.007	0.007	0.071	0.015	0.025	0.007	0.044	2.264	0.01	0.013	0.003	0.008	0.038	0.264	0.038	0.042	0.034	0.055	0.027	0.221	0.357	0.033	0.003	0.005	0.028	0.177	0.017	0.001	0.043	0.01	0.009	0.008	0.014	0.006	0.034	0.211	0.018	0.005	0.087	0.012	0.009	0.022	0.007	0.038	0.054	0.073	0.014	0.352	0.101	0	0.014	0.027	0.011	0.014	0.02	0.237	0.044	0.04	0.127	1.053	0.089	0.244	2.126	0.102	0.019	0.071	0.024
ASV_3	0.502	15.406	0.278082913973403	0.465307054074309	NotSig	4.003	3.141	23.584	8.93	15.547	6.946	4.535	0.201	3.247	15.993	18.973	5.892	2.944	2.048	4.879	1.631	3.59	0.906	0.913	1.793	2.121	3.122	0.025	1.021	0.156	0.011	0.106	0.185	2.022	0.094	29.312	0.639	0.179	0.089	1.787	1.143	0.025	0.157	1.445	0.124	0.305	0.107	0.487	0.915	5.71	13.015	9.112	6.804	1.284	7.159	19.993	4.506	4.495	1.388	9.623	6.68	1.627	2.528	1.208	0.824	2.619	1.546	1.453	0.033	0.112	0.375	0.161	0.344	0.406	2.32	0.18	9.662	0.132	0.038	2.083	0.292	5.405	0.054	0.131	0.166	1.91	0.087	0.055	0.102
ASV_29	-0.371	12.008	0.296578957675689	0.490797367210146	NotSig	0.277	0.359	0.209	0.206	0.209	0.269	0.191	0.031	0.21	0.177	0.966	0.67	0.241	0.098	0.234	0.131	0.29	0.07	0.292	0.288	0.085	0.105	0.511	0.557	0.72	0.408	0.273	0.145	0.019	0.144	0.018	0.295	0.012	0.04	0.197	0.041	0.264	0.04	0.103	0.024	0.175	0.843	0.297	1.523	0.952	0.091	0.348	0.461	0.072	0.426	0.516	2.232	0.469	0.272	0.329	0.228	0.061	0.139	0.082	0.172	0.193	0.169	0.589	1.033	1.376	0.519	0.098	0.096	0.159	0.472	0.206	0.483	0.048	0.015	0.636	0.005	0.005	0.234	0.13	0.036	0.396	0.064	0.494	0.052
ASV_143	0.528	10.84	0.299125022619201	0.490797367210146	NotSig	0.21	0.139	0.045	0.086	0.149	0.241	0.25	0.002	0.513	0.045	0.065	0.055	0.093	1.868	0.137	0.16	0.402	0.774	1.05	0.876	0.087	0.008	0.001	0.014	0.015	0	0.003	0.007	0.492	0.045	0.744	0.078	0	0	0.001	0.443	0.007	0.004	0.013	0.014	0.014	0	0	0	0.242	0.07	0.526	0.226	0.107	0.159	0.049	0.06	0.148	0.182	0.4	0.026	0.177	0.264	0.099	0.428	0.478	0.646	0.119	0	0	0.607	0.004	0.011	0.006	0.014	0.029	0.012	0.007	0	0.008	0.002	0.045	0.006	0.131	0.062	0.144	0.006	0.043	0.004
ASV_135	0.597	9.638	0.304446331889348	0.494725289320191	NotSig	0.081	0.051	0.022	0.074	0.347	1.54	0.029	0.005	0.023	0.003	0.069	0.028	0.01	0	0.462	0.165	0.145	0.059	0.172	0.029	0.055	0.025	0.015	0.012	0.031	0.003	0.005	0.011	0.002	0	0	0	0.002	0.001	0.003	0.01	0.004	0.012	0	0	0.006	0.005	0	0	0.026	0.06	0.513	0.007	0.005	0.013	0	0.35	0.003	0	0.067	0.119	0.057	0.061	0.119	0.107	0.117	0.046	0.095	0.007	0	0.015	0.137	0.015	0.002	0.007	0.003	0.003	0	0.002	0.046	0.01	0.005	0.006	0.003	0.003	0	0.004	0	0
ASV_6	0.485	14.005	0.308676801346929	0.496822661215533	NotSig	1.596	1.281	1.137	7.563	1.793	12.769	0.418	0.424	6.348	0.465	3.167	1.811	0.168	0.841	0.652	1.881	8.302	1.911	1.82	4.542	0.67	4.921	0.006	0.335	1.112	0.01	0.211	0.021	0.014	0.045	0.05	0.231	0.294	0.085	0.387	0.009	0.196	0.228	0.039	0.008	0.193	0.044	0.017	1.904	2.961	2.545	5.403	0.605	0.986	2.073	0.621	6.026	2.391	0.158	3.216	2.067	1.122	3.804	1.828	0.515	2.55	2.992	1.651	0.008	0.032	5.48	0.008	0.039	0.058	0.01	0.111	0.074	0.332	0.015	0.166	0.101	0.027	0.037	0.094	0.346	0.563	0.112	0.057	0.05
ASV_112	-0.617	11.991	0.318011065393784	0.507017641995749	NotSig	0.24	0.302	0.054	0.02	0.066	0.003	0.045	0.053	0.014	0.083	0	0.002	0.063	0.008	0.017	0.013	0.002	0	0.005	0.029	0.006	0.004	0.006	0.007	0.055	0.02	3.031	0	0.002	0.03	0.007	0.013	0.163	0.03	0.02	0.026	1.412	0.375	3.947	0.004	0.008	0.067	0.359	0.03	0.013	0.041	0.002	0.203	0.57	0.013	0.112	0.002	0	0.039	0.01	0.029	0.028	0.009	0.01	0.002	0.004	0.002	0.015	0.035	0.166	0.156	0.013	0.03	0.027	0	0.021	0.003	3.306	0.038	0.016	0.013	2.201	0.383	0.142	2.218	0.059	0.542	0.312	1.301
ASV_23	0.39	13.573	0.332678079850953	0.520733075710452	NotSig	1.031	0.745	0.592	0.418	0.938	0.992	0.148	0.493	0.409	0.33	0.434	0.751	0.569	0.112	0.173	0.18	0.138	0.613	0.267	0.393	1.813	0.196	13.127	0.269	1.815	0.843	0.683	3.831	0.402	2.986	0.781	3.66	0.105	0.113	0.901	0.113	0.056	0.181	0.248	0.098	0.421	0.766	1.053	0.88	0.934	0.292	0.287	0.407	0.303	1.005	0.685	0.111	0.608	0.454	0.189	0.159	0.067	0.087	0.193	0.247	0.776	0.362	0.178	1.898	0.146	1.992	0.707	0.203	0.376	0.553	8.048	1.071	0.099	0.717	5.049	0.093	0.097	0.224	0.209	0.118	0.142	0.207	0.446	0.074
ASV_56	-0.534	12.821	0.333093350616824	0.520733075710452	NotSig	0.377	0.509	0.409	0.006	0.017	0.024	0.164	0.031	0.549	0.128	0.029	0	0.03	0.076	0.054	0.093	0.047	0.027	0.02	0.024	0.055	0.021	0.152	0.347	0.25	0.068	0.024	5.153	3.19	0.423	1.097	1.524	0.083	0.978	0.101	0.013	0.038	0.067	0.016	0.203	0.144	0.081	0.022	0.045	0.772	0.003	0.005	0.096	0.178	1.547	0.291	0.002	0	0.021	0.086	0.029	0.252	0.021	0.022	0.037	0.103	0.04	0.163	0.107	0.032	0.488	0.99	0.372	8.036	0.235	0.233	3.489	0.002	0.035	0.164	0.067	0.002	0.025	0.191	0.098	0.104	0.025	0.13	1.864
ASV_141	0.431	10.963	0.335857427529226	0.520733075710452	NotSig	0.17	0.153	0.154	0.003	0.02	0.079	0.018	0.066	0.086	0.025	0.128	0.014	0.363	0.406	0.121	0.26	0.109	0.411	0.167	0.033	0.178	0.068	0.037	0.012	0.037	0.024	0.066	0.098	0.028	1.228	0.066	0.203	0.002	0	0.092	0.218	0.001	0.004	0.107	0.024	0.056	0.024	0.821	1.3	0.088	0.015	0.028	0.168	0.097	0.164	0.799	0.062	0.091	1.4	0.221	0.122	0.216	0.087	0.086	0.414	0.12	0.073	0.299	0.029	0.01	0.003	0.282	0.004	0.033	0.058	0.833	0	0.011	0	0.006	0.002	0.044	0.012	0.054	0.018	0.034	0.019	0.08	0.02
ASV_235	-0.412	10.061	0.35772456445118	0.548489574359505	NotSig	0.074	0.11	0.202	0.024	0.017	0.046	0.148	0.15	0.086	0.088	0.008	0.004	0.308	0.044	0.173	0.054	0.179	0.054	0.135	0.176	0.036	0.157	0	0.005	0.169	0	0.157	0.003	0.003	0.013	0.112	0.017	0.175	0.02	0.009	0.007	0.012	0.215	0.068	0.001	0	0.005	0.018	0.001	0.055	0.367	0.168	0.288	0.334	0.141	0.245	0.019	0.035	0.579	0.141	0.635	0.108	0.259	0.074	0.123	0.082	0.063	0.196	0.005	0.012	0.024	0.006	0.017	0.002	0	0.014	0.014	0.004	0.005	0.014	0.016	0.136	0.008	0.049	0.166	0	0	0.004	0.001
ASV_13	-0.436	14.451	0.363662026019488	0.548489574359505	NotSig	1.249	1.372	0.521	0.106	0.253	0.022	0.344	0.311	0.863	0.604	0.023	0.049	0.238	0.095	0.191	0.188	0.036	0.093	0.446	0.584	0.185	0.719	0.261	0.41	0.584	0.598	4.279	2.266	1.388	4.252	2.21	5.841	0.484	0.216	0.085	0.236	7.415	8.422	3.839	0.685	0.26	1.09	1.194	0.591	0.131	0.13	0.124	0.47	0.585	0.161	0.432	0.068	0.072	0.131	0.209	0.132	0.366	0.045	0.114	0.102	0.239	0.149	0.992	0.104	0.805	0.696	0.805	0.508	0.226	0.674	0.686	1.696	6.362	4.937	5.043	0.16	0.288	1.179	0.69	0.433	1.174	0.058	8.932	14.791
ASV_32	-0.373	11.616	0.370318775751095	0.548489574359505	NotSig	0.226	0.338	0.017	0.158	0.077	0.051	0.899	0.407	0.422	0.753	0.197	0.069	0.882	0.204	0.479	0.137	0.609	0.086	0.312	0.514	0.078	0.324	0.001	0.076	0.02	0.001	0.037	0.002	0.014	0.017	0.139	0.042	0.879	0.03	0.114	0.18	0.388	0.114	0.307	0.027	0.022	0.288	0.103	0.008	0.019	0.747	0.167	1.813	1.128	0.685	0.608	0.264	0.23	2.147	0.118	1.554	0.179	0.261	0.289	0.137	0.14	0.224	0.139	0.018	0.01	0.055	0.007	0.041	0.003	0.021	0.021	0.114	0.007	0.009	0.008	0.031	0.297	0.01	1.309	0.131	0.025	0.07	0.446	0.029
ASV_136	-0.534	10.784	0.374631733487116	0.548489574359505	NotSig	0.104	0.115	0	0.002	0.006	0	0.05	0.002	0	0.015	0.138	0.002	0.033	0.003	0.054	0.005	0.029	0.025	0.037	0.088	0.051	0.196	0.492	0.931	0.015	0.003	1.363	0	0.069	0.019	0.043	0.005	0.032	0.012	0.054	0.015	0.001	0.009	0.001	0.001	0.008	0.284	0.175	0.086	0	0	0	0.009	0.044	0.002	0.005	0.098	0.006	0	0.036	0.003	0.067	0.014	0.005	0.014	0.224	0.05	0.128	1.459	0.022	0.012	0.017	0.007	0.003	0.121	0.037	0.533	0	0.263	0.032	0.021	0.003	0	0.011	0.05	0.004	0.972	0.194	0.122
ASV_43	0.334	12.548	0.375273511920551	0.548489574359505	NotSig	0.475	0.397	0.622	0.126	0.295	0.307	0.541	3.127	0.722	0.767	0.157	0.053	0.824	0.558	0.501	0.572	0.509	1.076	0.247	0.369	1.476	0.157	0.027	0.291	0.663	0.017	0.211	0.047	0.1	0.08	0.849	0.098	0.474	0.107	0.085	0.203	1.083	1.894	0.249	0.022	0.038	0.223	0.172	0.026	0.238	0.302	0.297	0.594	0.473	0.816	0.423	0.188	0.189	0.496	0.369	0.254	0.27	0.581	0.509	0.324	0.224	0.291	0.358	0.01	0.015	0.564	0.107	0.043	0.018	0.054	0.034	0.13	0.231	0.088	1.861	1.507	1.997	0.073	0.485	0.766	0.203	0.019	0.291	0.191
ASV_78	0.385	10.937	0.37835911994188	0.548489574359505	NotSig	0.156	0.113	0.095	0.238	0.086	0.082	0.022	0.151	0.163	0.034	0.019	0.184	0.115	0.057	0.098	0.072	0.138	0.03	0.1	0.141	0.091	0.097	0.073	0.286	1.738	1.412	0.302	0.002	0.008	0	0.039	0.278	0.01	0.014	0.012	0.016	0.006	0.072	0.156	0.004	0.013	0.059	0.027	0.013	0.145	0.175	0.175	0.03	0.106	0.372	0.032	0.051	0.217	0.039	0.12	0.154	0.128	0.202	0.047	0.023	0.057	0.245	0.066	0.054	0.003	0.177	0.031	0.02	0.018	0.028	0.029	0.123	0.013	0.005	0.028	0.015	0.009	0.004	0.148	0.026	0.109	0.054	0.021	1.231
ASV_74	-0.413	11.803	0.379702301007206	0.548489574359505	NotSig	0.254	0.33	1.34	0.05	0.097	0.057	0.504	0.019	0.332	1.551	0.061	0.079	0.085	0.577	0.325	0.817	0.232	0.15	0.456	0.379	0.231	0.029	0.001	0.152	0.037	0	0.015	0.021	0.014	0.092	0.061	0.003	0.008	0.011	0.114	2.399	0.036	0.031	0.08	0.015	0.02	0.006	0.151	0.012	1.097	0.029	0.07	0.843	0.59	0.27	1.694	0.13	0.091	0.137	0.743	0.177	1.789	0.12	0.042	0.193	0.436	0.257	0.268	0.01	0.002	0.006	0.083	0.001	0.024	0.054	0.04	0.026	0.013	0.015	0	0.054	1.388	0.788	0.107	0.029	0.603	0.012	0.676	0.279
ASV_130	-0.39	10.924	0.379723551479658	0.548489574359505	NotSig	0.145	0.19	0.091	0.023	0.385	0.101	0.204	0.238	0.093	0.528	0.059	0.063	0.085	0.052	0.273	0.327	0.105	0.011	0.095	0.091	0.049	0.128	0.006	0.03	2.348	0.001	0.04	0.007	0.006	0.005	0.039	0.001	0.064	0.032	0.028	0.005	0.032	0.282	0.036	0.001	0.003	0.002	0.119	0.008	0.568	0.018	1.461	0.191	0.109	0.151	0.434	0.132	0.044	0.239	0.206	0.426	0.484	0.092	0.88	0.193	0.096	0.117	0.191	0.004	0.046	0.58	0.001	0.004	0.014	0.003	0.003	0.011	0.154	0.002	0.014	0.015	0.142	0.24	0.057	0.084	0.095	0.01	0.051	0.027
ASV_131	0.709	9.991	0.403850102057272	0.578395485149822	NotSig	0.198	0.092	0	0.002	0.002	0.003	0.002	0	0.004	0.002	0.013	0	0.403	7.411	0.089	0.126	0.002	0.009	0.112	0	0.004	0.002	0	0.002	0	0	0	0	0	0	0	0	0.036	0.001	0.001	0.002	0	0.001	0	0	0.006	0	0.005	0.081	0	0	0.003	0.004	0.007	0.002	0.002	0.006	0.318	0.263	2.638	0.172	0.112	0.012	0.017	0.012	0.01	0.008	0.051	0	0	0.012	0	0	0	0.006	0	0.002	0	0	0.002	0	0.003	0	0	0	0.005	0	0.005	0.002
ASV_65	0.325	12.127	0.423996335210801	0.598607575179577	NotSig	0.358	0.24	0.186	0.297	0.253	0.11	0.169	0.51	0.337	0.2	0.143	0.016	0.293	0.063	0.061	0.046	0.036	0.068	0.065	0.179	0.142	0.033	0.93	0.129	0.108	0.937	1.02	0.703	0.675	0.369	0.041	1.428	0.002	1.049	0.282	0.082	0.131	0.216	1.816	0.034	1.244	0.07	0.08	0.502	0.046	0.081	0.103	0.296	0.382	0.355	0.28	0.06	0.205	0.188	0.146	0.101	0.035	0.049	0.012	0.016	0.161	0.046	0.121	0.784	0.781	0.113	2.355	0.305	0.067	0.103	0.117	0.407	0.119	0.004	0.119	0.096	0.052	0.334	0.582	0.269	0.03	0.157	0.107	0.031
ASV_84	-0.425	11.193	0.430827897514588	0.598607575179577	NotSig	0.222	0.258	0.313	0.02	0.026	0.018	0.353	0.002	0.162	2.188	0.067	0.051	0.108	0.958	0.739	1.704	0.451	0.132	0.392	0.712	0.431	0.01	0.003	0.005	0.206	0.001	0.002	0.054	0.066	0.03	0.009	0.003	0.002	0.058	0.001	0.032	0.001	0.012	0.005	0	0.001	0.002	0.002	0	0.437	0.015	0.028	0.303	0.079	0.1	1.627	0.126	0.195	0.143	0.868	0.191	3.875	0.16	0.371	0.205	0.359	0.548	0.095	0	0.019	0.006	0.007	0.025	0.036	0	0.021	0.023	0	0.002	0.002	0.001	0.249	0.093	0.001	0.005	0.079	0.006	0.012	0.014
ASV_30	-0.408	12.655	0.43139056435702	0.598607575179577	NotSig	0.442	0.626	0.36	2.679	2.136	0.671	0.029	0.138	0.176	0.088	0.421	0.101	0.205	0.204	1.034	0.103	0.993	0.045	1.551	0.045	0.303	1.809	0.103	0.015	3.432	0.014	0.177	0.015	0.009	0.022	0.153	0.006	0.012	0.048	0.247	0.055	0.01	0.762	0.018	0	0.038	0.219	0.034	0.101	0.308	1.577	1.056	0.032	0.054	0.192	0.108	1.43	0.079	0.081	0.441	0.453	0.189	0.775	0.45	0.251	0.669	0.134	14.923	0.051	0.005	0.153	0	0.03	0.018	0.026	0.717	0.13	0.002	0.002	0.129	0.177	0.086	0.008	0.013	0.127	0.137	0.008	0.003	0.014
ASV_98	-0.787	9.576	0.432130912259813	0.598607575179577	NotSig	0.071	0.086	0	0.002	0	0	0.02	0	0.022	0.012	0	0	0.145	0.011	2.248	0.126	0	0	0	0	0	0.078	0.119	0.003	0	0	0.204	0	0.005	0	0	0	0	0	0.001	0	0	0	0	0	0	0	0	0	0	0	0	0.011	0.022	0.293	0.008	0	0.003	0.066	0.098	2.014	0.049	0	0.124	0.095	0	0	0	0.14	0.024	0.088	0.198	0.188	0	0.001	0.011	0	0	0	0	0	0	0	0	0	0	0	0	0.001
ASV_103	-0.348	11.243	0.45372679010804	0.623413231937063	NotSig	0.159	0.177	0	0.015	0.105	0.191	0.023	0.009	0.048	0.02	0.31	0.168	0.095	0.068	0.106	0.093	0.045	0.005	0.132	0.217	0.023	0.01	0.724	0.117	0.022	0.063	0.02	0.078	0.013	0.172	0.002	0.001	0.012	0.033	0.013	0.043	0.757	0.099	0.04	0.274	2.053	0.181	0.058	0.234	0.022	0.013	0.057	0.012	0.035	0.056	0.005	0.243	0.038	0.012	0.074	0.225	0.026	0.075	0.015	0.007	0.048	0.044	0.064	0.439	0.003	0.046	0.593	0.064	0.4	0.011	0.596	0.008	0.099	0.132	0.093	0.013	0.02	0.033	0.113	0.148	2.687	0.165	0.139	0.217
ASV_167	-0.478	10.711	0.459643783104663	0.626449994715226	NotSig	0.159	0.196	0.247	0.083	0.141	0.071	0.658	0	0.07	1.862	0.034	0.028	0.13	1.974	0.154	0.134	0.085	0.05	0.444	0.355	0.068	0.041	0	0.002	0.015	0	0.002	0.003	0.006	0.006	0.007	0.001	0	0.002	0.012	0	0	0	0.001	0.001	0	0	0	0	0.684	0.066	0.109	0.917	0.057	0.04	1.819	0.264	0.091	0.131	1.436	0.04	0.83	0.059	0.072	0.235	0.157	0.209	0.523	0	0	0	0.001	0	0.005	0	0.005	0.005	0	0.002	0.042	0.001	0.002	0	0.003	0.001	0.036	0.008	0.004	0.001
ASV_27	-0.341	13.459	0.494429467927205	0.668468640637582	NotSig	0.634	0.675	0.174	0.082	0.169	0.336	0.034	0.005	0.115	0.229	0.578	0.04	0.426	0.057	0.111	0.046	0.02	0.02	0.115	0.195	0.059	0.064	1.975	0.393	0.171	0.252	0.165	6.125	1.553	0.164	0.221	0.276	0.028	0.428	0.007	1.423	0.064	0.187	0.229	2.828	4.613	1.668	0.346	0.629	0.811	0.264	0.131	0.04	0.035	0.382	0.245	0.234	0.016	0.033	0.103	0.368	0.041	0.024	0.047	0.035	0.149	0.088	0.396	0.553	0.085	0.119	4.885	7.863	2.474	1.299	0.117	0.563	0.044	0.02	0.119	0.021	0.814	0.114	0.323	0.299	2.752	0.149	0.295	0.662
ASV_117	0.3	11.164	0.508602950309792	0.682173798431388	NotSig	0.188	0.144	0.011	0.305	0.708	0.889	0.112	0.024	0.031	0.029	0.023	0.059	0.21	0.011	0.421	0.247	0.098	0.007	0.042	0.795	0.023	0.035	0.118	0.052	0.276	0.138	0.059	0.109	0.023	1.164	0	0.024	0.024	0.376	0.013	0.01	0.415	0.039	0.419	0.493	0.025	0.009	0.01	0.002	0.006	0.486	0.762	0.244	0.027	0.021	0.035	0.015	0.022	0	0.211	0.426	0.14	0.306	0.032	0.044	0.034	0.019	0.222	0.093	1.151	0.122	0.156	0.06	0.114	0.054	0.145	0.002	0.015	0.022	0.345	0.015	0.003	0.025	0.237	0.043	0.016	0.035	0.023	0.016
ASV_93	-0.268	11.228	0.554158057315509	0.733487711381703	NotSig	0.226	0.274	0.04	0.018	0.044	0.037	0.2	0.063	0.246	0.063	0.054	0.399	3.493	0.103	0.241	0.178	0.181	0.247	1.9	0.45	0.297	0.345	0.009	0.005	0.02	0.004	0.04	0.003	0.003	0.023	0.05	0.067	0.016	0.015	0.004	0.01	0.027	0.259	0.009	0.045	0.005	0.013	0.254	0.01	0.033	0.071	0.075	0.656	0.635	0.421	0.089	0.237	0.34	3.048	0.103	0.175	0.171	0.17	0.892	1.164	0.874	0.291	0.158	0.003	0.003	0.082	0.001	0.001	0.005	0.003	0.035	0.015	0.022	0.002	0.012	0.089	0.033	0.019	0.27	0.576	0.099	0.019	0.021	0.047
ASV_60	-0.324	12.253	0.559321258419318	0.733487711381703	NotSig	0.261	0.347	0.591	0.161	0.45	0.051	0.016	0.048	0.016	0.36	0.048	0	0.471	0.169	0.011	0.003	0.049	0.027	0.022	0.01	0.036	0.012	0.772	0.157	0.812	1.913	0.034	0.167	0.017	0.025	0.025	0.024	0	0.019	0.003	0.048	2.62	0.047	0.002	0.011	0.035	0.053	0.02	1.624	3.672	0.098	0.057	0.016	0.04	0.7	0.204	0.09	0.035	0.734	0.036	0.029	0.01	0.035	0.074	0.026	0.084	0.006	0.02	5.057	0.389	0.491	0.457	0.632	0.021	0.089	0.211	0.095	0.029	0.002	0.006	0.003	0.025	0.044	0.102	0.005	0.008	0.01	0.206	0.029
ASV_85	-0.235	11.022	0.56241638741208	0.733487711381703	NotSig	0.137	0.139	0.025	0.236	0.235	0.35	0.133	0.328	0.145	0.243	0.059	0.119	0.13	0.095	0.085	0.026	0.027	0.163	0.032	0.095	0.047	0.016	0.139	0.278	0.009	0.025	0.015	0.217	0.009	0.002	0.005	0.075	0.032	0.109	0.012	0.392	0.131	0.372	0.228	0.02	0.136	0.775	0.081	0.106	0.09	0.277	0.116	0.137	0.101	0.122	0.256	0.147	0.035	0.057	0.106	0.045	0.024	0.019	0.01	0.03	0.094	0.04	0.02	0.079	0	0.107	0.231	0.052	0.032	0.003	0.17	0.003	0.011	0.382	0.204	0.807	0.239	0.025	0.046	0.088	0.969	0.05	0.053	0.281
ASV_77	-0.26	11.401	0.569016853858633	0.733487711381703	NotSig	0.236	0.295	0.047	0.05	0.017	0.018	0.15	0.085	0.33	0.168	0.122	0.883	1.797	1.171	0.243	0.193	0.176	0.506	0.663	0.845	0.036	0.066	0.004	0.059	0.044	0.001	0.066	0.011	0.005	0.006	0.043	0.074	0.006	0.023	0.018	0.013	0.053	1.77	0.018	0.045	0.005	0.007	0.07	0.008	0.026	0.109	0.065	0.172	0.629	1.35	0.114	0.537	0.413	2.129	0.597	0.156	0.224	0.202	0.741	1.183	0.279	0.473	0.053	0.001	0.008	0.381	0	0.006	0.003	0.006	0.01	0.033	0.204	0	0.008	0.444	0.039	0.015	0.625	0.436	0.035	0.014	0.028	0.049
ASV_92	-0.388	9.879	0.570372441355556	0.733487711381703	NotSig	0.062	0.06	0.002	0.136	0.183	0.008	0.002	0	0	0.002	0.006	0	0.003	0	0.03	0.003	0.051	0.007	0.012	0.095	0.008	0.025	0	0	0.015	0.001	0.708	0.005	0.002	0.002	0	0	0.002	0.029	0	0.021	0	0.002	0.055	0.006	0.006	1.099	0.06	0.002	0	0.212	0.056	0	0.003	0	0.009	0.017	0	0	0	0	0.008	0.009	0.005	0.002	0.006	0.019	0.026	0.008	0.005	0	0.004	0.873	0.015	0.001	0.707	0	0.009	0.002	0.162	0.165	0.002	0	0.017	0.011	0.006	0.023	0.011	0.007
ASV_69	0.318	13.488	0.572901644392809	0.733487711381703	NotSig	0.749	0.517	0.019	0.108	0.174	0.047	0.049	0.048	0.291	0.119	0.029	0.022	0.04	0.06	0.065	0.031	0.009	0.039	0.04	0.071	0.068	0.008	0.149	0.068	0.075	12.444	0.26	0.549	1.463	0.455	0.027	0.6	0.006	0.18	0.48	0.139	2.92	1.008	0.176	0.074	8.54	0.172	0.065	0.292	0.005	0.053	0.087	0.074	0.097	0.288	0.095	0.109	0.025	0	0.05	0.058	0.033	0.012	0.01	0.023	0.042	0.017	0.139	0.797	0.479	0.653	8.174	0.79	1.098	0.129	0.375	0.368	0.629	0.013	0.008	0.005	0.102	4.241	0.362	0.368	0.16	0.306	0.284	0.131
ASV_10	0.736	12.726	0.581517229251031	0.738920389048302	NotSig	0.482	0.328	0.002	0.011	0.073	0.004	0	0.043	0	0.003	0	0.008	0	0	0	0	0	0	0	0	0	0	0	0	0	0	0	0	0	0	0.009	0.001	0.012	1.431	0	0.005	0	18.63	0	0	0	0	0.004	0	0.077	0.006	0.003	0	0	0	0	0	0	0	0	0	0	0	0	0	0	0	0	0	0.002	0.003	0	0.85	0	0	0.002	0.008	0.002	0	0.004	0.739	0	0.002	0	11.42	0.003	0.004	0.001	0
ASV_311	0.203	9.852	0.588770736903637	0.742554138333692	NotSig	0.086	0.076	0.186	0.212	0.088	0.033	0.268	0.015	0.099	0.059	0.052	0.075	0.108	0.079	0.089	0.07	0.583	0.025	0.127	0.403	0.004	0.095	0.149	0.005	0.233	0.011	0.094	0.011	0.005	0.009	0.039	0.161	0.02	0.014	0.004	0.011	0.008	0.075	0.025	0.001	0.006	0.049	0.022	0.001	0.038	0.148	0.106	0.051	0.047	0.024	0.052	0.092	0.032	0.015	0.118	0.069	0.065	0.351	0.067	0.084	0.419	0.418	0.095	0.031	0.003	0.079	0.014	0.012	0.002	0.006	0.092	0.039	0.022	0.009	0.022	0.037	0.011	0	0.315	0.031	0.013	0.004	0.013	0.009
ASV_123	-0.279	9.387	0.594808733078244	0.744612414001653	NotSig	0.048	0.07	0.016	0.117	0.013	0.004	0.132	0.105	0.156	0.065	0.05	0.004	0.296	0.267	0.08	0.062	0.007	0.002	0.025	0.007	0	0.01	0	0	0.002	0.001	0	0.01	0.033	0	0.298	0.013	0.016	0.001	0.128	0.003	0	0.005	0.046	0.001	0.004	0.003	0.007	0.029	0.005	0.087	0.01	0.117	0.164	0.288	0.043	0.002	0.217	0.203	0.863	0.331	0.055	0.009	0.01	0.009	0.015	0.004	0.015	0	0	0.012	0.007	0.009	0.08	0.05	0.005	0.068	0.009	0	0.097	0.005	0.003	0	0.007	0.006	0	0.002	0.003	0
ASV_407	0.361	10.439	0.62435453832154	0.775852330708384	NotSig	0.097	0.08	0	0	0.002	0.006	0.004	0	0	0	0.013	0.036	0	0	0.004	0.015	0.04	0.018	0.012	0.014	0	0.004	0.851	0.357	0.004	0.004	0.003	1.531	0.07	0.243	0	0	0.036	0.016	0.001	0.001	0	0	0	0.007	0.038	0.002	0.01	0.716	0	0	0.018	0.004	0.003	0.057	0	0.004	0.054	0	0	0.021	0.002	0.052	0.022	0.019	0.059	0.002	0.002	0.36	0.012	0.003	0.003	0.212	0.18	0.043	1.947	0.009	0	0	0.01	0.002	0	0	0.004	0.005	0	0.054	0.024	0.017
ASV_15	-0.22	13.71	0.634446673195574	0.782638596861694	NotSig	0.805	0.837	0.102	0.103	0.468	0.055	0.097	0.233	0.244	0.217	0.082	0.016	1.694	0.095	0.093	0.052	0.087	0.066	0.05	0.164	0.059	0.093	0.98	0.269	0.239	0.397	0.479	2.465	3.007	2.685	0.257	1.344	0.038	2.667	1.644	0.118	0.087	2.032	1.479	1.24	0.735	0.193	0.604	6.785	0.04	0.059	0.163	0.342	0.511	0.184	0.502	0.036	0.306	0.522	0.094	0.061	0.02	0.04	0.042	0.065	0.205	0.123	0.178	0.937	1.284	0.848	1.533	1.103	4.334	0.57	0.487	1.58	5.223	0.038	0.475	0.321	0.108	6.121	0.43	1.003	0.169	0.304	0.557	2.56
ASV_209	0.239	11.413	0.639572659139049	0.78324477822101	NotSig	0.189	0.173	0.081	0.102	0.246	0.143	0.014	0	0.014	0.035	0.021	0	0.1	0.082	0.26	0.217	0.009	0.002	0.05	0.369	0.017	0.019	0.001	0.163	0.108	1.222	0.074	0.036	0.742	0.011	0.121	0.49	0.018	0.07	0.077	0.008	0	0.024	0.035	0.758	1.244	0.042	0.005	0.894	0.055	0.124	0.309	0.004	0.003	0	0.051	0.006	0.088	0.051	0.204	0.259	0.177	0.021	0.242	0.033	0.019	0.002	0.389	0.067	0.048	0.018	0.774	0.08	0.044	0.008	0.082	0.111	0.013	0.016	0.495	0.018	0.002	0.01	0.066	0.504	2.349	0.101	0.024	0.045
ASV_51	0.179	11.966	0.669624540812485	0.81414782300223	NotSig	0.307	0.257	0.014	0.059	0.094	0.197	0.013	0.01	0.102	0.131	0.513	0.397	0.16	0.117	0.256	0.09	0.058	0.073	0.047	0.014	0.125	0.324	2.54	0.142	0.184	1.265	0.093	0.082	0.072	1.023	0.018	0.02	0.018	0.078	0.001	0.08	0.216	0.176	0.111	0.253	2.286	0.123	0.73	0.571	0.038	0.06	0.131	0.051	0.044	0.359	0.196	0.91	0.113	0.131	0.141	0.278	0.026	0.061	0.133	0.077	0.386	0.073	0.193	0.619	1.462	0.098	0.344	0.084	1.152	0.061	0.545	0.435	0.246	0	0.018	0.03	0.041	0.066	0.542	0.109	0.238	0.492	0.21	0.079
ASV_106	-0.272	11.787	0.691760332668288	0.83505354443529	NotSig	0.217	0.259	0.005	0.003	0.002	0.006	0.014	0	0.005	0	0.025	0.008	0	0.014	0.022	0.003	0.007	0.002	0.037	0.002	0.013	0.004	0.983	0.063	0.88	0	0.019	1.028	0.003	0.022	0	0.114	0.05	0.058	0.026	0.016	0.001	0	0.04	0.052	1.502	0.034	0.076	3.96	0.074	0.007	0.005	0.005	0.015	0.01	0	0.03	0	0	0.005	0.013	0	0	0.02	0.021	0.015	0	0.136	0.449	1.067	0.04	0	0.23	0.033	0.01	0.027	0.008	0.284	0.031	1.354	0.036	0.003	0	0.111	0.059	5.483	0.443	0.136	0.215
ASV_183	-0.317	10.558	0.70319943729086	0.84284187873869	NotSig	0.142	0.179	0	0.009	0.004	0.008	0.004	0	0	0	0.134	0.053	0.975	0.076	0.464	1.503	0.002	1.902	0.446	0.117	0.157	0.002	0	0	0	0	0	0	0	0	0	0	0	0.005	0	0	0.007	0.022	0.008	0.029	0.001	0.003	0.011	0	0	0.003	0.003	0	0	0	0	0.153	0.095	2.732	0.633	0.794	0.46	0.113	0.035	0.321	0.398	0.197	0.328	0	0	0	0	0.001	0	0	0	0.002	0	0	0	0.01	0	0.008	0.415	0.446	0.005	0.012	0.009	0
ASV_200	0.135	11.287	0.718430234348408	0.846829761883163	NotSig	0.233	0.228	0.042	0.13	0.196	0.227	0.139	0.056	0.235	0.142	0.321	0.142	0.749	0.626	0.167	0.242	0.42	1.142	0.479	0.717	0.138	0.25	1.573	0.007	0.059	0.021	0.02	0.273	0.22	0.066	0.13	0.128	0.002	0.042	0.022	0.066	0	0.041	0.083	0.027	0.03	0.016	0.342	0.043	0.045	0.126	0.1	0.193	0.221	0.2	0.188	0.262	1.118	1.039	0.475	0.124	0.069	0.181	0.242	0.698	1.367	0.651	0.172	0.265	0.003	0.015	0.067	0.054	0.039	0.154	0.236	0.235	0.077	0.002	0.012	0.069	0.045	0.128	0.119	0.049	0.004	0.027	0.02	0.007
ASV_38	0.168	12.893	0.718630616427278	0.846829761883163	NotSig	0.467	0.427	0.191	0.009	0.037	0.046	0.065	0.301	0.208	0.037	0.071	0.071	0.454	0.106	0.056	0.044	0.02	0.025	0.354	0.164	0.074	0.05	0.301	0.555	0.16	1.47	0.197	0.142	0.042	0.504	0.052	0.043	0.004	3.208	0.458	0.159	5.657	0.425	0.138	0.654	0.39	0.087	0.453	2.118	0.097	0.021	0.114	0.1	0.914	0.197	0.104	0.102	0.069	0.248	0.125	0.103	0.077	0.014	0.047	0.063	0.256	0.031	0.715	0.318	1.102	0.128	0.954	0.198	0.308	0.39	0.156	0.491	0.224	0.088	0.026	0.052	0.163	3.47	1.013	0.964	0.334	0.074	1.142	2.07
ASV_18	0.166	13.393	0.721559087048376	0.846829761883163	NotSig	0.815	0.714	0.064	0.065	0.376	2.133	0.249	0.005	1.246	0.296	0.44	3.455	0.14	0.599	0.661	0.526	0.614	0.22	0.18	0.712	0.023	0.014	1.137	0.107	0.05	0.923	0.056	0.742	0.248	4.427	0.039	0.907	0.038	0.098	0.004	0.062	1.375	0.165	0.081	3.037	3.82	0.494	0.437	3.962	0.092	0.068	0.756	0.074	0.201	1.351	0.163	0.467	2.772	0.17	0.213	0.535	0.051	1.208	0.109	0.265	0.126	0.665	0.062	7.724	0.015	0.095	0.345	0.317	2.118	0.294	6.259	0.288	0.499	0.011	0.016	0.058	0.013	0.027	0.25	0.133	0.31	0.134	0.211	0.082
ASV_2	-0.122	16.167	0.736655671697182	0.853734322090153	NotSig	5.533	5.951	5.372	3.302	2.029	0.981	7.106	0.527	12.699	5.322	2.301	14.609	4.207	1.459	1.838	3.407	12.425	0.924	9.272	6.347	0.725	2.963	1.941	0.642	6.771	2.442	3.395	0.263	0.777	2.915	13.737	2.188	9.378	0.518	0.165	10.789	3.831	9.331	2.899	0.31	1.837	7.28	52.21	0.965	18.488	4.636	6.745	6.415	5.587	10.091	4.751	3.229	10.15	2.69	3.357	3.448	4.677	23.147	4.067	2.584	8.242	9.563	2.157	0.49	0.163	12.229	0.4	2.737	0.346	0.721	9.056	1.118	1.444	1.895	0.885	24.064	2.544	0.495	6.399	6.606	19.696	0.749	9.24	2.731
ASV_138	-0.176	11.922	0.737545627367824	0.853734322090153	NotSig	0.346	0.38	0.22	0.008	0.015	0.049	0.196	0	1.208	0.031	3.793	0.411	0.268	0.354	0.668	1.041	0.078	2.426	1.229	0.95	0.125	0.004	0.013	0.127	0.36	0.004	0.059	0.08	0.153	0.095	0.036	0.008	0.016	0.135	0.003	0.001	0.001	0.041	0.076	0.232	0.018	0	0.005	0.009	0.081	0.018	0.039	0.147	0.195	1.437	0.014	1.307	0.079	0.027	0.484	0.056	0.567	0.191	0.205	4.135	1.162	1.506	0.024	0.013	2.794	0.088	0.006	0.255	0.032	0.046	0.034	0.088	0.053	0.007	0.014	0.007	0	0.012	0.012	0.005	0.006	0.002	0.025	0.011
ASV_31	-0.145	12.776	0.764542742946203	0.87896410583611	NotSig	0.435	0.381	0.051	0.082	0.347	0.273	0.056	0.039	0.095	0.089	0.138	0.02	0.205	0.052	0.063	0.072	0.036	0.023	0.062	0.102	0.083	0.091	0.714	0.213	0.079	0.075	0.094	5.504	0.527	1.623	0.073	0.14	0.185	0.869	0.048	0.067	0.087	0.097	1.506	1.194	1.2	1.215	0.535	0.237	0.118	0.027	0.059	0.016	0.097	0.316	0.116	0.107	0.022	0.066	0.046	0.071	0.022	0.009	0.02	0.03	0.099	0.103	0.451	0.321	0.007	0.012	1.899	2.971	1.013	0.133	0.44	0.22	0.637	0.075	0.19	0.12	0.081	0.017	0.25	0.165	0.795	3.954	0.081	0.057
ASV_37	0.151	12.751	0.784381466076571	0.895678836263112	NotSig	0.52	0.664	0.217	0.021	0.055	0.039	0.18	0.126	0.264	0.16	0.193	0.059	0.286	0.496	0.707	0.647	0.567	0.683	0.803	0.569	0.019	0.05	0.004	0.024	0.02	0.234	0.019	0.003	0.016	0.005	0.036	0.005	0.077	0.071	15.008	0.01	0.016	0.021	0.027	0.013	0.011	0.008	0.002	0.065	0.76	0.046	0.041	1.029	8.511	0.766	1.881	0.804	0.413	1.767	2.189	1.202	1.669	0.353	0.143	3.024	0.575	0.554	0.068	0.016	0.02	0.073	0.001	0	0.032	0.135	0.008	0.017	0.009	0.029	0.048	0.038	0.011	0.006	0.208	0.025	0.028	0.021	0.025	0.011
ASV_66	-0.212	12.476	0.807365318043526	0.907383483981031	NotSig	0.331	0.377	0	0	0	0	0.041	0	0.025	0	0.092	0	0	0.008	0.002	0	0.011	0	0	0	0.174	0.165	0.577	0.002	0	0.018	0.002	0.002	0.005	0.005	0.002	0	0.03	11.162	0.007	0.001	0.032	0.277	0.02	1.072	0.024	0.016	0.041	0.072	0.017	0	0.178	0.026	0.029	0.07	0	0	0	0	0	0	0.002	0.002	0.012	0.002	0.329	0	0.11	10.721	0.002	0	0.001	0.08	0.002	0.004	0.217	0	0.011	0.005	0.026	0.058	0	0	2.725	0.087	0.028	0.027	0.254	0.05
ASV_210	-0.142	11.426	0.807586186063012	0.907383483981031	NotSig	0.128	0.162	0.002	0.008	0.004	0.007	0	0.002	0.002	0.006	0	0.002	0.221	0.003	0.061	0.023	0.004	0.014	0.082	0.098	0.04	0.01	0.077	0.044	0.059	0.251	0.025	0.051	0.081	0.26	0.005	0.004	0.008	0.106	0.155	0.084	1.216	0.065	0.021	1.907	0.098	0.07	0.197	0.009	0.001	0.007	0.011	0.002	0.002	0	0.009	0	0.006	0.003	0.002	0.029	0.012	0.009	0.025	0.028	0.019	0.059	0.613	0.062	0.508	0.143	0.1	0.058	0.017	0.04	0.103	0.026	0.037	0.011	0.01	0.022	0.022	1.571	0.517	0.582	0.039	1.675	0.079	0.025
ASV_5	0.095	14.895	0.810739089237489	0.907383483981031	NotSig	2.421	2.279	0.456	0.682	1.554	1.945	1.416	0.72	1.465	1.408	3.812	2.358	1.734	3.022	1.545	3.111	3.86	11.417	6.04	6.059	1.589	8.64	4.745	0.046	0.551	0.332	0.39	0.451	1.694	0.277	1.193	0.518	0.089	1.234	0.158	20.557	0.118	1.138	0.55	1.169	0.161	0.604	2.075	0.788	1.164	1.562	1.269	1.753	1.813	1.657	2.037	3.003	3.147	4.233	1.918	1.461	0.832	1.996	1.908	8.87	8.861	9.883	1.594	1.422	0.058	0.326	0.222	0.218	0.24	2.014	1.286	1.318	0.528	0.046	0.145	20.727	0.413	0.462	1.376	0.42	0.56	0.089	0.191	0.131
ASV_169	-0.121	9.402	0.824615507970251	0.916842242414292	NotSig	0.055	0.062	0.003	0.044	0.092	0.162	0.029	0	0.023	0.337	0.006	0.077	0.02	0.117	0.05	0.149	0.38	0.009	0	0.257	0.008	0.204	0	0	0	0	0.012	0.003	0.008	0	0.043	0.01	0.149	0.037	0.051	0.009	0.001	0.001	0.011	0.014	0.001	0.001	0.001	0	0.006	0.296	0.064	0.026	0.012	0.065	0.098	0.055	0.447	0.024	0.249	0.029	0.022	0.339	0.227	0.03	0.01	0.126	0.04	0	0	0.006	0	0.013	0.005	0	0	0.058	0	0.022	0.065	0.054	0.006	0	0.082	0.004	0	0	0.005	0
ASV_128	-0.221	7.473	0.830484346114589	0.917332382309578	NotSig	0.016	0.018	0	0	0	0	0	0	0	0	0	0.002	0.381	0.231	0.004	0.015	0.002	0.02	0.002	0	0	0	0.001	0	0	0	0	0	0	0	0	0	0.008	0	0	0	0	0.001	0	0	0	0	0.002	0	0	0	0	0	0	0	0	0	0.356	0.305	0.005	0.011	0.002	0.005	0	0.002	0.002	0.002	0	0.005	0	0	0	0	0	0	0	0	0	0	0	0	0	0	0.005	0.003	0.001	0	0	0
ASV_154	-0.083	10.663	0.847930653008649	0.930521301028972	NotSig	0.118	0.102	0.005	0.091	0.09	0.071	0.036	0.012	0.09	0.14	0.023	0.01	0.03	0.022	0.061	0.041	0.147	0.184	0.08	0.131	0.051	0.014	0.399	0.008	0.147	0	0.04	0.028	0.044	0.011	0.016	0.061	0.075	0.047	0.001	0.326	0.126	0.349	0.456	0.036	0.337	0.621	0.226	0.264	0.059	0.077	0.062	0.081	0.015	0.062	0.123	0.132	0.022	0.018	0.05	0.04	0.061	0.162	0.047	0.068	0.04	0.046	0.024	0.117	0	0.049	0.006	0.07	0.009	0.025	0.008	0	0.02	0.024	0.006	1.355	0.711	0.048	0.034	0.072	0.228	0.048	0.035	0.03
ASV_100	-0.096	10.87	0.858045544062481	0.935546431913286	NotSig	0.104	0.098	0.003	0.026	0.046	0.076	0.016	0.077	0.133	0.008	0.004	0.014	0.053	0	0.037	0.023	0.016	0.007	0.007	0.067	0	0.002	0.527	0.132	0.149	0.032	0.076	0.114	0.086	0.055	0.002	0.014	0.028	0.102	0.013	0.031	0.012	0.024	0.279	1.092	0.07	0.026	0.219	0.657	0.008	0.004	0.003	0.012	0.02	0.114	0.005	0	0	0.006	0.026	0.071	0.02	0.002	0.032	0	0.004	0.044	0	0.254	0.104	0.055	1.481	0.146	0.005	0.293	0.024	0.014	0.029	0.009	0.321	0.01	0.028	0.158	0.076	0.298	0.013	0.083	0.087	0.044
ASV_220	-0.063	10.2	0.867679943416588	0.939381690269566	NotSig	0.098	0.107	0.14	0.071	0.103	0.067	0.229	0.196	0.621	0.055	0.029	0.01	0.241	0.063	0.186	0.054	0.147	0.098	0.287	0.138	0.076	0.244	0.004	0.01	0.138	0.001	0.39	0.015	0.005	0.006	0.046	0.008	0.077	0.016	0.025	0.007	0.032	0.124	0.122	0.001	0.008	0.008	0.02	0.003	0.058	0.207	0.131	0.277	0.392	0.426	0.111	0.053	0.035	0.206	0.156	0.331	0.096	0.264	0.168	0.189	0.134	0.073	0.213	0.009	0.025	0.043	0.003	0.011	0.002	0.003	0.018	0.017	0.152	0.002	0.012	0.028	0.078	0.025	0.086	0.202	0.008	0.021	0.016	0.007
ASV_96	-0.139	10.09	0.872680031788887	0.939381690269566	NotSig	0.08	0.066	0.002	0.002	0	0.011	0	0	0	0.003	0	0.002	0.003	0	0.002	0	0	0.002	0	0.002	0	0	0.004	0.332	2.508	0.013	0.025	0.201	0.002	0.019	0	0.001	0	0.005	0	0.049	0.063	0.067	0	0.038	0.006	0.001	0	0.014	0.005	0	0.003	0	0	0	0.002	0	0	0.015	0	0	0	0	0	0.002	0	0	0	0.02	1.54	0.375	0.001	0.313	0.026	0.001	0.027	0.002	0.002	0.002	0	0.005	0.022	0.245	0.004	0.026	0	0	0	0.001
ASV_189	-0.065	11.474	0.881532422838468	0.942904933289248	NotSig	0.16	0.166	0.056	0.05	0.084	0.179	0.101	0.177	0.154	0.249	0.034	0.024	0.103	0.093	0.091	0.08	0.038	0.082	0.082	0.088	0.032	0.05	0.127	0.01	0.007	0.075	0.01	0.345	0.013	0.067	0.03	0.055	0.02	0.075	0.01	0.138	1.684	0.064	0.078	1.076	0.314	0.218	0.343	0.1	0.108	0.036	0.07	0.116	0.107	0.224	0.274	0.03	0.019	0.072	0.084	0.053	0.065	0.026	0.111	0.098	0.048	0.163	0.119	0.045	0.034	0.101	0.132	0.147	0.089	0.014	0.031	0.011	0.033	0.212	0.218	0.012	0.039	0.025	0.147	0.06	0.861	2.374	0.108	0.136
ASV_83	0.074	11.563	0.888602447000213	0.944489393352427	NotSig	0.327	0.272	0.499	0.03	0.229	0.11	0.598	0.014	0.269	0.904	0.103	0.138	0.008	0.022	0.915	3.273	0.556	0.665	2.07	0.517	2.397	0.087	0.001	0.002	0.035	0.034	0	0.002	0.006	0.023	0.077	0	0.004	0.012	0.003	0.038	0.015	0.009	0.004	0.007	0.008	0.002	0.026	0.006	0.76	0.032	0.078	0.177	0.366	0.362	0.34	0.087	0.025	0.006	0.542	0.249	1.318	0.125	1.151	1.383	1.074	0.927	0.453	0.004	0	0.015	0.034	0.004	0.053	0.001	0.127	0.023	0	0.238	0.036	0.005	0.005	0	0.081	0.009	0.577	0.01	0.009	0.202
ASV_25	0.047	13.405	0.906096399154137	0.957064321606557	NotSig	0.969	1.003	0.678	0.056	0.099	0.075	0.459	0.041	0.899	1.712	0.199	0.158	0.413	2.129	2.282	2.186	1.051	1.511	1.354	1.941	11.067	1.165	0.051	0.098	0.652	0.128	1.189	0.057	0.055	0.185	0.346	2.274	0.095	0.019	0.035	0.049	2.462	0.732	0.248	0.129	0.086	1.057	1.108	0.183	1.013	0.091	0.209	0.54	0.545	0.591	1.297	1.656	0.268	1.293	2.746	0.699	3.493	0.895	11.633	2.2	0.948	1.287	1.482	0.029	0.387	0.36	0.074	0.079	0.018	0.122	0.048	0.415	0.477	0.975	0.232	0.193	0.067	0.663	0.306	0.112	0.43	0.031	1.912	0.317
ASV_113	-0.041	12.076	0.917083448445183	0.959179661434313	NotSig	0.31	0.259	0.096	0.344	0.266	0.225	0.085	0.23	0.07	0.131	0.096	0.251	0.353	0.155	0.115	0.155	0.109	0.07	0.04	0.171	0.112	0.05	0.897	0.835	0.125	0.251	0.832	1.813	0.2	0.423	0.05	1.525	0.012	0.253	0.412	0.053	0.012	0.148	0.775	0.049	0.66	0.088	0.175	0.326	0.064	0.119	0.075	0.1	0.168	0.1	0.196	0.09	0.608	0.266	0.137	0.093	0.043	0.057	0.035	0.026	0.071	0.063	0.073	0.73	0.362	0.201	1.211	0.402	2.562	0.135	0.159	0.226	0.099	0.009	0.085	0.084	0.033	0.754	0.325	0.288	0.041	0.122	0.099	0.036
ASV_207	-0.056	9.728	0.919450326345318	0.959179661434313	NotSig	0.064	0.052	0.012	0.005	0	0	0.002	0.003	0.002	0	0.034	0.265	0.09	0.005	0.002	0.034	0.004	0	0.002	0.141	0.002	0.002	0.013	0.014	0.077	0	0.135	0.002	0.011	0.147	0.039	0.902	0.008	0.014	0.003	0.027	0.051	0.152	0.183	0.094	0.092	0.066	0.002	0.049	0.006	0.004	0	0	0.003	0	0.002	0.072	0.076	0.057	0.007	0.008	0.008	0	0.002	0.002	0	0.029	0	0.004	0.73	0.043	0.01	0.044	0.006	0.003	0.021	0.014	0.167	0.04	0.036	0.02	0.05	0.34	0.016	0.04	0.181	0.006	0.039	0.012
ASV_59	-0.045	12.361	0.926845477538694	0.960962488981836	NotSig	0.32	0.317	0.088	0.012	0.084	0.119	0.088	0.036	0.054	0.052	0.092	0.004	3.228	0.152	0.033	0.031	0.127	0.03	0.14	0.045	0.168	0.064	0.53	0.301	0.224	0	0.182	0.52	0.069	0.557	0	0.001	0.103	1.528	0.127	0.094	0.07	0.442	0.031	3.384	0.241	0.176	0.037	0.169	0.001	0.08	0.091	0.051	0.054	0.043	0.017	0.03	0.161	0.158	0.118	0.066	0.041	0.162	0.104	0.023	0.138	0.019	1.572	0.52	0.608	0.229	0.025	0.262	0.085	0.057	0.198	0.006	0.033	0.027	0.135	0.149	0.027	1.496	0.976	1.108	0.196	1.894	0.234	1.498
ASV_26	-0.019	12.764	0.95913497626053	0.983213040828905	NotSig	0.508	0.427	0.109	0.256	0.402	0.635	0.261	0.175	0.883	0.283	0.132	0.172	0.822	1.138	0.262	0.314	0.165	0.256	0.214	0.264	0.053	0.085	1.646	0.251	0.16	0.09	0.111	0.183	2.775	1.305	0.649	0.061	0.103	0.774	0.041	2.097	0.177	0.101	0.132	0.317	1.447	1.245	0.267	0.51	0.114	0.183	0.372	0.168	0.28	0.402	0.31	0.354	0.227	0.609	0.329	0.281	0.15	0.132	0.388	0.398	0.346	0.19	0.163	0.384	0.172	0.153	2.083	2.003	0.414	1.217	0.995	0.304	0.237	0.501	0.333	0.066	0.042	0.079	0.126	0.165	1.374	0.678	0.063	0.29
ASV_146	0.02	9.664	0.959941726253073	0.983213040828905	NotSig	0.077	0.074	0.042	0.05	0.079	0.104	0.063	0.046	0.095	0.075	0.013	0.087	0.576	0.133	0.154	0.392	0.116	0.266	0.182	0.155	0.115	0.076	0	0.041	0.103	0.001	0.002	0.003	0.011	0.003	0.018	0.01	0.02	0.008	0.003	0.033	0.013	0.086	0.02	0.004	0	0.005	0.025	0.003	0.032	0.05	0.041	0.098	0.064	0.091	0.038	0.026	0.082	0.373	0.106	0.101	0.081	0.129	0.331	0.363	0.057	0.153	0.123	0.007	0.002	0.067	0.006	0	0	0.001	0.019	0.002	0.044	0.009	0.008	0.101	0.059	0.017	0.142	0.096	0.006	0	0.019	0.006
ASV_118	-0.032	13.142	0.967298360667319	0.984779656342029	NotSig	0.508	0.474	0	0.012	0.033	0.017	0	0	0	0	0.021	0.047	0.003	0.003	0	0.188	0.163	0.007	0.05	0.043	0.011	0.016	0.165	0.002	0.02	0.003	0.002	13.178	0.119	0.239	0	0	0.064	0.369	0.022	0.016	0.004	0.017	0.035	2.443	0.127	2.971	0.079	0.839	0	0.001	0.016	0	0	0	0	0.009	0.066	0	0.014	0.034	0.028	0.115	0.126	0.012	0.073	0.169	0.022	0.117	0	0	0	13.021	1.096	0.107	1.177	0	0.026	0.044	0.499	0.028	0	0.004	0.514	0.096	0.073	1.367	0.071	0.036
ASV_14	-0.007	14.322	0.988237899934229	0.99496208536829	NotSig	1.339	1.133	0.668	0.086	0.268	0.291	0.18	0.293	0.578	0.303	0.145	0.03	0.293	0.101	0.078	0.108	0.056	0.111	0.125	0.288	0.293	0.105	1.811	0.688	0.182	10.092	1.587	1.41	1.244	0.371	0.061	2.263	0.03	1.392	1.632	0.21	3.947	0.691	5.308	0.396	9.885	0.648	0.626	7.346	0.501	0.102	0.235	0.295	0.533	1.116	0.454	0.132	0.117	0.161	0.118	0.085	0.041	0.064	0.027	0.044	0.182	0.096	0.396	1.649	0.837	1.425	10.222	1.026	2.474	0.3	0.413	0.204	10.85	0.075	0.097	0.25	0.144	5.348	0.911	1.091	0.273	0.778	0.668	1.582
ASV_42	0.007	13.144	0.989074735750726	0.99496208536829	NotSig	0.707	0.714	0.175	0.686	0.209	0.194	0.054	0.041	0.031	0.219	0.465	7.812	0.115	0.245	0.234	1.049	1.56	0.066	0.254	0.376	0.085	0.134	0.018	0.09	0.779	0.003	0.165	0.015	0.927	0.038	5.545	0.108	4.618	0.02	0.79	0.154	0.251	0.032	0.125	0.205	0.057	1.604	0.01	0.138	2.449	0.342	2.97	0.065	0.017	0.025	0.098	1.356	3.267	0.137	1.103	0.146	0.043	2.849	0.156	0.049	0.593	1.153	0.108	0.026	0.058	0.921	0.004	0.097	0.071	2.181	0.05	5.569	0.002	0.346	0.04	0.014	0.161	0.035	0.24	0.087	0.061	0.11	1.538	0.009
ASV_39	-0.003	13.387	0.995440677482607	0.995440677482607	NotSig	0.871	0.87	0.206	0.491	1.453	6.35	0.598	0.102	0.185	0.115	8.962	1.335	2.173	0.074	1.246	0.572	0.038	1.604	0.529	1.381	0.076	0.002	0.076	0.017	0.075	0.003	0.01	0.408	0.063	1.898	0.016	0.029	0.03	4.471	0.012	0.009	0.013	0.106	0.019	0.502	1.152	0.014	0.14	0.028	0.126	2.067	15.625	0.922	0.377	1.205	0.15	2.581	0.224	0.087	0.319	0.349	0.264	0.144	0.329	4.072	1.755	0.349	0.178	0.031	0.268	0.046	0.013	0.159	0.711	0.035	0.482	0.02	0.011	0.016	1.089	0.026	0.003	0	0.076	0.052	0.196	0.029	0.02	0.38
