OTUID	All	D	H	I
ASV_1	7.083727	5.457845	7.797845	6.516650
ASV_2	6.547175	3.586739	7.127828	8.244638
ASV_4	3.087455	3.125846	2.899499	3.749918
ASV_3	3.00037	2.642079	2.961577	3.619575
ASV_5	1.920123	1.676397	1.865437	2.448683
ASV_11	1.455845	1.869841	1.280688	1.574905
ASV_7	1.555951	1.751457	1.575653	1.223634
ASV_6	1.657408	0.9067833	1.4465542	3.4462349
ASV_8	1.319237	1.067668	1.321671	1.641437
ASV_9	1.423771	1.320268	1.396399	1.663972
ASV_14	1.198969	1.3841593	1.2412328	0.7946558
ASV_13	1.170471	1.1067608	1.2901829	0.8002591
ASV_15	1.101252	1.4791848	0.9198659	1.2914573
ASV_18	0.860584	1.4441563	0.7982952	0.3280506
ASV_12	0.882556	0.5884075	0.9694705	0.9403620
ASV_22	0.848783	0.5825996	0.8669509	1.1305438
ASV_25	0.813583	0.7163449	0.8113887	0.9500173
ASV_23	0.757437	0.6131751	0.8303011	0.6710769
ASV_17	0.73369	0.6331046	0.7681425	0.7355043
ASV_20	0.709129	0.2057869	0.8711260	0.7577050
ASV_38	0.665793	0.8813584	0.6677920	0.3742098
ASV_16	0.732162	0.3311480	0.8016115	0.9970174
ASV_26	0.653198	1.3463481	0.4734182	0.4220220
ASV_10	0.434631	0.2290802	0.4687780	0.5758958
ASV_27	0.536294	0.5721851	0.5329361	0.5017483
ASV_21	0.562421	0.2821056	0.7049694	0.3909475
ASV_65	0.533493	0.6848507	0.5162977	0.3993152
ASV_40	0.513482	0.4029773	0.5789704	0.4106293
ASV_54	0.505681	0.5567087	0.5241216	0.3684955
ASV_35	0.49023	0.2832311	0.5939274	0.3695502
ASV_31	0.492268	0.8019227	0.4111711	0.3919637
ASV_33	0.496719	0.3155307	0.5403765	0.5698057
ASV_37	0.540712	0.4661190	0.4942017	0.8154299
ASV_51	0.45446	0.6901090	0.4254008	0.2542394
ASV_87	0.467254	0.5071780	0.4563774	0.4559181
ASV_39	0.471048	0.5060801	0.4855521	0.3698722
ASV_67	0.474004	0.8314003	0.4074180	0.2557504
ASV_55	0.438147	0.4163540	0.4759194	0.3235656
ASV_52	0.435328	0.4582241	0.4750158	0.2546020
ASV_36	0.452658	0.3540227	0.5108885	0.3616999
ASV_29	0.437292	0.5311934	0.4053432	0.4347862
ASV_57	0.471798	0.9246664	0.4083880	0.1157163
ASV_43	0.439748	0.3436853	0.4649696	0.4706247
ASV_46	0.423981	0.3910539	0.3738723	0.6574533
ASV_59	0.422238	0.4407449	0.3751405	0.5765296
ASV_30	0.435498	0.2446191	0.4538527	0.6173422
ASV_138	0.396601	0.4241119	0.3656531	0.4777625
ASV_42	0.434915	0.2503136	0.4944040	0.4524395
ASV_72	0.394784	0.602326	0.343433	0.316162
ASV_60	0.351048	0.3614404	0.3931702	0.1775596
ASV_41	0.367273	0.2012820	0.4565833	0.2471482
ASV_48	0.363443	0.4663317	0.3443215	0.3004290
ASV_24	0.337585	0.07579345	0.48939052	0.10658953
ASV_32	0.388984	0.4614319	0.3405592	0.4772464
ASV_113	0.363358	0.5924048	0.3287113	0.1930362
ASV_34	0.347995	0.3749476	0.3509305	0.3013475
ASV_69	0.338111	0.3231066	0.3745458	0.2196562
ASV_62	0.345611	0.4124512	0.3181964	0.3615534
ASV_49	0.348091	0.3223867	0.2822029	0.6319147
ASV_28	0.337711	0.15537172	0.48685266	0.01214569
ASV_50	0.331769	0.1014721	0.4062859	0.3524859
ASV_58	0.313701	0.2397537	0.3623471	0.2265768
ASV_81	0.32312	0.3480441	0.3023408	0.3691126
ASV_56	0.317143	0.2821820	0.3595689	0.2022519
ASV_47	0.297981	0.1951386	0.2836001	0.4880291
ASV_44	0.344205	0.1551275	0.3572191	0.5439372
ASV_71	0.289448	0.6654483	0.1836156	0.1955734
ASV_73	0.33991	0.4445989	0.2943609	0.3747846
ASV_94	0.291902	0.3249105	0.2661039	0.3462851
ASV_53	0.300977	0.07317142	0.43191090	0.10438431
ASV_66	0.244318	0.2334938	0.1755305	0.5195349
ASV_74	0.296383	0.2412515	0.2928806	0.3823016
ASV_63	0.276204	0.2111487	0.2891385	0.3128435
ASV_90	0.283875	0.3805291	0.2872613	0.1436903
ASV_119	0.257567	0.2814465	0.2521936	0.2464911
ASV_881	0.320993	0.3118144	0.2797011	0.4897295
ASV_86	0.258125	0.2106628	0.2519009	0.3442663
ASV_88	0.262901	0.2889838	0.2843585	0.1471347
ASV_79	0.266268	0.2596153	0.2701601	0.2602650
ASV_77	0.258195	0.1947404	0.2821799	0.2508009
ASV_124	0.246183	0.1964637	0.2720590	0.2135194
ASV_99	0.229533	0.2741086	0.2028147	0.2721645
ASV_85	0.232237	0.3346550	0.2208028	0.1406798
ASV_75	0.253645	0.2143595	0.2428516	0.3463479
ASV_84	0.251186	0.1397347	0.2514521	0.3970064
ASV_106	0.213502	0.4336325	0.1563575	0.1402747
ASV_76	0.238757	0.2682513	0.2501925	0.1565176
ASV_78	0.229411	0.1868906	0.2303307	0.2819392
ASV_83	0.264354	0.1392887	0.2735562	0.3942129
ASV_64	0.222117	0.6862716	0.1112243	0.0312986
ASV_97	0.225916	0.2262775	0.2263415	0.2238287
ASV_89	0.209228	0.2190906	0.2179834	0.1630190
ASV_70	0.208977	0.1273289	0.2235190	0.2613800
ASV_100	0.205728	0.4206303	0.1432542	0.1596083
ASV_93	0.229114	0.1405518	0.2639270	0.2137214
ASV_118	0.198104	0.1183374	0.2440635	0.1288416
ASV_98	0.195323	0.25292834	0.07633488	0.57082694
ASV_61	0.231763	0.09075989	0.24273068	0.37592079
ASV_117	0.195658	0.3354442	0.1673088	0.1190442
ASV_104	0.198944	0.26383574	0.20346701	0.09629139
ASV_105	0.165754	0.36069574	0.09794247	0.16618194
ASV_136	0.184312	0.3156207	0.0877162	0.3777694
ASV_174	0.198357	0.3673557	0.1624738	0.1118388
ASV_112	0.182353	0.2277880	0.1417658	0.2764691
ASV_111	0.173126	0.1164135	0.1943454	0.1673439
ASV_126	0.182156	0.3328852	0.1463082	0.1195711
ASV_96	0.185351	0.02610589	0.24848375	0.15564643
ASV_130	0.188577	0.1332781	0.1886609	0.2611140
ASV_137	0.174972	0.08488534	0.23939118	0.04927362
ASV_107	0.165651	0.56676670	0.05245652	0.06661923
ASV_109	0.172357	0.13100984	0.20962294	0.08545846
ASV_189	0.172502	0.2322647	0.1583536	0.1474384
ASV_92	0.156156	0.01982804	0.18564391	0.22389389
ASV_82	0.186924	0.09597684	0.17476075	0.35288695
ASV_95	0.189154	0.07881015	0.23500068	0.16060213
ASV_110	0.162129	0.27970147	0.13892049	0.09527386
ASV_80	0.153403	0.66715114	0.01470652	0.00272323
ASV_114	0.145828	0.33630462	0.11245813	0.02147337
ASV_199	0.14469	0.2490436	0.1195741	0.1024896
ASV_159	0.164273	0.2048993	0.1664554	0.1024713
ASV_116	0.196707	0.09679567	0.20524373	0.29594809
ASV_122	0.175488	0.1922287	0.1891045	0.1017790
ASV_120	0.168831	0.16249415	0.19494606	0.07810603
ASV_91	0.152286	0.2287702	0.1266081	0.1489363
ASV_152	0.156332	0.1816239	0.1451037	0.1656086
ASV_129	0.153813	0.20517200	0.15861325	0.06793809
ASV_176	0.152127	0.3655714	0.0744455	0.1656193
ASV_200	0.163093	0.1200522	0.1766209	0.1684748
ASV_103	0.146077	0.1670814	0.1501561	0.1029280
ASV_154	0.147699	0.2273891	0.1180035	0.1553658
ASV_148	0.148851	0.06047123	0.19744820	0.08092548
ASV_209	0.14852	0.17599607	0.15745029	0.07844244
ASV_115	0.148009	0.1190999	0.1532242	0.1663134
ASV_188	0.134335	0.17852502	0.13196098	0.08512123
ASV_203	0.12611	0.28289929	0.08399802	0.07930659
ASV_146	0.134399	0.1064346	0.1476536	0.1209558
ASV_142	0.15605	0.06576621	0.20046312	0.10650561
ASV_143	0.142829	0.07876116	0.16087069	0.15879365
ASV_108	0.143999	0.06861717	0.11115099	0.36792594
ASV_123	0.131229	0.25909522	0.09542416	0.09860113
ASV_125	0.125103	0.19321159	0.12711763	0.02773091
ASV_407	0.118017	0.33973753	0.06628428	0.02216322
ASV_141	0.123465	0.09334149	0.12970637	0.13947534
ASV_127	0.131022	0.1045443	0.1435849	0.1182481
ASV_140	0.138066	0.1266262	0.1182055	0.2284838
ASV_135	0.123113	0.05659226	0.12214896	0.21440571
ASV_147	0.124525	0.08243588	0.12468700	0.17935829
ASV_158	0.127719	0.11531567	0.16237890	0.01257524
ASV_220	0.12035	0.1272409	0.1119630	0.1430872
ASV_197	0.097769	0.20326436	0.08178567	0.01941522
ASV_134	0.108555	0.14760923	0.10296648	0.07830625
ASV_207	0.111107	0.12801100	0.09366444	0.15500643
ASV_101	0.132348	0.003039069	0.151110755	0.231525176
ASV_145	0.099178	0.01116927	0.14813188	0.02941454
ASV_167	0.116366	0.02561095	0.14081457	0.14318469
ASV_149	0.108895	0.08047831	0.12392195	0.08932694
ASV_870	0.119842	0.1087085	0.1081904	0.1787124
ASV_210	0.103023	0.13451527	0.10695994	0.04659706
ASV_157	0.107593	0.11305527	0.11333878	0.07859834
ASV_319	0.095069	0.10572031	0.10993062	0.02465777
ASV_144	0.107168	0.0477249	0.1233603	0.1240536
ASV_121	0.105083	0.05766437	0.11906826	0.11450301
ASV_311	0.104048	0.06090402	0.10700573	0.14966564
ASV_166	0.14288	0.09678147	0.15942572	0.14084248
ASV_177	0.100507	0.0332053	0.1126653	0.1430523
ASV_208	0.09795	0.14045179	0.09338139	0.05928522
ASV_150	0.090722	0.16156699	0.06046553	0.11217119
ASV_133	0.09663	0.06580056	0.11288961	0.07556419
ASV_187	0.098756	0.14327000	0.09003296	0.07320009
ASV_212	0.090003	0.06479348	0.10149434	0.07962344
ASV_235	0.103527	0.0808366	0.1005818	0.1445967
ASV_165	0.085078	0.03313845	0.06562025	0.22732488
ASV_221	0.09331	0.10138281	0.07513731	0.15161516
ASV_151	0.10353	0.06512321	0.12478649	0.07349182
ASV_169	0.104648	0.04088967	0.07239762	0.31099378
ASV_139	0.085297	0.21265053	0.05245498	0.04210770
ASV_193	0.090353	0.2023126	0.0435128	0.1205461
ASV_202	0.089878	0.06463569	0.08293439	0.14947611
ASV_186	0.083743	0.10987560	0.07209749	0.09349569
ASV_163	0.089689	0.06168923	0.10946370	0.05156182
ASV_247	0.091009	0.09205031	0.10626386	0.03176580
ASV_294	0.089039	0.10450160	0.09817775	0.03400044
ASV_182	0.082228	0.09921339	0.05554846	0.16106192
ASV_128	0.101536	0.007005339	0.090349197	0.268516392
ASV_161	0.091529	0.02195494	0.08943935	0.19111760
ASV_278	0.079006	0.16912468	0.05348109	0.05710927
ASV_168	0.088173	0.08983176	0.09597153	0.05640047
ASV_245	0.090463	0.06552251	0.06752266	0.21035024
ASV_131	0.107279	0.06110883	0.08992124	0.23395448
ASV_206	0.089542	0.07441421	0.10467102	0.05207808
ASV_180	0.094482	0.05908740	0.10564333	0.09876781
ASV_156	0.12548	0.02907872	0.17493928	0.06485425
ASV_284	0.093183	0.06771929	0.09266491	0.12869312
ASV_217	0.0777	0.08699787	0.07947524	0.05871378
ASV_181	0.083021	0.11619120	0.05182519	0.15766473
ASV_185	0.07732	0.11524914	0.07827707	0.02371850
ASV_211	0.080893	0.10923196	0.07159655	0.07882656
ASV_225	0.080627	0.05751958	0.10395486	0.02257222
ASV_179	0.087124	0.14277157	0.06066959	0.11416834
ASV_281	0.088685	0.03008009	0.12954065	0.01090272
ASV_230	0.087152	0.04048473	0.10868890	0.06692995
ASV_192	0.085958	0.04254617	0.07136902	0.19849841
ASV_184	0.082443	0.07858770	0.08773524	0.06744584
ASV_132	0.099642	0.05420775	0.13124622	0.03960252
ASV_196	0.093879	0.03529790	0.12976879	0.03490315
ASV_160	0.082243	0.07994746	0.08298821	0.08243856
ASV_229	0.076139	0.19040145	0.04079873	0.05966972
ASV_195	0.083492	0.04102449	0.08591298	0.13025617
ASV_201	0.080281	0.04036383	0.10782222	0.02838566
ASV_153	0.077977	0.09582959	0.07791831	0.05468120
ASV_226	0.068524	0.21311442	0.02790419	0.03212779
ASV_162	0.06939	0.05489780	0.07986804	0.04873213
ASV_231	0.070724	0.11834151	0.05316218	0.07461052
ASV_171	0.08181	0.04232694	0.11393906	0.01194312
ASV_194	0.080429	0.17670691	0.05946550	0.03311617
ASV_183	0.101087	0.04754047	0.08932566	0.21625307
ASV_175	0.076144	0.04053255	0.09326888	0.05809775
ASV_172	0.064389	0.19864885	0.01917262	0.05903953
ASV_301	0.079267	0.01189404	0.08118323	0.16075625
ASV_433	0.066888	0.12395122	0.06002294	0.01775253
ASV_309	0.067858	0.08265894	0.06900456	0.04401064
ASV_173	0.074091	0.02135564	0.09922879	0.04820331
ASV_333	0.069852	0.06254770	0.08374578	0.02676690
ASV_577	0.074938	0.04066285	0.07628710	0.11497737
ASV_342	0.06695	0.18202067	0.03368093	0.04156205
ASV_214	0.070456	0.08277542	0.07254508	0.04630269
ASV_204	0.057946	0.195895507	0.007030744	0.069360383
ASV_223	0.071327	0.05176127	0.08496811	0.04535548
ASV_255	0.067762	0.05418072	0.08547768	0.01844797
ASV_164	0.075539	0.08442841	0.07448626	0.06781879
ASV_282	0.066411	0.10545206	0.05543495	0.05661257
ASV_286	0.063407	0.11398367	0.05302051	0.03617462
ASV_483	0.066155	0.06065035	0.07382510	0.04430876
ASV_190	0.060348	0.01039033	0.04827403	0.17197193
ASV_280	0.06698	0.06634994	0.07265999	0.04625964
ASV_786	0.073743	0.06317435	0.07210867	0.09386395
ASV_246	0.065407	0.05579284	0.07258586	0.05083978
ASV_358	0.06626	0.14924837	0.04112391	0.05228325
ASV_368	0.06342	0.10088553	0.05427797	0.04874043
ASV_178	0.077698	0.05417118	0.07872825	0.10478282
ASV_241	0.066328	0.06419597	0.06606792	0.07012542
ASV_222	0.061698	0.08069151	0.05309584	0.06930761
ASV_361	0.063349	0.05711141	0.06713148	0.05721441
ASV_507	0.067583	0.05818737	0.06481547	0.09045863
ASV_426	0.058505	0.15430718	0.03332397	0.02781802
ASV_251	0.060295	0.02755965	0.07024503	0.06567800
ASV_224	0.059594	0.01173378	0.08353271	0.03183533
ASV_363	0.056984	0.13741095	0.04098454	0.01172026
ASV_205	0.062982	0.02650016	0.06714330	0.09526124
ASV_234	0.059547	0.06062759	0.04558323	0.11109811
ASV_334	0.058058	0.17355939	0.02512295	0.03083566
ASV_262	0.061201	0.07365559	0.06157608	0.04336892
ASV_198	0.063464	0.08986372	0.05904586	0.04544383
ASV_219	0.056414	0.01540706	0.06054329	0.09477420
ASV_216	0.089204	0.003133293	0.122227828	0.077320878
ASV_228	0.062739	0.06098627	0.07049610	0.03562006
ASV_1119	0.054758	0.13867637	0.03440397	0.02141385
ASV_276	0.056235	0.09016395	0.04532189	0.05293449
ASV_269	0.061027	0.04744922	0.06010135	0.08242406
ASV_793	0.056483	0.08188640	0.05393772	0.03266802
ASV_472	0.050744	0.10288152	0.03986157	0.02333618
ASV_303	0.052873	0.13623420	0.03320117	0.01767531
ASV_273	0.057085	0.13764873	0.02826480	0.06027885
ASV_297	0.055698	0.08735421	0.03848608	0.07928541
ASV_488	0.060939	0.03627530	0.05576248	0.11307082
ASV_237	0.072997	0.01082684	0.10314659	0.04052927
ASV_218	0.057008	0.06281005	0.05794311	0.04581655
ASV_299	0.061861	0.03960881	0.06002258	0.09815023
ASV_341	0.053549	0.04964700	0.05929676	0.03688468
ASV_264	0.047837	0.160906332	0.018618607	0.009714521
ASV_350	0.052043	0.07469881	0.05255177	0.02026205
ASV_615	0.052483	0.084055529	0.053864393	0.005648682
ASV_244	0.057085	0.04788329	0.05886966	0.06243690
ASV_256	0.05447	0.06958788	0.05188389	0.04436441
ASV_355	0.050508	0.017938801	0.073798900	0.005060569
ASV_324	0.052193	0.03263212	0.05579842	0.06428313
ASV_265	0.069997	0.07069435	0.05902966	0.11068644
ASV_259	0.05203	0.05439776	0.05225693	0.04804990
ASV_232	0.052783	0.07390352	0.04841413	0.04153452
ASV_215	0.063031	0.05603456	0.07534977	0.02551809
ASV_260	0.054777	0.003486734	0.081073386	0.022587967
ASV_570	0.049164	0.08621993	0.04545372	0.01442047
ASV_456	0.047069	0.13013020	0.02486896	0.02185991
ASV_409	0.048651	0.09487345	0.03579067	0.03654474
ASV_242	0.053579	0.02239435	0.04867044	0.11328353
ASV_252	0.052614	0.01874535	0.05513826	0.08766148
ASV_388	0.047241	0.04606429	0.05019966	0.03756512
ASV_293	0.047679	0.007581864	0.052841824	0.080921063
ASV_238	0.05848	0.07779891	0.04271647	0.09282733
ASV_313	0.047296	0.05967299	0.05222984	0.01227532
ASV_250	0.048577	0.05321706	0.05087615	0.03373954
ASV_345	0.048947	0.03360863	0.04289093	0.09213134
ASV_249	0.05072	0.05172783	0.05125271	0.04737202
ASV_338	0.061034	0.03428180	0.07165364	0.05599260
ASV_292	0.047979	0.03274539	0.05912026	0.02578124
ASV_285	0.052063	0.06053677	0.04850249	0.05440572
ASV_233	0.045949	0.1207005	0.0276252	0.0169829
ASV_556	0.053427	0.03688149	0.06589947	0.02790712
ASV_257	0.048837	0.04110759	0.03974432	0.09351394
ASV_491	0.049494	0.06741218	0.04241846	0.05272774
ASV_270	0.045936	0.10745837	0.03055012	0.02325148
ASV_227	0.054331	0.02706074	0.06405743	0.05336270
ASV_754	0.044339	0.08235806	0.03836693	0.01690510
ASV_307	0.037832	0.135162789	0.009520932	0.017007016
ASV_314	0.04966	0.04242072	0.05176770	0.05120221
ASV_462	0.044699	0.06665377	0.04112712	0.02932796
ASV_320	0.041817	0.10100065	0.02618598	0.02314557
ASV_335	0.043069	0.05843364	0.04289304	0.02349374
ASV_392	0.044752	0.05301165	0.05098184	0.01023700
ASV_258	0.064443	0.03134343	0.08799007	0.01871839
ASV_310	0.044478	0.06983254	0.03437272	0.04941274
ASV_283	0.047676	0.06636176	0.03273598	0.07973718
ASV_1153	0.048275	0.03286274	0.04608934	0.07686960
ASV_528	0.043775	0.06632302	0.04223624	0.01990545
ASV_446	0.044055	0.01895910	0.05457299	0.03721917
ASV_327	0.041205	0.06576164	0.03901034	0.01717769
ASV_343	0.045449	0.03917705	0.05406450	0.02103029
ASV_346	0.051169	0.03165724	0.06428266	0.02712788
ASV_377	0.04679	0.07275697	0.04552407	0.01738465
ASV_521	0.03943	0.10525801	0.02243189	0.01719185
ASV_715	0.03938	0.138622888	0.012781015	0.009536753
ASV_275	0.046688	0.03517893	0.05176612	0.04258792
ASV_243	0.045212	0.03981100	0.05333540	0.02150939
ASV_481	0.039697	0.08985621	0.02446947	0.03138088
ASV_396	0.04409	0.05948530	0.04408147	0.02383964
ASV_248	0.059745	0.031200563	0.082969338	0.009243555
ASV_630	0.039419	0.070573270	0.036989098	0.007592206
ASV_236	0.042282	0.01742629	0.05251418	0.03621085
ASV_474	0.041866	0.05376784	0.03269611	0.06097362
ASV_520	0.041633	0.10322113	0.01588342	0.05817941
ASV_340	0.039858	0.04638459	0.03740995	0.04054910
ASV_305	0.047188	0.02499673	0.05643372	0.04134833
ASV_423	0.044681	0.01556837	0.06213328	0.01682650
ASV_298	0.038238	0.001838133	0.022031213	0.147678056
ASV_267	0.050881	0.05384150	0.04449504	0.07120568
ASV_347	0.039754	0.06211692	0.03731135	0.01955686
ASV_289	0.039987	0.05715896	0.03726159	0.02770361
ASV_308	0.05843	0.0003673206	0.0937817673	0.0008141979
ASV_326	0.041608	0.05041697	0.03751514	0.04553084
ASV_348	0.036525	0.04912033	0.02865768	0.04977553
ASV_662	0.0404	0.08383645	0.02834255	0.02891708
ASV_783	0.038197	0.02632080	0.04668959	0.02162386
ASV_449	0.04109	0.03217392	0.05012501	0.01855916
ASV_375	0.043807	0.03780731	0.04758087	0.03739269
ASV_402	0.040965	0.05411169	0.03658538	0.04025957
ASV_891	0.045569	0.04447434	0.04079562	0.06511983
ASV_352	0.035976	0.07508498	0.02865811	0.01221483
ASV_277	0.041535	0.02863276	0.04796480	0.03414368
ASV_300	0.033104	0.01724829	0.04125848	0.02306075
ASV_436	0.041673	0.02925078	0.04428481	0.04813185
ASV_302	0.040638	0.06079885	0.04159933	0.01043128
ASV_498	0.037213	0.07768525	0.02676961	0.02351159
ASV_460	0.034722	0.100228265	0.018975624	0.008157171
ASV_239	0.031181	0.125695181	0.004260510	0.008786766
ASV_316	0.041271	0.04827333	0.02636556	0.08859113
ASV_578	0.035519	0.06449298	0.02989336	0.01868924
ASV_339	0.03606	0.02870989	0.04434264	0.01432242
ASV_290	0.038147	0.12547567	0.01412783	0.01421587
ASV_466	0.037036	0.068071131	0.034384389	0.006206032
ASV_279	0.032473	0.011337188	0.045754033	0.009934223
ASV_373	0.034456	0.134388910	0.007546614	0.004881842
ASV_268	0.036695	0.01986893	0.04621643	0.02273894
ASV_272	0.03646	0.009668381	0.027834195	0.104478410
ASV_328	0.04248	0.001610974	0.061454777	0.024338309
ASV_496	0.034425	0.067462375	0.031096894	0.003527367
ASV_359	0.034007	0.04067653	0.03448804	0.02339423
ASV_254	0.038456	0.0381794052	0.0485846410	0.0003939619
ASV_389	0.033009	0.06351139	0.02427931	0.02594085
ASV_644	0.033794	0.077087675	0.025929112	0.006592078
ASV_323	0.042844	0.04103779	0.04032656	0.05477505
ASV_315	0.037502	0.11746894	0.01354386	0.02303456
ASV_253	0.047827	0.0009470072	0.0704711071	0.0236837072
ASV_287	0.026439	0.002757859	0.023727070	0.067925616
ASV_422	0.033089	0.07604069	0.02229182	0.01746282
ASV_410	0.037281	0.02297508	0.03156219	0.07782288
ASV_337	0.036083	0.01141132	0.04718918	0.02645520
ASV_1044	0.036227	0.03034288	0.03878329	0.03428378
ASV_329	0.036739	0.021070528	0.049709001	0.008175714
ASV_533	0.031905	0.075187571	0.022913007	0.008996861
ASV_390	0.04261	0.03117153	0.05321848	0.01743251
ASV_438	0.037305	0.04889714	0.03575096	0.02793021
ASV_1237	0.032154	0.097238877	0.016869974	0.004392094
ASV_400	0.034424	0.03517053	0.03959763	0.01381099
ASV_601	0.03347	0.07454148	0.02358670	0.01685264
ASV_428	0.034885	9.582129e-03	5.285058e-02	6.574175e-05
ASV_470	0.0345	0.04017093	0.03307685	0.03242774
ASV_266	0.028267	0.07896061	0.00418039	0.05285817
ASV_371	0.030437	0.076147025	0.020886516	0.006444594
ASV_506	0.032306	0.07219370	0.02368455	0.01246104
ASV_414	0.035023	0.01533248	0.04769381	0.01289837
ASV_365	0.032557	0.04949138	0.02958623	0.02151477
ASV_376	0.030233	0.009226876	0.042832229	0.010113031
ASV_524	0.041812	0.02597064	0.04297241	0.05828152
ASV_432	0.035732	0.05010356	0.03599327	0.01580703
ASV_288	0.039263	0.006082938	0.038812605	0.084686626
ASV_801	0.031175	0.046641287	0.031892919	0.008072313
ASV_291	0.034422	0.03967914	0.02428659	0.06594820
ASV_322	0.029107	1.346035e-01	8.831558e-05	2.036101e-04
ASV_296	0.031459	0.01765466	0.03056976	0.05302126
ASV_412	0.031317	0.03098742	0.03573457	0.01499529
ASV_385	0.033569	0.03382002	0.03392722	0.03188037
ASV_405	0.034528	0.01937317	0.04567599	0.01220264
ASV_387	0.03478	0.02280291	0.04043385	0.02911265
ASV_886	0.029768	0.03046255	0.03234860	0.01906407
ASV_1133	0.031951	0.062660008	0.028673981	0.003924207
ASV_317	0.029198	0.02083025	0.03447503	0.02020138
ASV_360	0.031953	0.04758005	0.03208240	0.01087305
ASV_325	0.032019	0.03661119	0.02738910	0.04353426
ASV_529	0.031542	0.04910857	0.02657835	0.02722922
ASV_372	0.038362	0.006939862	0.056711744	0.010148482
ASV_885	0.037958	0.02574458	0.03918970	0.04937692
ASV_306	0.030852	0.02766557	0.03247938	0.02887325
ASV_394	0.02982	0.04455278	0.02963608	0.01110864
ASV_1126	0.028915	0.075823933	0.017626362	0.009937952
ASV_331	0.031315	0.038973482	0.034284549	0.009961894
ASV_1219	0.029467	0.04147369	0.02947175	0.01363186
ASV_263	0.03652	0.000915466	0.000736086	0.219176929
ASV_399	0.032845	0.03315695	0.03752819	0.01467054
ASV_590	0.029553	0.035172831	0.032880796	0.009522682
ASV_304	0.033035	0.045583294	0.035024078	0.008954884
ASV_475	0.030254	0.044708363	0.031972403	0.004690906
ASV_945	0.030022	0.03539226	0.02782785	0.03127241
ASV_495	0.029256	0.05240798	0.02212855	0.02579428
ASV_594	0.026963	0.02582295	0.02457362	0.03752717
ASV_403	0.02861	0.04754862	0.02479036	0.01814952
ASV_567	0.025927	0.01535533	0.03284827	0.01359909
ASV_546	0.031355	0.02864550	0.03197478	0.03257643
ASV_439	0.030092	0.02602696	0.03307718	0.02411983
ASV_761	0.028353	0.056188274	0.023654218	0.009507004
ASV_452	0.032359	0.04787339	0.02885673	0.02520876
ASV_437	0.028492	0.05314913	0.02393694	0.01328650
ASV_398	0.029671	0.04048880	0.03051972	0.01219922
ASV_391	0.034713	0.004463672	0.053488523	0.003338295
ASV_1023	0.028107	0.05282013	0.02486167	0.00786235
ASV_418	0.030715	0.02372677	0.03583466	0.02050015
ASV_482	0.029287	0.03408098	0.02811433	0.02741953
ASV_1199	0.035034	0.02506133	0.03783723	0.03753895
ASV_321	0.031544	0.023940746	0.009213766	0.126274101
ASV_471	0.03114	0.06329730	0.02645730	0.00653553
ASV_685	0.028084	0.07300038	0.01694397	0.01117262
ASV_395	0.027311	0.07160310	0.01525931	0.01467537
ASV_381	0.032549	0.02143464	0.01992436	0.09508773
ASV_356	0.0304	0.03188789	0.03168155	0.02357503
ASV_1066	0.027339	0.047939626	0.025093786	0.008717442
ASV_1072	0.033422	0.03336674	0.02815038	0.05349303
ASV_312	0.023948	0.06383075	0.01303686	0.01279567
ASV_485	0.027214	0.015196661	0.037130657	0.005426808
ASV_353	0.027901	0.02279636	0.03216373	0.01845565
ASV_330	0.026949	0.009535608	0.039060407	0.003942924
ASV_419	0.02373	0.02839937	0.01950169	0.03361983
ASV_357	0.026761	0.04262905	0.02289078	0.02053806
ASV_351	0.024487	0.05792833	0.01587082	0.01311453
ASV_295	0.021329	0.084364096	0.002911553	0.008150593
ASV_589	0.025181	0.007731547	0.035482704	0.009090032
ASV_930	0.025189	0.04885164	0.01920884	0.01669947
ASV_378	0.027654	0.02620451	0.02918104	0.02377275
ASV_545	0.025092	0.01669253	0.03118118	0.01305625
ASV_440	0.024382	0.008592951	0.031750228	0.017233528
ASV_383	0.027034	0.003554502	0.015223214	0.102774372
ASV_427	0.028817	0.01933354	0.02921133	0.03981780
ASV_382	0.022908	0.03449565	0.01646849	0.03206975
ASV_374	0.029433	0.02055117	0.03057013	0.03682364
ASV_604	0.024689	0.05303215	0.01824352	0.01180270
ASV_366	0.023773	0.004850043	0.033985081	0.009959778
ASV_458	0.027165	0.02817924	0.02684054	0.02705968
ASV_397	0.027227	0.00823721	0.03684823	0.01574682
ASV_635	0.026062	0.05167659	0.01884432	0.01969892
ASV_494	0.023882	0.02951244	0.02403581	0.01588018
ASV_454	0.024354	0.03041379	0.01984705	0.03346803
ASV_349	0.022248	0.05879111	0.01117512	0.01611009
ASV_430	0.024245	0.005555745	0.022469741	0.055601892
ASV_522	0.025779	0.04329478	0.01925901	0.02743917
ASV_420	0.026387	0.03371786	0.02058535	0.03873632
ASV_1182	0.02385	0.03453363	0.02377711	0.01004997
ASV_336	0.02135	0.014733963	0.027166265	0.008002068
ASV_463	0.029145	0.02799436	0.03330881	0.01486641
ASV_415	0.024348	0.007930695	0.030676552	0.021966432
ASV_616	0.024859	0.04505880	0.01923931	0.01956441
ASV_1084	0.021904	0.01118064	0.02815822	0.01230708
ASV_384	0.032716	0.01047175	0.04515699	0.01482387
ASV_996	0.022996	0.053856826	0.016420564	0.007283958
ASV_1208	0.02259	0.050113598	0.017027990	0.007428037
ASV_408	0.026284	0.02663513	0.02989759	0.01211430
ASV_457	0.024614	0.03219762	0.02289954	0.02112742
ASV_519	0.023944	0.043595286	0.021447663	0.007526607
ASV_584	0.024714	0.02441098	0.02654510	0.01816836
ASV_769	0.031228	0.01020368	0.02041582	0.09994155
ASV_404	0.025153	0.01954033	0.02923772	0.01704873
ASV_421	0.026424	0.02850497	0.02364049	0.03424236
ASV_559	0.021523	0.02252883	0.02307471	0.01431094
ASV_344	0.022252	0.004534482	0.032818184	0.005511001
ASV_411	0.025121	0.008147844	0.030620380	0.026621417
ASV_707	0.025059	0.04724096	0.01704485	0.02623979
ASV_637	0.020961	0.04515932	0.01627185	0.00687054
ASV_477	0.023517	0.01187958	0.02281588	0.04150986
ASV_406	0.027466	0.06176141	0.01889250	0.01480634
ASV_729	0.022609	0.028681845	0.024103615	0.008940829
ASV_583	0.02458	0.02141671	0.02769881	0.01691460
ASV_465	0.024248	0.01424691	0.02677605	0.02783442
ASV_734	0.022683	0.059181596	0.015111744	0.003319519
ASV_369	0.019104	0.004235417	0.028421737	0.003346538
ASV_684	0.021779	0.061804806	0.011009103	0.009901764
ASV_550	0.024538	2.449088e-02	3.099765e-02	9.424399e-05
ASV_651	0.024167	0.01601134	0.03002579	0.01268499
ASV_531	0.022418	0.003847965	0.026122699	0.032830344
ASV_401	0.026304	0.004668704	0.040127782	0.002366591
ASV_1000	0.023939	0.01516030	0.02890921	0.01665123
ASV_512	0.021071	0.040937778	0.018336436	0.005273451
ASV_530	0.021195	0.01129995	0.02587806	0.01646569
ASV_592	0.024354	0.01096582	0.03077934	0.01761976
ASV_688	0.021176	0.023963881	0.024013454	0.006741354
ASV_744	0.024511	0.02722859	0.02427739	0.02181510
ASV_653	0.022666	0.017041437	0.029207840	0.005260016
ASV_459	0.024169	0.009163573	0.030532452	0.019797446
ASV_416	0.023074	0.0045540760	0.0353415332	0.0009365955
ASV_833	0.021687	0.020576894	0.026689256	0.004174497
ASV_490	0.019917	0.01526213	0.02365518	0.01187075
ASV_587	0.020443	0.046219024	0.015945360	0.003547074
ASV_657	0.021527	0.01540078	0.02654389	0.01056871
ASV_425	0.020778	0.03166332	0.01406040	0.03192299
ASV_772	0.02004	0.056082981	0.010862510	0.007370843
ASV_469	0.02089	0.012462267	0.028505435	0.003100907
ASV_525	0.022369	0.01817945	0.01251481	0.06527424
ASV_379	0.018011	0.062041718	0.006577062	0.003379038
ASV_639	0.024345	0.005750713	0.034277840	0.011161748
ASV_431	0.028436	0.02256343	0.01402467	0.09084484
ASV_489	0.022245	0.04094357	0.01508305	0.02477956
ASV_668	0.021336	0.03041762	0.02075439	0.01158040
ASV_370	0.02239	0.02919793	0.01598833	0.03770755
ASV_693	0.020088	0.02778596	0.01955752	0.01195990
ASV_934	0.022024	0.028483010	0.023425778	0.008194206
ASV_455	0.022565	0.03084097	0.02191630	0.01412543
ASV_442	0.017888	0.0818335431	0.0002650305	0.0004969374
ASV_730	0.021888	0.02304520	0.02460408	0.01005707
ASV_557	0.020222	0.04006417	0.01601507	0.01004136
ASV_571	0.019184	0.034547101	0.018000161	0.003435113
ASV_624	0.020388	0.02519990	0.01975124	0.01646565
ASV_979	0.019497	0.029713090	0.019314301	0.006732961
ASV_464	0.019959	0.01007861	0.02369644	0.01879842
ASV_518	0.026027	0.01312645	0.03461853	0.01042793
ASV_503	0.021343	0.020132063	0.025781882	0.006100129
ASV_467	0.019952	0.011092505	0.026018969	0.008605173
ASV_386	0.031658	0.001160845	0.032561908	0.068405650
ASV_362	0.02131	0.004645845	0.030166985	0.009664253
ASV_549	0.02198	0.00857452	0.02898489	0.01306539
ASV_526	0.019538	0.014854380	0.024656299	0.006289827
ASV_393	0.03265	0.008283915	0.041216097	0.032252591
ASV_501	0.019203	0.004467334	0.028237461	0.004340247
ASV_561	0.018424	0.01473702	0.02283460	0.00654668
ASV_989	0.021693	0.01493636	0.02687543	0.01093419
ASV_842	0.018249	0.060287122	0.007584033	0.003325200
ASV_473	0.022169	0.01480747	0.02013559	0.03958141
ASV_595	0.017209	0.062242191	0.005396118	0.002692738
ASV_950	0.021036	0.004691721	0.030626423	0.006183889
ASV_535	0.01952	0.04128753	0.01336718	0.01418364
ASV_739	0.018567	0.02649138	0.01627566	0.01681886
ASV_1224	0.019109	0.016250179	0.023961808	0.004465811
ASV_354	0.014521	0.0616619978	0.0009874353	0.0037531988
ASV_751	0.020503	0.02164082	0.02208198	0.01301550
ASV_453	0.022665	0.01173044	0.02916899	0.01239883
ASV_504	0.021662	0.02370197	0.01888121	0.02952144
ASV_486	0.018805	0.02838981	0.01725374	0.01206364
ASV_894	0.019128	0.02103510	0.02300247	0.00191888
ASV_976	0.01904	0.033122605	0.017332890	0.006963637
ASV_937	0.019994	0.01712475	0.02325877	0.01138734
ASV_443	0.020638	0.006132581	0.025312496	0.022016419
ASV_502	0.021373	0.018632444	0.025992846	0.007458014
ASV_508	0.019566	0.01378757	0.02076480	0.02263195
ASV_499	0.016222	0.007145121	0.021634508	0.007645392
ASV_536	0.019065	0.004392606	0.026232461	0.011205059
ASV_580	0.019955	0.008504692	0.023848259	0.020270921
ASV_591	0.023979	0.006448753	0.024552173	0.044900631
ASV_756	0.020366	0.029806601	0.020107591	0.008908217
ASV_479	0.016733	0.02293835	0.01065761	0.03160794
ASV_702	0.017463	0.03878489	0.01177374	0.01095286
ASV_1118	0.020376	0.018081573	0.024336194	0.008375139
ASV_447	0.017591	0.01049205	0.02016453	0.01718058
ASV_659	0.017318	0.01909400	0.01367297	0.02880815
ASV_511	0.028027	0.0052267887	0.0431963260	0.0005181615
ASV_904	0.021184	0.04445262	0.01096082	0.02931267
ASV_922	0.018442	0.053817925	0.009779002	0.004701285
ASV_538	0.020244	0.007002012	0.013048499	0.064989068
ASV_619	0.021096	0.01288585	0.02533847	0.01581895
ASV_1140	0.016542	0.03319422	0.01344250	0.00636175
ASV_500	0.017363	0.004603666	0.024951064	0.005386277
ASV_1082	0.01806	0.01140628	0.01574401	0.03561115
ASV_555	0.018186	0.01692172	0.01752783	0.02234748
ASV_451	0.020231	0.01124947	0.01707786	0.04402724
ASV_480	0.021663	0.04296346	0.00928531	0.04055595
ASV_753	0.015636	0.046752851	0.008157214	0.003011668
ASV_461	0.014162	0.049147773	0.003645508	0.007962770
ASV_574	0.019716	0.008721664	0.019330569	0.035660939
ASV_652	0.018337	0.027268067	0.019099368	0.003677744
ASV_767	0.021141	0.011043962	0.028092091	0.008073892
ASV_1165	0.017637	0.03526279	0.01254159	0.01374441
ASV_636	0.016876	0.036368081	0.013450567	0.004193093
ASV_948	0.017405	0.023429332	0.018154846	0.006625164
ASV_821	0.016006	0.02094208	0.01151020	0.02655614
ASV_1090	0.016103	0.026937010	0.015172961	0.005358033
ASV_527	0.017428	0.013881770	0.020961994	0.008695288
ASV_655	0.017352	0.023246611	0.018408976	0.005574892
ASV_663	0.017118	0.02823622	0.01449056	0.01243471
ASV_1216	0.01611	0.038341288	0.011680358	0.003627714
ASV_627	0.016679	0.02482716	0.01417500	0.01544207
ASV_664	0.020587	0.022935127	0.023010822	0.008299653
ASV_721	0.017415	0.016657806	0.020773870	0.005667634
ASV_450	0.017831	0.02002067	0.01805356	0.01410137
ASV_831	0.015483	0.039636597	0.008080512	0.011744088
ASV_608	0.016802	0.043234095	0.010245590	0.006850645
ASV_683	0.017283	0.02421742	0.01440409	0.01907161
ASV_581	0.016075	0.003839154	0.023809147	0.002854918
ASV_532	0.01678	0.028193770	0.015545175	0.006424785
ASV_478	0.016981	0.024820642	0.016266162	0.009361522
ASV_558	0.017388	0.01421850	0.01408602	0.03409319
ASV_497	0.016441	0.018747024	0.017461212	0.009532531
ASV_763	0.019296	0.02325420	0.01690437	0.02315268
ASV_448	0.018322	0.0150604980	0.0242302759	0.0002028084
ASV_670	0.016751	0.006584944	0.023434900	0.004786523
ASV_596	0.01754	0.014408592	0.021028860	0.008430394
ASV_1209	0.018291	0.01587796	0.01501858	0.03388574
ASV_542	0.01696	0.02793400	0.01260958	0.01900532
ASV_698	0.019508	0.009546095	0.018636867	0.035936913
ASV_417	0.02487	5.521172e-05	3.797891e-02	7.832310e-03
ASV_724	0.015644	0.02592315	0.01250362	0.01401659
ASV_516	0.015423	0.051201150	0.005002290	0.007817368
ASV_847	0.017171	0.024695186	0.017292881	0.006796398
ASV_1079	0.016346	0.021077763	0.016572193	0.009253928
ASV_830	0.014823	0.048887640	0.005934884	0.003659872
ASV_623	0.015651	0.005559923	0.021594641	0.006394850
ASV_749	0.016394	0.013733904	0.019191233	0.009284549
ASV_717	0.017021	0.02773897	0.01512041	0.01010918
ASV_588	0.016944	0.02499950	0.01595154	0.01009637
ASV_723	0.016197	0.02362313	0.01359770	0.01627296
ASV_537	0.017389	0.01437158	0.01989034	0.01187704
ASV_777	0.015952	0.02324320	0.01441887	0.01216401
ASV_609	0.01935	0.007377094	0.026434564	0.008247599
ASV_743	0.016827	0.007344031	0.020732304	0.014507408
ASV_629	0.017394	0.015102529	0.021752892	0.003879635
ASV_676	0.014907	0.003828677	0.020721458	0.007442573
ASV_699	0.015241	0.00591202	0.01940768	0.01172348
ASV_523	0.016493	0.033803026	0.013220840	0.006101712
ASV_505	0.017696	0.005461536	0.024276845	0.008846162
ASV_597	0.018412	0.005809459	0.023519262	0.015642509
ASV_694	0.014285	0.050332490	0.005420091	0.000425453
ASV_746	0.016323	0.01532717	0.01806542	0.01102489
ASV_962	0.016133	0.016732616	0.018247562	0.007320685
ASV_468	0.013654	0.042720740	0.006114101	0.003962952
ASV_647	0.015807	0.02738735	0.01289631	0.01158961
ASV_918	0.016541	0.01442634	0.01335654	0.03140763
ASV_650	0.015231	3.305629e-05	2.397535e-02	2.083576e-03
ASV_492	0.01565	0.01201667	0.01408468	0.02637399
ASV_835	0.015989	0.03699434	0.01018419	0.01033890
ASV_544	0.017871	0.02289164	0.01608436	0.01803137
ASV_656	0.016674	0.005840139	0.023500843	0.005045840
ASV_1085	0.017322	0.013250551	0.021266175	0.007723709
ASV_552	0.013627	0.006006206	0.018157069	0.006480553
ASV_540	0.014815	0.010940963	0.018148101	0.007271392
ASV_441	0.019274	0.04043137	0.01011219	0.02615408
ASV_709	0.016737	0.02158655	0.01415630	0.02013995
ASV_771	0.015838	0.01763263	0.01626359	0.01186212
ASV_582	0.017615	0.002507606	0.024099676	0.012917640
ASV_823	0.015702	0.009743778	0.015401340	0.024695249
ASV_638	0.014213	0.007165594	0.017740231	0.010117498
ASV_840	0.014891	0.029457353	0.011398154	0.008950029
ASV_807	0.014137	0.030168358	0.011121111	0.004458617
ASV_710	0.015214	0.02371363	0.01455643	0.00650789
ASV_1147	0.021784	0.013662690	0.029693059	0.002479979
ASV_737	0.015696	0.03749561	0.00746366	0.01820615
ASV_509	0.015001	0.002255135	0.022654272	0.002761874
ASV_832	0.015151	0.031512664	0.011847652	0.006127951
ASV_534	0.012027	0.035970158	0.005165571	0.006511611
ASV_713	0.015312	0.005788432	0.018166874	0.017028942
ASV_1189	0.014651	0.004478739	0.020219439	0.006926275
ASV_444	0.012423	0.036439684	0.006600756	0.002868705
ASV_893	0.013528	0.023537011	0.012043729	0.005972731
ASV_621	0.017095	0.008940002	0.019653364	0.018132684
ASV_944	0.013653	0.021301942	0.008963958	0.021366334
ASV_579	0.01743	0.01264629	0.01565110	0.03048182
ASV_484	0.015609	0.009991134	0.019383377	0.008690208
ASV_984	0.013828	0.010275284	0.017441193	0.004802936
ASV_543	0.016264	0.008145917	0.019332313	0.015320124
ASV_593	0.01404	0.008017326	0.015652221	0.015860200
ASV_614	0.014344	0.007132765	0.017880619	0.010425601
ASV_759	0.014294	0.015114241	0.015797293	0.007511175
ASV_860	0.013893	0.020976756	0.013083710	0.007629576
ASV_1160	0.013272	0.009617478	0.016744046	0.004917572
ASV_628	0.016417	0.005403496	0.017140176	0.028183163
ASV_563	0.0177	0.031263782	0.006500927	0.042315527
ASV_785	0.012624	0.022224886	0.012279148	0.001281195
ASV_641	0.013916	0.007573581	0.018186232	0.006070815
ASV_682	0.015897	0.008110862	0.010250084	0.047580177
ASV_1024	0.014936	0.01362467	0.01235020	0.02647030
ASV_935	0.014188	0.026359831	0.005199526	0.032252491
ASV_711	0.014241	0.032358610	0.007420903	0.016242439
ASV_791	0.017802	0.008953521	0.015009747	0.040051353
ASV_1012	0.013847	0.02007422	0.01371041	0.00616144
ASV_625	0.013409	0.013296921	0.008798431	0.031046239
ASV_1181	0.013867	0.01054651	0.01467085	0.01518916
ASV_677	0.013393	0.016701836	0.013691440	0.007898774
ASV_493	0.014471	0.003967947	0.020787243	0.004347845
ASV_897	0.013333	0.028106533	0.009759170	0.007428905
ASV_1098	0.013754	0.02009798	0.01137164	0.01443664
ASV_899	0.018072	0.002636088	0.024664376	0.013401759
ASV_708	0.012502	0.042427361	0.004761606	0.002441348
ASV_602	0.014155	0.025334913	0.008545055	0.020708771
ASV_572	0.016202	0.005006315	0.015538712	0.033467618
ASV_1045	0.01187	0.019385846	0.007361055	0.019074434
ASV_610	0.013276	0.034500921	0.007933339	0.005582919
ASV_568	0.020005	0.002588695	0.029490044	0.006967934
ASV_725	0.013971	0.013118754	0.016154664	0.006810205
ASV_779	0.012979	0.019183876	0.012622088	0.006158568
ASV_1114	0.014481	0.012899947	0.016682165	0.008215756
ASV_686	0.014383	0.003889022	0.020086292	0.006572560
ASV_1138	0.013916	0.01786577	0.01503856	0.00445188
ASV_513	0.012643	0.043767653	0.003153426	0.007637903
ASV_575	0.014377	0.01686573	0.01403629	0.01239234
ASV_696	0.017086	0.005817652	0.021827216	0.013943155
ASV_514	0.013553	0.009167326	0.015918765	0.010353379
ASV_910	0.015074	0.001496577	0.022054088	0.006484526
ASV_703	0.012325	0.007398287	0.012768183	0.017135176
ASV_565	0.011512	0.0008049841	0.0180825653	0.0006905900
ASV_1238	0.013055	0.020041349	0.011950969	0.008038042
ASV_510	0.014562	0.044774877	0.004338103	0.013546105
ASV_645	0.018459	0.003623773	0.025199599	0.012430358
ASV_564	0.014274	0.007372404	0.016562023	0.014689366
ASV_943	0.011271	0.035063690	0.005385838	0.002252098
ASV_968	0.01247	0.041356615	0.004229293	0.005675404
ASV_1017	0.015698	0.008397145	0.019563144	0.010656395
ASV_1159	0.011464	0.003594094	0.012390787	0.018315531
ASV_1019	0.016314	0.006480115	0.022206337	0.006917053
ASV_969	0.013175	0.00805748	0.01519652	0.01225108
ASV_429	0.015223	1.296725e-04	7.476979e-05	9.257390e-02
ASV_548	0.013257	0.005899693	0.018125785	0.004482479
ASV_566	0.015069	0.01290031	0.01194109	0.02979191
ASV_1091	0.012128	0.029306192	0.007465754	0.007184574
ASV_674	0.01204	0.002726805	0.017680664	0.002912827
ASV_607	0.015016	0.01096958	0.01518322	0.01971042
ASV_712	0.012198	0.004361502	0.015392111	0.010405510
ASV_487	0.013125	0.031898493	0.007445612	0.009935807
ASV_695	0.018374	0.04540432	0.01063183	0.01213205
ASV_613	0.012457	0.028881789	0.009763000	0.001035743
ASV_874	0.012761	0.004813516	0.016336521	0.009664949
ASV_673	0.016025	0.048296339	0.007038439	0.007599879
ASV_1013	0.011817	0.024876401	0.009427726	0.003674953
ASV_1150	0.01315	0.013790065	0.013978219	0.009162643
ASV_585	0.013635	0.019254325	0.012729101	0.009670944
ASV_620	0.017299	0.015159334	0.021720082	0.003343047
ASV_903	0.012519	0.026255479	0.009913425	0.004307596
ASV_974	0.012388	0.008877673	0.014134998	0.010387032
ASV_844	0.013015	0.01309426	0.01280095	0.01372250
ASV_1184	0.012163	0.011596195	0.013770169	0.006815437
ASV_576	0.01459	0.002776895	0.017692553	0.018382065
ASV_925	0.011741	0.007471846	0.014773011	0.005860245
ASV_1011	0.01407	0.006942545	0.013971729	0.023832256
ASV_434	0.00943	0.0383966560	0.0017913152	0.0002490181
ASV_736	0.012328	0.010342812	0.014811573	0.005519692
ASV_706	0.012994	0.012390368	0.014965304	0.006308033
ASV_755	0.012763	0.01383802	0.01205312	0.01404202
ASV_954	0.013244	0.01676177	0.01257769	0.01113734
ASV_980	0.015805	0.006594549	0.019028036	0.015709699
ASV_551	0.012082	0.011928163	0.013683055	0.006211396
ASV_915	0.011677	0.037008122	0.005285246	0.002555145
ASV_880	0.012199	0.004089172	0.018105621	0.000474970
ASV_515	0.009205	1.682755e-05	0.000000e+00	5.623188e-02
ASV_612	0.010052	0.005405205	0.013975829	0.001288103
ASV_632	0.014385	0.005126501	0.016250317	0.019507825
ASV_716	0.012415	0.013813623	0.013236156	0.007455117
ASV_824	0.014142	0.014224356	0.016222233	0.006142609
ASV_626	0.012032	0.021035781	0.009949428	0.008072188
ASV_675	0.009984	0.028810793	0.005047833	0.003906546
ASV_598	0.013883	0.008462422	0.017384272	0.007739471
ASV_802	0.011537	0.023713463	0.008051008	0.008722386
ASV_671	0.011556	0.018298716	0.011235378	0.003890878
ASV_691	0.011774	0.018270702	0.008859239	0.014271772
ASV_1059	0.012489	0.01069862	0.01369077	0.01029100
ASV_852	0.010853	0.032148349	0.005769559	0.002082610
ASV_701	0.009911	0.027922464	0.004793518	0.005592751
ASV_1049	0.010557	0.014610100	0.010839519	0.004142619
ASV_1095	0.014241	0.005689043	0.017843615	0.011841277
ASV_757	0.013152	0.013971570	0.013702206	0.009982883
ASV_720	0.011497	0.031072142	0.006565718	0.004412349
ASV_1198	0.010511	0.021171248	0.007493330	0.007914385
ASV_879	0.012548	0.023222179	0.007684821	0.016931946
ASV_661	0.011506	0.0006920909	0.0181872138	0.0004047382
ASV_868	0.012285	0.017643050	0.008369819	0.020081658
ASV_781	0.012791	0.002366552	0.018110344	0.006342673
ASV_622	0.011759	0.005158474	0.015063991	0.007915057
ASV_855	0.013002	0.006634111	0.015691415	0.011190213
ASV_733	0.013216	0.000616320	0.020446324	0.002385278
ASV_1187	0.011541	0.015147178	0.008675291	0.017662096
ASV_1100	0.011173	0.035257615	0.005012763	0.002810070
ASV_435	0.008531	3.942139e-02	8.873832e-06	1.620955e-04
ASV_1020	0.013638	0.006129130	0.017561990	0.008642324
ASV_863	0.014359	0.006397856	0.020206768	0.002660638
ASV_600	0.014022	0.002561245	0.002986013	0.070985054
ASV_727	0.014651	0.011844210	0.018728070	0.002881057
ASV_764	0.012331	0.01812991	0.01025366	0.01257394
ASV_562	0.012187	0.00745018	0.01234331	0.01783556
ASV_851	0.011023	0.006537912	0.012907883	0.009782294
ASV_1231	0.010597	0.004812541	0.014816406	0.002210950
ASV_750	0.009775	0.004466286	0.013346363	0.003220891
ASV_798	0.010317	0.018250639	0.007557341	0.010333222
ASV_1141	0.01019	0.030158826	0.004458258	0.005625621
ASV_631	0.012922	0.00533253	0.01558125	0.01282957
ASV_927	0.013279	0.014441833	0.013902148	0.009383586
ASV_678	0.010021	0.014087041	0.010488039	0.002890027
ASV_911	0.011077	0.021253627	0.007845662	0.009930330
ASV_812	0.015391	0.005365378	0.020328201	0.009867061
ASV_854	0.010794	0.008046145	0.005342480	0.035095069
ASV_728	0.011246	0.004423975	0.015937530	0.002435217
ASV_809	0.010383	0.003887302	0.014081520	0.004907416
ASV_1006	0.010441	0.014220398	0.010417353	0.005551761
ASV_1073	0.015033	0.01863101	0.01210362	0.02140381
ASV_1131	0.010749	0.023035852	0.008070940	0.004720817
ASV_1229	0.011403	0.012004813	0.008306755	0.022359188
ASV_618	0.012625	0.004015058	0.013509807	0.020611616
ASV_554	0.011686	0.014072725	0.011390833	0.009658505
ASV_617	0.013639	0.0003368228	0.0028601745	0.0720579159
ASV_1174	0.014747	0.01414209	0.01297327	0.02227143
ASV_586	0.009372	0.004424889	0.010604837	0.011214715
ASV_667	0.009719	0.009184113	0.006035883	0.024399173
ASV_790	0.011077	0.01045838	0.01228648	0.00730521
ASV_1225	0.010555	0.019009605	0.009878980	0.001979585
ASV_704	0.012342	0.01721010	0.01063806	0.01239411
ASV_633	0.011038	0.034454287	0.004733772	0.004106224
ASV_816	0.011206	0.016246289	0.011246872	0.004411146
ASV_1088	0.013428	0.01184970	0.01145695	0.02298366
ASV_849	0.009389	0.015336330	0.008797393	0.003795479
ASV_804	0.010935	0.002700875	0.006436443	0.038850647
ASV_795	0.011819	0.011179474	0.013581659	0.005977088
ASV_796	0.010687	0.006486977	0.009933668	0.019076646
ASV_846	0.014158	0.002617473	0.011912381	0.037880438
ASV_1228	0.009028	0.002324619	0.013126733	0.002308926
ASV_794	0.01009	0.024943071	0.005904697	0.006400082
ASV_1213	0.009704	0.009989830	0.010285535	0.007119324
ASV_689	0.010071	0.007388775	0.012112546	0.005859991
ASV_700	0.011939	0.005752162	0.006589349	0.040385883
ASV_784	0.010749	0.0029196342	0.0161674432	0.0005086786
ASV_740	0.011017	0.015241330	0.008153381	0.016316566
ASV_800	0.009144	4.139539e-02	3.447186e-04	3.806479e-05
ASV_1115	0.010042	0.018880927	0.008085666	0.005821718
ASV_1136	0.009648	0.020478469	0.007276767	0.004372822
ASV_672	0.010537	0.006253737	0.013633256	0.004433377
ASV_938	0.009443	0.016577768	0.006142679	0.012562477
ASV_1116	0.009537	0.007758335	0.011836460	0.003153984
ASV_845	0.010297	0.007987644	0.013208864	0.002295302
ASV_1042	0.010392	0.003931072	0.014091520	0.004871888
ASV_826	0.009853	0.010620247	0.006352033	0.022123046
ASV_914	0.009938	0.022966690	0.006091408	0.007367673
ASV_818	0.009961	0.023433439	0.005657764	0.008537245
ASV_722	0.011638	0.00419113	0.01348726	0.01443202
ASV_1112	0.009208	0.02422347	0.00525030	0.00443929
ASV_1029	0.010662	0.011307040	0.012416381	0.003154504
ASV_982	0.011069	0.003675498	0.015621363	0.003538276
ASV_1137	0.009561	0.024242671	0.006567333	0.001578105
ASV_726	0.010666	0.007416047	0.011952541	0.010067660
ASV_1186	0.010667	0.002661460	0.014577418	0.006379874
ASV_1037	0.009393	0.013572116	0.009376915	0.003947182
ASV_719	0.01166	0.004142235	0.014912816	0.009222961
ASV_1021	0.010292	0.011556370	0.011592414	0.003693667
ASV_1117	0.011555	0.005924765	0.015255146	0.004934575
ASV_951	0.008765	0.020596534	0.005685301	0.004859719
ASV_705	0.010688	0.012450686	0.010582334	0.008767599
ASV_649	0.010335	0.017363574	0.009403429	0.004607619
ASV_760	0.009955	0.004476907	0.007514460	0.026433035
ASV_1134	0.008554	0.026424991	0.004248082	0.001343296
ASV_991	0.009732	0.008436418	0.010418622	0.008831199
ASV_1107	0.011618	0.015250414	0.012717228	0.002663486
ASV_956	0.009669	0.010621417	0.008729919	0.011975576
ASV_965	0.009786	0.01108095	0.01042054	0.00567290
ASV_871	0.010079	0.005276428	0.012727904	0.006355818
ASV_905	0.009931	0.006995680	0.011459769	0.007998003
ASV_640	0.009916	0.010157713	0.003456248	0.034101560
ASV_789	0.014047	0.00000000	0.02262874	0.00000000
ASV_665	0.009538	0.011999639	0.010563729	0.002403023
ASV_1004	0.009149	0.026695468	0.005071209	0.001500726
ASV_825	0.013076	0.00686165	0.01051024	0.03099969
ASV_981	0.009479	0.012277153	0.009485201	0.005768647
ASV_887	0.0092	0.005482150	0.011513198	0.005322443
ASV_1056	0.009032	0.019718863	0.006504229	0.004539281
ASV_573	0.010509	0.02033519	0.00195156	0.03002510
ASV_658	0.010755	0.006161459	0.008219432	0.026423097
ASV_1003	0.009022	0.026783201	0.004848005	0.001455836
ASV_611	0.00921	0.010088181	0.004248366	0.026877797
ASV_738	0.009904	0.016589809	0.009430520	0.002891915
ASV_1227	0.010118	0.004331680	0.012576073	0.008418241
ASV_765	0.010169	0.008314246	0.011209553	0.008664497
ASV_741	0.0088	0.0008606719	0.0123372826	0.0058387227
ASV_603	0.010054	0.019237583	0.008687676	0.003139919
ASV_1144	0.009533	0.009080909	0.010675128	0.005797531
ASV_829	0.009773	0.005646472	0.009834495	0.014976981
ASV_988	0.009296	0.0064509273	0.0125347602	0.0007596803
ASV_929	0.007903	0.020883339	0.004680476	0.003029618
ASV_654	0.009227	0.030405194	0.002934895	0.005196494
ASV_1124	0.00934	0.001440020	0.012415234	0.008083848
ASV_776	0.00849	0.017187760	0.007240339	0.001768811
ASV_797	0.009534	0.021316095	0.007557280	0.001512828
ASV_681	0.009588	0.003211175	0.013118826	0.004592856
ASV_569	0.007062	0.0262637737	0.0006566932	0.0060645739
ASV_810	0.010331	0.003034427	0.004658093	0.041462465
ASV_1008	0.00909	0.011527083	0.009027167	0.006118638
ASV_799	0.009778	0.029327718	0.004781599	0.002979231
ASV_766	0.009856	0.002586272	0.008562185	0.024339665
ASV_1031	0.008988	0.006143202	0.011421309	0.003507077
ASV_547	0.006933	0.03215715	0.00000000	0.00000000
ASV_806	0.00982	0.004787438	0.011663433	0.009456226
ASV_752	0.008164	0.008842480	0.009318962	0.002886054
ASV_1175	0.008207	0.006324299	0.006738310	0.016256742
ASV_808	0.00851	0.005927638	0.010355602	0.004908035
ASV_1169	0.009233	0.005079069	0.011148476	0.007436860
ASV_666	0.010508	0.006641409	0.010573001	0.015355737
ASV_876	0.009263	0.003953506	0.010756486	0.010595183
ASV_605	0.008118	0.0010062977	0.0126179226	0.0004153667
ASV_958	0.008866	0.007904115	0.008553316	0.011322483
ASV_660	0.011239	0.002524237	0.014663279	0.009731905
ASV_788	0.012539	0.028845913	0.007681709	0.009481287
ASV_970	0.00984	0.002965288	0.014193654	0.002381508
ASV_1161	0.011429	0.004392908	0.014463475	0.009188189
ASV_933	0.007985	0.008014421	0.004073930	0.022782045
ASV_642	0.009319	7.397360e-03	1.243105e-02	4.351812e-05
ASV_1092	0.007637	0.007962182	0.004707399	0.018321329
ASV_1061	0.007553	0.0006493301	0.0104520269	0.0056527686
ASV_1197	0.007768	0.004345730	0.009331395	0.006343308
ASV_1221	0.007859	0.003166931	0.010334283	0.004649418
ASV_817	0.006881	2.963545e-02	7.737523e-04	6.995278e-05
ASV_998	0.008313	0.020990158	0.001624545	0.016985372
ASV_1195	0.008487	0.004224121	0.009852333	0.008926282
ASV_1009	0.008423	0.001984926	0.012596212	0.001074859
ASV_1148	0.007616	0.005807535	0.006913165	0.012663178
ASV_848	0.009262	0.010518167	0.009708023	0.005912919
ASV_692	0.00897	0.005575212	0.009942504	0.009752797
ASV_913	0.008354	0.001595235	0.011525372	0.005225955
ASV_964	0.008253	0.014570446	0.007315302	0.003485067
ASV_923	0.008508	0.002314873	0.009656647	0.012311116
ASV_762	0.008149	0.005788249	0.007135611	0.015106560
ASV_906	0.007944	0.005320061	0.008652651	0.008713061
ASV_742	0.008328	0.0008430254	0.0099314384	0.0121038572
ASV_778	0.008418	0.001925454	0.011995390	0.003400504
ASV_1104	0.008035	0.013444429	0.006781695	0.005660035
ASV_1158	0.008299	0.009518262	0.008494396	0.005948956
ASV_648	0.006371	0.0263762995	0.0006995816	0.0015319463
ASV_813	0.007008	0.025295793	0.001681312	0.003121736
ASV_898	0.010366	0.013438223	0.007427247	0.017466220
ASV_1191	0.007096	0.004069557	0.007889984	0.008074152
ASV_1230	0.010766	0.004432982	0.006229907	0.036320204
ASV_857	0.008547	0.001457847	0.012901480	0.001366495
ASV_690	0.008141	0.014756748	0.007535493	0.001724283
ASV_1196	0.007292	0.01134604	0.00704692	0.00287843
ASV_1200	0.007577	0.005342711	0.009251196	0.004167406
ASV_1075	0.007963	0.011732549	0.007028319	0.006543922
ASV_872	0.007934	0.008797761	0.003687269	0.022905209
ASV_787	0.009092	0.009320760	0.008513915	0.010985494
ASV_731	0.008281	0.002906998	0.008507765	0.014498823
ASV_1036	0.00711	0.001923015	0.010267908	0.001962453
ASV_921	0.007707	0.002642194	0.010838364	0.002502353
ASV_1113	0.008232	0.007759801	0.009532358	0.003920102
ASV_1074	0.009336	0.003475773	0.010905158	0.011100980
ASV_1101	0.008019	0.003617397	0.009294509	0.008980386
ASV_774	0.009415	0.011363555	0.001794837	0.035759031
ASV_1121	0.008886	0.001686495	0.003248167	0.039759104
ASV_1214	0.007074	0.014295358	0.005754598	0.002565708
ASV_888	0.00792	0.001269428	0.004403149	0.030022002
ASV_732	0.008527	0.019382718	0.006491613	0.001945022
ASV_1135	0.008258	0.0186771184	0.0066536900	0.0006190297
ASV_718	0.00768	0.001475692	0.009575470	0.008663416
ASV_1123	0.007784	0.018338524	0.005582351	0.002230767
ASV_1218	0.008724	0.012218396	0.007231887	0.009779161
ASV_758	0.008695	0.010094212	0.010090852	0.001554511
ASV_822	0.00779	0.006620302	0.009496958	0.002853624
ASV_735	0.007941	0.002412908	0.011246737	0.002684068
ASV_1232	0.007714	0.003113829	0.010398353	0.003593646
ASV_773	0.006749	0.0148905485	0.0056092227	0.0003480788
ASV_770	0.00737	0.0005761081	0.0115253663	0.0005542993
ASV_1043	0.007143	0.016004238	0.004885564	0.004030647
ASV_946	0.010824	8.627631e-05	1.739911e-02	2.812968e-05
ASV_837	0.009018	0.005029487	0.009833847	0.011177152
ASV_820	0.009737	0.005114440	0.011863906	0.007758142
ASV_884	0.007667	0.010351785	0.008097477	0.002495655
ASV_900	0.008348	0.005723545	0.011002713	0.001732283
ASV_1007	0.007626	0.019588644	0.005013703	0.001774333
ASV_1111	0.006856	0.007868818	0.007516635	0.003017992
ASV_680	0.00587	0.022641622	0.001165053	0.001622651
ASV_803	0.007206	0.009364201	0.005367618	0.011336693
ASV_987	0.00958	0.006988652	0.012702893	0.001144542
ASV_862	0.008562	0.014878673	0.008391540	0.000889656
ASV_768	0.010647	8.256908e-05	1.710715e-02	5.943629e-05
ASV_955	0.007611	0.013878679	0.006262135	0.004469403
ASV_992	0.007216	0.013814954	0.001687662	0.019492509
ASV_747	0.008326	0.003268515	0.010775431	0.005694249
ASV_961	0.006858	0.006184397	0.007722488	0.004463467
ASV_859	0.00625	0.0002747994	0.0098443109	0.0004857031
ASV_1139	0.008272	0.001826376	0.011997870	0.002626524
ASV_1014	0.007775	0.0071358295	0.0100080527	0.0001435021
ASV_714	0.009368	0.005901454	0.012558019	0.001832631
ASV_1048	0.00648	0.0126003059	0.0058052593	0.0009739321
ASV_839	0.008155	0.010317398	0.008002908	0.005884630
ASV_1016	0.007063	0.006286364	0.006579747	0.009920006
ASV_856	0.008008	0.001889274	0.011487133	0.002871758
ASV_850	0.007554	0.0013611481	0.0115328923	0.0006187151
ASV_917	0.006795	0.006225123	0.005105505	0.013952259
ASV_936	0.005611	0.005278155	0.006672001	0.002021631
ASV_889	0.006636	0.0012120431	0.0102296543	0.0001481421
ASV_1041	0.007438	0.012895716	0.006489679	0.003846350
ASV_942	0.006681	0.016444345	0.003143273	0.007236379
ASV_861	0.006717	0.0220482738	0.0029634064	0.0007582913
ASV_909	0.007105	0.005252200	0.007610334	0.007629321
ASV_1146	0.007676	0.010193651	0.007545004	0.004856371
ASV_928	0.007141	0.007262754	0.007855986	0.004265511
ASV_853	0.006406	0.0008673267	0.0090206205	0.0037839650
ASV_901	0.008439	0.003605285	0.011467004	0.003322654
ASV_947	0.008044	0.006708022	0.009759429	0.003294633
ASV_1217	0.006826	0.007198783	0.006771220	0.006543485
ASV_836	0.007281	0.004770410	0.009011735	0.004025713
ASV_907	0.005779	0.003365165	0.006711756	0.005420666
ASV_1212	0.006972	0.005293711	0.004976450	0.016753102
ASV_902	0.006701	0.008507280	0.006974658	0.003281433
ASV_838	0.006269	0.0002266192	0.0099339799	0.0003248820
ASV_814	0.006969	0.0056230574	0.0092292292	0.0001658844
ASV_1179	0.006254	0.011214557	0.005069451	0.004215449
ASV_775	0.010138	0.003515496	0.014781636	0.001247517
ASV_748	0.010518	0.0008040013	0.0166457505	0.0000695907
ASV_1078	0.005887	0.018548298	0.002744526	0.001125606
ASV_1154	0.006988	0.014773958	0.003810767	0.008783428
ASV_866	0.007102	0.008544705	0.007332503	0.004327706
ASV_949	0.00667	0.019525225	0.002982890	0.003724161
ASV_896	0.006883	0.007356834	0.006402213	0.008082379
ASV_1046	0.006322	0.010558489	0.005310914	0.004577380
ASV_1102	0.005996	0.003209772	0.006820774	0.006536893
ASV_828	0.00504	0.003098716	0.002487731	0.017276952
ASV_919	0.005538	0.015167218	0.001254370	0.009104241
ASV_1094	0.006246	0.0005187163	0.0095233272	0.0013608354
ASV_815	0.00684	0.003772162	0.002095608	0.028877831
ASV_1022	0.006691	0.008222567	0.006572554	0.005122147
ASV_994	0.006809	0.006664701	0.007856417	0.003024539
ASV_1083	0.006559	0.0046934134	0.0087688252	0.0006351984
ASV_864	0.005686	0.001828804	0.006111407	0.009153978
ASV_1170	0.006305	0.005797405	0.007066865	0.004083480
ASV_1178	0.006888	0.006561593	0.006402246	0.009163127
ASV_890	0.007193	0.004969139	0.008536465	0.005023209
ASV_1064	0.006026	0.006832350	0.005476966	0.007045360
ASV_1129	0.006385	0.001392241	0.008590324	0.004597239
ASV_819	0.005995	0.011117694	0.004298835	0.005682733
ASV_1093	0.00628	0.008537377	0.004968915	0.008278084
ASV_875	0.005721	0.003155543	0.002281560	0.022151484
ASV_1062	0.006884	0.005328834	0.007913890	0.005025401
ASV_941	0.005269	0.0005172048	0.0080835495	0.0008490920
ASV_1060	0.005747	2.489183e-03	8.372758e-03	7.660538e-05
ASV_1105	0.006705	0.001265544	0.009792556	0.002156555
ASV_1177	0.007337	0.016046013	0.005547299	0.002649821
ASV_997	0.006489	0.004158257	0.008300986	0.002685553
ASV_834	0.006215	0.008985664	0.006891148	0.000000000
ASV_975	0.005534	0.005885316	0.005439243	0.005430509
ASV_940	0.006137	0.0078051646	0.0071352939	0.0001490329
ASV_867	0.00501	0.001823462	0.006546821	0.003378800
ASV_966	0.00566	0.007353504	0.005786362	0.002946909
ASV_990	0.005048	0.0050639167	0.0062697489	0.0003904302
ASV_869	0.006474	0.0041807507	0.0087867953	0.0007209456
ASV_1065	0.005916	0.003605983	0.006704534	0.005968256
ASV_1223	0.005396	0.0160331435	0.0028896976	0.0008915873
ASV_878	0.00605	0.001983066	0.008218121	0.003183074
ASV_882	0.005926	0.001918186	0.005200913	0.013955908
ASV_932	0.005434	0.0002076055	0.0086498832	0.0001213977
ASV_892	0.005385	0.006909283	0.004859599	0.005370153
ASV_1039	0.005566	0.005429342	0.004190383	0.010967530
ASV_1067	0.005823	0.006353984	0.006329399	0.003201726
ASV_877	0.005371	0.0006518906	0.0080319696	0.0014917207
ASV_1054	0.005316	0.008495287	0.005199319	0.001567169
ASV_1069	0.006444	0.004644202	0.007837848	0.003525865
ASV_1055	0.005441	0.005469506	0.004672985	0.008314699
ASV_1001	0.006109	0.003659209	0.005844325	0.010339773
ASV_1142	0.004668	0.010090749	0.002067287	0.007388658
ASV_1176	0.004853	0.000573036	0.007121698	0.001885481
ASV_983	0.00576	0.005270387	0.002808680	0.017601748
ASV_908	0.004962	0.002809866	0.006331012	0.002603263
ASV_843	0.005788	0.0073084688	0.0066591081	0.0004804943
ASV_967	0.005087	0.005332658	0.004825550	0.005754920
ASV_1032	0.005086	0.009420306	0.004352611	0.002158666
ASV_986	0.005682	0.003639493	0.007040459	0.003220064
ASV_1002	0.005189	1.344754e-05	8.285093e-03	2.627581e-04
ASV_924	0.00564	0.005530723	0.007164622	0.000000000
ASV_995	0.005625	0.003156146	0.005875248	0.007925794
ASV_1185	0.00564	0.002943427	0.007786103	0.001050805
ASV_792	0.005894	0.000000e+00	1.669322e-05	3.595586e-02
ASV_1235	0.006076	0.002117153	0.006926447	0.008063812
ASV_1080	0.005627	0.0008033713	0.0082301275	0.0021077989
ASV_1155	0.006488	0.006610400	0.007184260	0.003684672
ASV_895	0.00459	0.0150922037	0.0009693387	0.0044871002
ASV_960	0.005495	4.790094e-03	7.181960e-03	2.287771e-05
ASV_1052	0.005155	0.009191277	0.003857856	0.004757222
ASV_912	0.005579	0.010611682	0.003792215	0.005727727
ASV_993	0.005363	0.0006508536	0.0077233937	0.0026183071
ASV_1157	0.004939	0.0174955532	0.0017009882	0.0006777956
ASV_858	0.00383	0.0168277728	0.0002820381	0.0001648566
ASV_977	0.005378	0.003719891	0.006028090	0.005093300
ASV_1026	0.004955	0.005152443	0.005354182	0.003182400
ASV_1122	0.005272	0.004619241	0.006542001	0.001314955
ASV_952	0.005272	0.001612757	0.007351131	0.002207317
ASV_1027	0.00489	0.0011257397	0.0074191490	0.0002570671
ASV_1240	0.004489	0.003124102	0.003302822	0.010788560
ASV_1234	0.005488	0.001677366	0.007211017	0.003971958
ASV_1035	0.004368	0.011777447	0.001310754	0.006206535
ASV_1226	0.004927	0.005871325	0.004438074	0.005535647
ASV_1108	0.005749	2.427159e-02	8.280766e-04	1.718454e-05
ASV_953	0.007076	0.000000e+00	1.138848e-02	3.902833e-05
ASV_1038	0.005368	0.003827166	0.006252082	0.004045545
ASV_1010	0.004548	0.003103756	0.005209251	0.003939678
ASV_1171	0.004726	0.001065883	0.006148940	0.004147089
ASV_1194	0.004832	0.0028503468	0.0065616268	0.0008833016
ASV_1163	0.005433	2.194425e-04	5.811896e-06	3.288927e-02
ASV_916	0.004229	0.0128959461	0.0007299013	0.0060838611
ASV_1068	0.005349	0.005083393	0.005887490	0.003653716
ASV_1047	0.004502	0.008632778	0.002279953	0.007489065
ASV_931	0.005311	7.692318e-05	8.266683e-03	9.958353e-04
ASV_1071	0.004702	0.0039282623	0.0059825271	0.0008628836
ASV_1081	0.004482	2.888978e-05	7.155950e-03	2.077074e-04
ASV_1233	0.00501	0.007495821	0.004470736	0.003778664
ASV_1030	0.004272	0.0177098165	0.0005055061	0.0008575280
ASV_1025	0.004624	0.004889775	0.005088820	0.002510493
ASV_1132	0.00462	0.001245370	0.004918111	0.007934550
ASV_957	0.004644	0.003477099	0.004999429	0.004835687
ASV_1097	0.006231	0.001487096	0.006248100	0.012416063
ASV_1070	0.004499	0.002733563	0.005760486	0.002036705
ASV_1120	0.004902	0.002667849	0.003140148	0.014530714
ASV_1099	0.004276	0.003541825	0.005330288	0.001242780
ASV_1192	0.005984	5.247804e-05	8.907394e-03	2.707711e-03
ASV_1151	0.004319	0.005814874	0.004508250	0.001630724
ASV_1089	0.003599	0.0001729697	0.0056970648	0.0001522299
ASV_1106	0.003788	0.0008788041	0.0026953761	0.0117629769
ASV_1103	0.005746	0.001196138	0.008598420	0.000916548
ASV_972	0.006065	0.000000000	0.009222130	0.002078872
ASV_1076	0.00384	0.0045953960	0.0043620838	0.0008667046
ASV_1087	0.003467	0.003481350	0.002437204	0.007352979
ASV_1005	0.004879	0.000000e+00	7.851594e-03	2.812968e-05
ASV_1183	0.004258	0.015405636	0.001072121	0.001656672
ASV_1152	0.004556	0.00000000	0.00000000	0.02784083
ASV_1063	0.003901	0.002387254	0.003972705	0.005621955
ASV_1202	0.003836	0.004096556	0.003260086	0.005678814
ASV_1130	0.003992	0.003647532	0.002771111	0.009079355
ASV_1034	0.004788	0.0001057879	0.0075266973	0.0005655069
ASV_1206	0.003083	0.0121331018	0.0006976541	0.0002119168
ASV_1057	0.003657	0.002927911	0.004132222	0.002816733
ASV_1207	0.003413	0.001235316	0.004768578	0.001140196
ASV_1164	0.003562	0.002555732	0.004094631	0.002867987
ASV_1125	0.003679	0.0123020736	0.0015196503	0.0005118462
ASV_1040	0.003267	0.0061549014	0.0002190377	0.0110256171
ASV_1110	0.004365	0.003336556	0.003878099	0.007566001
ASV_1203	0.003643	0.005210438	0.004058789	0.000000000
ASV_1058	0.003379	0.0001864212	0.0052313430	0.0005550127
ASV_1215	0.003931	0.00000000	0.00000000	0.02402378
ASV_1143	0.002972	0.0032910719	0.0034863678	0.0006011858
ASV_1145	0.004425	0.004387295	0.003407485	0.008333819
ASV_1053	0.002449	6.771498e-04	3.694872e-03	5.922458e-05
ASV_1193	0.003225	0.005156404	0.002961533	0.001677086
ASV_926	0.003634	0.00000000	0.00000000	0.02220638
ASV_1028	0.003225	0.005121852	0.001925713	0.005655679
ASV_1205	0.002998	0.002201854	0.003026895	0.003938608
ASV_1166	0.003338	4.271576e-05	5.229907e-03	5.017013e-04
ASV_1162	0.002871	6.122788e-05	4.556860e-03	1.745504e-04
ASV_1201	0.002842	0.0016082289	0.0037896608	0.0008735091
ASV_1236	0.00362	0.0003548965	0.0010001250	0.0178633948
ASV_1188	0.002582	0.005233124	0.002045664	0.001124547
ASV_1190	0.003484	0.0061984856	0.0006365133	0.0107092324
ASV_1220	0.002765	0.003707248	0.002749465	0.001584581
ASV_1149	0.002406	0.0002168841	0.0037997281	0.0000000000
ASV_1086	0.00284	0.0125343061	0.0002225595	0.0000000000
ASV_1167	0.002704	1.095566e-03	3.970024e-03	2.175906e-05
ASV_1168	0.002532	0.002927523	0.001760361	0.004937855
ASV_1173	0.002202	0.0017469701	0.0002546064	0.0101915943
ASV_1239	0.002416	0.0001941907	0.0002698165	0.0134869316
