OTUID	D	H	I
ASV_1	3514.494	4789.155	3783.778
ASV_2	2372.518	4490.121	5028.635
ASV_4	2084.024	1773.883	2363.603
ASV_3	1704.988	1707.264	1871.413
ASV_5	1145.554	1194.732	1502.905
ASV_11	1308.4819	 877.2636	1060.1270
ASV_7	1224.4819	 971.6067	 799.9683
ASV_6	 501.2892	 886.2259	2055.2063
ASV_8	 741.6627	 886.7866	1168.5714
ASV_9	858.4217	875.4895	908.3016
ASV_14	942.0723	821.1046	526.5238
ASV_13	747.3494	841.5063	528.9048
ASV_15	1004.4217	 566.6987	 853.5556
ASV_18	995.6747	537.2678	207.2857
ASV_12	338.3012	591.8787	591.9683
ASV_22	366.9277	545.6402	592.6508
ASV_25	453.3133	477.7197	491.2857
ASV_23	403.8072	518.4059	396.0317
ASV_17	420.0241	492.0377	405.0794
ASV_20	129.5422	588.1548	421.9524
ASV_38	640.1566	446.7071	247.7302
ASV_16	194.7349	505.6946	524.8571
ASV_26	951.2892	300.8745	264.7937
ASV_10	168.4458	430.2594	500.2381
ASV_27	398.7108	359.1674	353.6190
ASV_21	165.5301	450.7113	248.3333
ASV_65	473.0602	318.3598	247.4921
ASV_40	269.3373	378.9623	240.4603
ASV_54	370.6024	333.4310	230.0794
ASV_35	190.1325	387.3598	248.2063
ASV_31	551.1446	260.3682	250.6032
ASV_33	215.9639	334.2552	380.8254
ASV_37	239.4699	288.3054	479.5079
ASV_51	496.6627	270.0251	176.0635
ASV_87	364.6747	282.6402	280.4127
ASV_39	393.9880	287.0377	222.8095
ASV_67	554.1928	240.8075	179.6825
ASV_55	295.8072	309.7238	212.9365
ASV_52	321.6627	306.2301	162.5556
ASV_36	232.0361	318.9916	212.3810
ASV_29	372.4337	247.3389	291.4921
ASV_57	572.73494	233.51883	 64.80952
ASV_43	233.1205	281.2636	274.0317
ASV_46	238.9880	232.3222	425.5397
ASV_59	290.9277	218.7155	376.0635
ASV_30	135.8675	266.1423	392.8889
ASV_138	312.8554	217.1715	320.8730
ASV_42	147.3614	286.0335	275.4603
ASV_72	413.7831	203.1841	150.2698
ASV_60	248.1084	268.7322	118.0794
ASV_41	136.6627	294.1130	164.4921
ASV_48	311.4699	227.1925	183.8254
ASV_24	 52.89157	341.35146	 79.61905
ASV_32	284.1446	207.0795	262.6508
ASV_113	399.6867	203.9623	121.6825
ASV_34	251.7108	229.8410	214.3492
ASV_69	218.4458	252.6192	153.9524
ASV_62	275.7229	202.5816	252.6032
ASV_49	209.8434	183.8661	396.1905
ASV_28	119.53012	314.72385	 10.19048
ASV_50	 58.75904	244.19247	268.06349
ASV_58	166.3976	241.2803	126.6667
ASV_81	238.6024	182.1255	252.6508
ASV_56	170.4217	235.3556	132.9048
ASV_47	138.4819	188.9038	344.2222
ASV_44	 92.79518	209.54812	319.30159
ASV_71	494.9518	114.5774	148.5556
ASV_73	241.5301	166.7322	269.5397
ASV_94	219.5783	167.6318	209.6349
ASV_53	 46.10843	254.32218	 67.04762
ASV_66	191.3133	127.3473	349.4603
ASV_74	120.7952	173.8912	252.3016
ASV_63	137.2530	182.9707	194.6984
ASV_90	239.75904	176.95397	 82.33333
ASV_119	195.7711	160.2259	193.7302
ASV_881	149.3494	157.9623	234.3175
ASV_86	124.6024	154.5816	277.6984
ASV_88	190.3012	172.1548	106.3175
ASV_79	172.9277	162.7573	160.7778
ASV_77	132.2892	171.7782	170.7619
ASV_124	141.9398	164.4519	160.7778
ASV_99	201.4458	131.9456	185.9524
ASV_85	245.66265	139.95397	 88.07937
ASV_75	130.9518	141.7238	222.8730
ASV_84	 73.0241	155.1674	231.7619
ASV_106	304.2169	111.8828	 91.2381
ASV_76	187.4819	151.1799	 95.4127
ASV_78	125.2530	145.5523	179.3492
ASV_83	 74.75904	155.92469	197.07937
ASV_64	454.69880	 65.94979	 19.57143
ASV_97	151.5663	138.5858	133.3651
ASV_89	150.74699	147.02510	 98.88889
ASV_70	 83.20482	143.06695	190.88889
ASV_100	287.74699	 91.80753	111.73016
ASV_93	 92.38554	156.70711	122.47619
ASV_118	 75.93976	175.17155	 68.46032
ASV_98	182.0964	 45.5523	419.6190
ASV_61	 55.09639	135.84100	233.03175
ASV_117	255.21687	 99.57322	 68.23810
ASV_104	204.65060	116.64017	 54.50794
ASV_105	290.5663	 68.8410	121.4286
ASV_136	231.68675	 55.56904	244.63492
ASV_174	244.79518	 95.50628	 67.39683
ASV_112	155.15663	 91.35565	197.30159
ASV_111	 84.37349	135.75314	105.79365
ASV_126	231.59036	 91.91213	 76.30159
ASV_96	 15.6747	152.7782	126.6032
ASV_130	 81.85542	117.15481	165.15873
ASV_137	 60.69880	157.17573	 34.14286
ASV_107	408.48193	 30.69456	 38.47619
ASV_109	100.10843	133.69456	 53.98413
ASV_189	160.84337	100.46444	 95.04762
ASV_92	 12.90361	124.61506	195.20635
ASV_82	 61.77108	103.28452	208.00000
ASV_95	 51.80723	138.93724	 83.66667
ASV_110	185.07229	 92.26778	 79.06349
ASV_80	473.903614	  9.330544	  1.984127
ASV_114	261.56627	 79.68619	 14.46032
ASV_199	182.00000	 86.47699	 85.82540
ASV_159	142.40964	105.87866	 63.15873
ASV_116	 55.25301	114.68201	144.28571
ASV_122	130.92771	109.39749	 64.61905
ASV_120	108.74699	114.43515	 55.80952
ASV_91	159.22892	 82.51464	103.61905
ASV_152	125.38554	 88.76569	 98.17460
ASV_129	138.51807	 98.43933	 42.49206
ASV_176	251.96386	 46.19665	 89.65079
ASV_200	 80.71084	105.02929	 90.73016
ASV_103	121.56627	 94.99582	 68.79365
ASV_154	159.60241	 76.28033	 88.55556
ASV_148	 33.12048	128.49791	 55.98413
ASV_209	123.01205	 96.53975	 43.60317
ASV_115	 76.06024	 93.78243	108.30159
ASV_188	126.21687	 84.63598	 55.09524
ASV_203	202.89157	 56.24268	 56.41270
ASV_146	76.86747	92.76987	72.44444
ASV_142	 43.15663	106.65272	 60.28571
ASV_143	52.30120	94.89958	90.01587
ASV_108	 44.62651	 65.70293	197.98413
ASV_123	180.80723	 55.94561	 50.85714
ASV_125	158.97590	 71.08787	 17.84127
ASV_407	230.27711	 44.73640	 13.09524
ASV_141	59.67470	83.01255	90.30159
ASV_127	65.81928	84.59833	76.12698
ASV_140	 62.09639	 60.10460	153.22222
ASV_135	 30.22892	 76.32636	129.82540
ASV_147	 50.14458	 74.30962	106.50794
ASV_158	84.19277	87.75314	 8.68254
ASV_220	81.13253	67.56485	81.55556
ASV_197	159.84337	 57.81172	 13.57143
ASV_134	104.84337	 63.99163	 48.76190
ASV_207	92.91566	54.78243	98.85714
ASV_101	  1.73494	 72.14644	152.49206
ASV_145	  7.204819	105.439331	 17.634921
ASV_167	15.00000	80.83264	84.82540
ASV_149	48.16867	77.57322	52.58730
ASV_870	 61.38554	 58.66527	105.66667
ASV_210	92.27711	67.97908	29.26984
ASV_157	78.59036	66.05439	49.09524
ASV_319	76.22892	74.65690	17.31746
ASV_144	30.01205	74.58159	74.06349
ASV_121	35.45783	71.84100	72.77778
ASV_311	37.01205	65.76151	91.09524
ASV_166	42.51807	72.75314	56.03175
ASV_177	21.54217	71.25523	88.09524
ASV_208	98.56627	57.20084	35.66667
ASV_150	116.32530	 39.71130	 76.46032
ASV_133	43.39759	72.80753	44.57143
ASV_187	90.15663	56.22594	45.53968
ASV_212	47.25301	66.87029	60.96825
ASV_235	52.75904	59.82427	73.73016
ASV_165	 18.73494	 41.22176	188.01587
ASV_221	65.32530	49.84937	92.07937
ASV_151	41.43373	71.18410	39.33333
ASV_169	 25.19277	 43.27197	165.03175
ASV_139	172.73494	 28.78243	 23.79365
ASV_193	145.13253	 27.40586	 64.38095
ASV_202	 42.16867	 51.86611	106.92063
ASV_186	78.21687	50.14226	64.15873
ASV_163	38.51807	72.89540	28.57143
ASV_247	63.50602	66.42259	20.19048
ASV_294	72.61446	63.00000	21.07937
ASV_182	 73.32530	 37.06276	116.12698
ASV_128	  3.566265	 61.723849	113.746032
ASV_161	 13.84337	 56.91213	118.26984
ASV_278	123.12048	 36.63180	 48.79365
ASV_168	61.08434	61.22594	36.80952
ASV_245	 40.86747	 37.51046	152.79365
ASV_131	 41.72289	 40.31381	136.36508
ASV_206	45.60241	65.72385	33.84127
ASV_180	41.92771	60.46025	58.39683
ASV_156	12.77108	77.82845	27.88889
ASV_284	43.90361	56.63598	65.82540
ASV_217	60.09639	55.29707	48.98413
ASV_181	 70.20482	 33.68201	113.22222
ASV_185	80.77108	55.54812	15.82540
ASV_211	76.20482	45.49372	57.25397
ASV_225	41.13253	68.71967	15.12698
ASV_179	95.78313	36.11715	65.61905
ASV_281	19.325301	75.836820	 7.492063
ASV_230	25.55422	65.53138	38.15873
ASV_192	 29.25301	 43.59414	115.98413
ASV_184	53.50602	53.83264	41.22222
ASV_132	31.68675	66.60669	21.44444
ASV_196	22.92771	68.76569	23.92063
ASV_160	47.24096	52.57741	52.50794
ASV_229	136.26506	 24.77824	 40.44444
ASV_195	23.49398	53.69038	79.06349
ASV_201	27.38554	67.71548	14.66667
ASV_153	69.66265	47.13808	34.26984
ASV_226	160.90361	 18.17573	 22.68254
ASV_162	33.45783	59.38494	33.15873
ASV_231	82.71084	36.71548	53.44444
ASV_171	27.759036	67.510460	 6.809524
ASV_194	110.93976	 35.27615	 17.77778
ASV_183	26.34940	45.91632	88.44444
ASV_175	25.92771	60.58577	32.88889
ASV_172	156.66265	 12.68201	 41.28571
ASV_301	 7.951807	49.995816	93.269841
ASV_433	86.18072	43.15063	13.68254
ASV_309	59.71084	47.41423	30.57143
ASV_173	11.55422	65.18828	26.03175
ASV_333	43.98795	55.88285	16.26984
ASV_577	26.73494	47.30962	70.17460
ASV_342	133.87952	 21.18410	 27.38095
ASV_214	57.91566	45.74059	31.28571
ASV_204	146.903614	  5.008368	 66.444444
ASV_223	33.43373	53.70711	29.82540
ASV_255	39.56627	55.69874	11.41270
ASV_164	55.96386	39.74477	42.49206
ASV_282	81.02410	33.39331	32.88889
ASV_286	81.31325	35.20084	25.20635
ASV_483	41.01205	47.16736	30.06349
ASV_190	  6.566265	 31.016736	136.666667
ASV_280	49.01205	43.85356	30.57143
ASV_786	40.51807	39.90795	55.90476
ASV_246	39.51807	45.93305	33.80952
ASV_358	91.93976	25.76569	36.84127
ASV_368	76.50602	32.67782	30.82540
ASV_178	26.46988	42.17155	58.33333
ASV_241	43.83133	38.76569	47.30159
ASV_222	55.96386	34.36820	47.04762
ASV_361	35.44578	44.08368	35.23810
ASV_507	38.39759	38.05439	54.14286
ASV_426	114.12048	 21.07950	 16.31746
ASV_251	18.68675	45.82008	46.41270
ASV_224	 7.156627	57.322176	17.460317
ASV_363	100.409639	 27.313808	  8.285714
ASV_205	15.87952	43.12971	58.71429
ASV_234	37.54217	29.10042	82.60317
ASV_334	130.90361	 14.82427	 13.69841
ASV_262	53.33735	37.66527	26.85714
ASV_198	62.87952	34.06276	27.04762
ASV_219	10.00000	38.94561	77.25397
ASV_216	 1.939759	51.020921	40.714286
ASV_228	38.95181	42.70293	21.38095
ASV_1119	94.09639	25.15063	15.06349
ASV_276	62.38554	30.39749	35.01587
ASV_269	32.39759	37.13808	48.00000
ASV_793	57.38554	35.40167	20.87302
ASV_472	73.14458	29.50209	21.49206
ASV_303	102.37349	 21.59833	 12.07937
ASV_273	85.96386	18.81590	41.22222
ASV_297	63.01205	24.36820	47.82540
ASV_488	22.98795	34.10042	62.60317
ASV_237	 6.46988	50.13808	21.53968
ASV_218	43.96386	35.80753	25.63492
ASV_299	22.68675	35.07113	53.69841
ASV_341	33.93976	38.21757	25.09524
ASV_264	122.349398	 12.100418	  6.460317
ASV_350	53.83133	33.56067	15.20635
ASV_615	58.975904	34.778243	 3.539683
ASV_244	31.77108	35.29707	35.60317
ASV_256	49.27711	32.09623	24.49206
ASV_355	11.674699	50.364017	 3.111111
ASV_324	21.92771	36.60251	41.74603
ASV_265	28.77108	28.45607	62.68254
ASV_259	36.93976	34.13389	29.57143
ASV_232	55.39759	29.04184	23.30159
ASV_215	38.57831	36.72803	15.88889
ASV_260	 2.156627	49.836820	13.857143
ASV_570	62.313253	30.196653	 9.015873
ASV_456	95.25301	16.28033	12.19048
ASV_409	68.78313	23.40167	19.01587
ASV_242	12.96386	28.43933	73.33333
ASV_252	 9.819277	33.481172	57.968254
ASV_388	34.92771	33.40586	24.71429
ASV_293	 4.39759	32.24268	68.57143
ASV_238	48.38554	23.02929	44.88889
ASV_313	46.867470	33.414226	 7.365079
ASV_250	38.84337	31.43515	23.79365
ASV_345	22.69880	27.74477	58.60317
ASV_249	36.43373	31.37657	26.60317
ASV_338	20.01205	37.17573	26.04762
ASV_292	22.34940	38.35146	16.61905
ASV_285	35.89157	29.18828	31.00000
ASV_233	87.04819	16.60669	10.65079
ASV_556	24.43373	36.43933	17.74603
ASV_257	25.68675	24.17155	61.84127
ASV_491	49.46988	23.52301	32.63492
ASV_270	69.71084	21.33054	14.17460
ASV_227	15.50602	34.45188	34.76190
ASV_754	57.80723	25.93305	11.30159
ASV_307	113.397590	  5.941423	 13.015873
ASV_314	22.75904	32.79079	29.96825
ASV_462	47.31325	26.96653	19.53968
ASV_320	75.15663	18.19247	15.93651
ASV_335	43.30120	29.39749	14.73016
ASV_392	36.301205	33.292887	 7.269841
ASV_258	20.578313	38.380753	 7.920635
ASV_310	49.16867	20.91213	35.00000
ASV_283	47.04819	19.36820	43.20635
ASV_1153	20.68675	28.15900	44.41270
ASV_528	43.24096	28.17992	14.34921
ASV_446	12.40964	37.02929	19.96825
ASV_327	48.61446	26.19665	12.28571
ASV_343	30.93976	31.73640	13.28571
ASV_346	19.79518	35.40586	14.03175
ASV_377	52.22892	23.86192	14.65079
ASV_521	76.18072	16.01674	12.69841
ASV_715	106.036145	  7.560669	  5.380952
ASV_275	20.81928	30.92050	26.60317
ASV_243	25.19277	32.46862	13.73016
ASV_481	64.54217	15.64017	24.96825
ASV_396	45.30120	24.87866	14.88889
ASV_248	17.638554	36.807531	 5.031746
ASV_630	49.80723	25.54812	 5.31746
ASV_236	10.72289	33.62343	26.04762
ASV_474	37.39759	20.72803	39.61905
ASV_520	65.83133	10.25523	41.60317
ASV_340	33.27711	24.04603	31.39683
ASV_305	17.16867	30.44770	27.66667
ASV_423	 9.686747	37.368201	10.619048
ASV_298	  1.289157	 14.506276	107.952381
ASV_267	27.48193	25.20084	32.44444
ASV_347	43.42169	24.47699	13.95238
ASV_289	43.03614	23.24686	18.63492
ASV_308	 0.2650602	42.7489540	 0.4603175
ASV_326	37.08434	23.30544	23.58730
ASV_348	35.37349	18.35146	43.03175
ASV_662	56.66265	17.62343	17.17460
ASV_783	18.01205	30.95397	15.04762
ASV_449	22.42169	30.15900	12.19048
ASV_375	24.26506	27.43933	19.58730
ASV_402	33.15663	22.21757	27.36508
ASV_891	25.42169	22.10879	37.61905
ASV_352	60.277108	18.058577	 6.968254
ASV_277	18.06024	29.37657	19.61905
ASV_300	10.50602	33.55230	13.71429
ASV_436	19.91566	27.90795	22.71429
ASV_302	36.265060	26.343096	 6.761905
ASV_498	56.98795	16.72803	14.93651
ASV_460	75.409639	12.531381	 5.095238
ASV_239	101.313253	  2.912134	  7.301587
ASV_316	26.31325	15.19247	59.46032
ASV_578	44.62651	21.22594	12.25397
ASV_339	21.192771	30.008368	 9.428571
ASV_290	81.783133	 8.899582	 9.444444
ASV_466	48.542169	21.343096	 4.555556
ASV_279	 8.120482	34.267782	 8.444444
ASV_373	96.650602	 4.928870	 2.825397
ASV_268	12.19277	31.12971	14.30159
ASV_272	 5.831325	17.096234	74.793651
ASV_328	 1.048193	34.426778	15.222222
ASV_496	50.108434	20.468619	 2.349206
ASV_359	29.00000	23.55649	18.31746
ASV_254	24.1566265	29.9581590	 0.2380952
ASV_389	52.77108	15.49791	16.76190
ASV_644	56.216867	17.451883	 4.460317
ASV_323	21.83133	22.22176	31.15873
ASV_315	73.144578	 8.451883	15.015873
ASV_253	 0.4096386	34.8535565	10.3333333
ASV_287	 1.975904	19.673640	65.619048
ASV_422	54.57831	15.48536	12.00000
ASV_410	16.13253	17.89958	52.65079
ASV_337	 6.975904	31.606695	12.634921
ASV_1044	20.67470	23.50628	25.06349
ASV_329	15.45783	30.65272	 4.68254
ASV_533	54.819277	16.489540	 6.190476
ASV_390	21.75904	25.88285	11.95238
ASV_438	32.89157	20.55649	17.49206
ASV_1237	70.048193	11.401674	 2.793651
ASV_400	24.674699	25.422594	 7.936508
ASV_601	53.072289	15.054393	 9.730159
ASV_428	 5.07228916	34.23012552	 0.06349206
ASV_470	30.38554	20.57741	18.22222
ASV_266	68.265060	 2.426778	37.126984
ASV_371	59.337349	14.108787	 4.492063
ASV_506	50.493976	16.058577	 8.619048
ASV_414	 9.530120	30.623431	 7.142857
ASV_365	33.86747	20.01255	15.09524
ASV_376	 6.349398	31.870293	 6.285714
ASV_524	15.44578	22.73222	28.49206
ASV_432	36.93976	20.08368	10.14286
ASV_288	 3.240964	23.924686	39.111111
ASV_801	33.831325	22.317992	 4.857143
ASV_291	25.26506	15.45188	42.17460
ASV_322	101.45783133	  0.05020921	  0.09523810
ASV_296	11.20482	21.58996	36.98413
ASV_412	22.43373	24.31381	10.41270
ASV_385	23.45783	21.45607	19.52381
ASV_405	13.072289	28.309623	 6.825397
ASV_387	16.40964	24.10460	17.46032
ASV_886	22.03614	22.90377	14.49206
ASV_1133	42.56627	18.65272	 2.84127
ASV_317	14.44578	25.40167	14.14286
ASV_360	31.012048	21.301255	 7.698413
ASV_325	24.48193	17.31799	31.17460
ASV_529	34.43373	16.50628	20.76190
ASV_372	 5.650602	30.016736	 7.238095
ASV_885	15.55422	19.65690	32.25397
ASV_306	19.04819	21.45607	19.77778
ASV_394	37.674699	18.142259	 7.809524
ASV_1126	56.084337	11.895397	 7.047619
ASV_331	26.915663	22.062762	 6.650794
ASV_1219	30.710843	19.698745	 9.888889
ASV_263	  0.5060241	  0.3891213	122.6031746
ASV_399	22.963855	22.066946	 9.968254
ASV_590	24.915663	21.866109	 6.888889
ASV_304	31.000000	19.933054	 5.444444
ASV_475	31.43373	20.23431	 2.52381
ASV_945	24.78313	16.82845	23.52381
ASV_495	37.26506	14.15481	16.92063
ASV_594	17.92771	18.28870	26.50794
ASV_403	31.44578	16.97908	12.84127
ASV_567	10.421687	25.146444	 9.142857
ASV_546	20.16867	18.42678	21.71429
ASV_439	19.67470	21.21339	11.66667
ASV_761	40.240964	15.343096	 6.571429
ASV_452	28.03614	17.03347	16.01587
ASV_437	39.542169	14.974895	 8.650794
ASV_398	32.20482	17.64435	 8.00000
ASV_391	 2.578313	29.510460	 1.793651
ASV_1023	37.000000	16.497908	 5.047619
ASV_418	16.54217	20.54812	14.87302
ASV_482	23.31325	17.32218	17.84127
ASV_1199	14.30120	20.06695	19.25397
ASV_321	11.939759	 5.740586	76.555556
ASV_471	41.289157	14.280335	 4.190476
ASV_685	49.253012	10.514644	 7.888889
ASV_395	50.771084	 9.485356	 9.174603
ASV_381	13.02410	10.80753	53.17460
ASV_356	21.43373	17.69456	15.30159
ASV_1066	29.90361	16.99582	 6.15873
ASV_1072	17.57831	14.92887	30.14286
ASV_312	52.409639	 8.364017	 8.650794
ASV_485	10.457831	24.129707	 4.095238
ASV_353	14.93976	20.25523	12.39683
ASV_330	 7.180723	25.322176	 1.952381
ASV_419	19.61446	13.11297	31.42857
ASV_357	29.15663	14.22176	14.30159
ASV_351	46.783133	 9.774059	 7.904762
ASV_295	70.385542	 2.062762	 5.666667
ASV_589	 5.409639	24.518828	 5.730159
ASV_930	35.56627	12.61925	11.01587
ASV_378	18.07229	17.10042	16.26984
ASV_545	10.686747	21.577406	 8.793651
ASV_440	 6.072289	22.171548	12.380952
ASV_383	 2.433735	 9.753138	64.253968
ASV_427	 9.843373	18.338912	21.079365
ASV_382	26.08434	11.35565	26.15873
ASV_374	11.93976	17.57741	20.71429
ASV_604	37.566265	11.907950	 8.047619
ASV_366	 3.481928	24.259414	 5.904762
ASV_458	17.37349	16.48954	16.93651
ASV_397	 4.493976	22.234310	11.222222
ASV_635	37.21687	10.96234	10.84127
ASV_494	21.49398	16.29289	11.14286
ASV_454	22.51807	12.02510	25.63492
ASV_349	46.397590	 7.878661	 9.761905
ASV_430	 3.493976	12.732218	47.634921
ASV_522	29.67470	11.59833	17.28571
ASV_420	18.62651	12.78243	27.22222
ASV_1182	23.746988	16.301255	 7.015873
ASV_336	 8.650602	22.029289	 5.158730
ASV_463	20.012048	17.322176	 7.888889
ASV_415	 5.493976	21.405858	11.412698
ASV_616	31.28916	12.04603	12.87302
ASV_1084	 7.951807	20.933054	 9.412698
ASV_384	 6.602410	21.476987	 8.730159
ASV_996	39.457831	11.225941	 4.174603
ASV_1208	37.289157	11.493724	 5.222222
ASV_408	14.795181	18.857741	 6.539683
ASV_457	23.39759	13.51883	14.60317
ASV_519	32.216867	12.836820	 5.126984
ASV_584	16.02410	16.63598	11.88889
ASV_769	 5.843373	11.690377	43.777778
ASV_404	12.27711	17.84519	11.77778
ASV_421	15.48193	14.89121	18.52381
ASV_559	16.51807	16.53975	10.49206
ASV_344	 3.469880	22.698745	 4.253968
ASV_411	 4.036145	20.355649	12.317460
ASV_707	28.98795	10.46444	16.90476
ASV_637	35.915663	11.163180	 4.936508
ASV_477	 8.518072	14.430962	28.571429
ASV_406	43.012048	 7.774059	 8.238095
ASV_729	20.542169	16.079498	 5.968254
ASV_583	14.45783	16.71967	11.22222
ASV_465	 7.662651	17.916318	15.476190
ASV_734	44.036145	 8.874477	 1.857143
ASV_369	 2.518072	22.962343	 1.873016
ASV_684	44.012048	 7.351464	 6.253968
ASV_550	15.03614458	18.90376569	 0.06349206
ASV_651	11.37349	17.85774	 8.84127
ASV_531	 2.60241	17.01674	23.41270
ASV_401	 3.156627	22.389121	 1.650794
ASV_1000	11.38554	17.20921	10.23810
ASV_512	31.530120	11.891213	 3.746032
ASV_530	 7.361446	18.083682	12.063492
ASV_592	 6.542169	18.468619	11.111111
ASV_688	18.506024	16.209205	 3.619048
ASV_744	18.49398	13.76151	12.61905
ASV_653	10.638554	18.891213	 3.333333
ASV_459	 4.819277	17.836820	14.746032
ASV_416	 2.5421687	22.3263598	 0.6825397
ASV_833	14.120482	17.778243	 2.666667
ASV_490	10.566265	17.828452	 7.111111
ASV_587	33.81928	10.85356	 2.31746
ASV_657	11.36145	17.41841	 6.68254
ASV_425	22.120482	 9.514644	22.476190
ASV_772	40.421687	 7.552301	 5.809524
ASV_469	 7.662651	19.732218	 2.031746
ASV_525	12.277108	 7.757322	41.380952
ASV_379	51.313253	 4.451883	 2.349206
ASV_639	 3.759036	20.025105	 5.857143
ASV_431	14.421687	 7.317992	40.000000
ASV_489	29.265060	 8.891213	14.476190
ASV_668	22.012048	12.991632	 8.190476
ASV_370	19.132530	 9.903766	23.619048
ASV_693	20.98795	13.10879	 9.00000
ASV_934	18.337349	15.033473	 5.111111
ASV_455	19.120482	13.242678	 9.952381
ASV_442	63.8915663	 0.1422594	 0.4126984
ASV_730	15.85542	15.02929	 6.52381
ASV_557	27.421687	10.945607	 6.634921
ASV_571	26.734940	12.368201	 2.047619
ASV_624	18.14458	12.55649	12.57143
ASV_979	21.39759	13.60251	 4.31746
ASV_464	 6.879518	15.941423	13.380952
ASV_518	 9.469880	16.828452	 6.253968
ASV_503	15.313253	15.184100	 4.396825
ASV_467	 8.204819	17.648536	 4.365079
ASV_386	 0.5301205	14.5062762	26.1587302
ASV_362	 2.722892	18.924686	 6.428571
ASV_549	 5.481928	17.723849	 6.730159
ASV_526	11.012048	16.447699	 4.190476
ASV_393	 3.204819	16.715481	13.365079
ASV_501	 3.204819	19.384937	 3.031746
ASV_561	11.807229	16.117155	 3.936508
ASV_989	 9.012048	16.393305	 6.555556
ASV_842	43.662651	 5.343096	 2.269841
ASV_473	10.53012	11.82008	21.06349
ASV_595	48.120482	 3.782427	 1.730159
ASV_950	 3.289157	18.635983	 4.301587
ASV_535	30.132530	 8.217573	 8.269841
ASV_739	19.63855	10.65272	12.63492
ASV_1224	11.855422	15.933054	 2.587302
ASV_354	55.3734940	 0.6778243	 2.7301587
ASV_751	14.51807	13.25523	 8.84127
ASV_453	 8.156627	15.979079	 6.523810
ASV_504	14.89157	11.46025	14.79365
ASV_486	18.771084	11.581590	 9.079365
ASV_894	15.361446	14.807531	 1.285714
ASV_976	23.337349	11.288703	 4.047619
ASV_937	11.903614	14.267782	 7.714286
ASV_443	 3.518072	15.054393	15.761905
ASV_502	10.722892	15.167364	 5.650794
ASV_508	 6.650602	13.606695	16.777778
ASV_499	 4.987952	17.225941	 5.126984
ASV_536	 2.903614	17.259414	 7.634921
ASV_580	 5.192771	14.041841	16.619048
ASV_591	 4.253012	13.656904	19.285714
ASV_756	20.686747	11.569038	 5.428571
ASV_479	19.289157	 7.598326	21.698413
ASV_702	29.265060	 8.209205	 6.111111
ASV_1118	12.530120	14.347280	 4.809524
ASV_447	 7.144578	14.372385	11.666667
ASV_659	13.216867	 8.828452	24.444444
ASV_511	 4.0120482	18.3598326	 0.3492063
ASV_904	31.542169	 5.564854	12.587302
ASV_922	38.421687	 5.539749	 3.190476
ASV_538	 4.216867	 7.184100	41.825397
ASV_619	 7.734940	14.167364	 9.873016
ASV_1140	23.939759	 9.924686	 4.317460
ASV_500	 3.084337	17.497908	 3.047619
ASV_1082	 8.240964	 9.518828	26.031746
ASV_555	11.38554	11.63598	13.80952
ASV_451	 7.421687	 9.728033	26.111111
ASV_480	21.000000	 4.945607	26.349206
ASV_753	35.313253	 5.920502	 2.158730
ASV_461	42.493976	 2.418410	 5.873016
ASV_574	 5.144578	12.464435	16.761905
ASV_652	20.45783	10.89121	 2.31746
ASV_767	 7.710843	14.870293	 3.968254
ASV_1165	25.337349	 7.267782	 9.380952
ASV_636	26.807229	 8.422594	 2.888889
ASV_948	15.686747	11.589958	 5.142857
ASV_821	15.156627	 8.573222	17.253968
ASV_1090	19.674699	10.531381	 3.603175
ASV_527	 8.253012	14.050209	 5.253968
ASV_655	16.686747	11.648536	 3.063492
ASV_663	19.963855	 8.991632	 8.761905
ASV_1216	27.578313	 7.979079	 2.428571
ASV_627	16.204819	 9.355649	12.142857
ASV_664	15.168675	11.707113	 4.285714
ASV_721	13.289157	12.631799	 3.174603
ASV_450	 9.542169	12.916318	 6.873016
ASV_831	28.590361	 5.824268	 8.666667
ASV_608	30.506024	 6.225941	 4.476190
ASV_683	17.734940	 8.276151	13.460317
ASV_581	 2.457831	16.652720	 1.793651
ASV_532	18.951807	10.464435	 3.460317
ASV_478	19.036145	 9.661088	 6.142857
ASV_558	 8.373494	 8.824268	23.238095
ASV_497	12.180723	11.669456	 7.111111
ASV_763	14.337349	 9.096234	14.000000
ASV_448	 8.9879518	14.6108787	 0.1111111
ASV_670	 4.168675	15.414226	 3.238095
ASV_596	10.120482	12.799163	 5.238095
ASV_1209	10.036145	 8.133891	22.920635
ASV_542	18.927711	 7.786611	12.460317
ASV_698	 6.024096	10.401674	19.349206
ASV_417	 0.02409639	16.77824268	 3.04761905
ASV_724	19.240964	 8.343096	 9.238095
ASV_516	36.746988	 3.242678	 5.253968
ASV_847	18.012048	10.041841	 4.095238
ASV_1079	14.542169	10.573222	 6.555556
ASV_830	36.385542	 4.058577	 2.444444
ASV_623	 3.710843	15.016736	 3.714286
ASV_749	 8.710843	12.652720	 5.968254
ASV_717	19.228916	 8.845188	 6.174603
ASV_588	15.807229	 9.765690	 7.142857
ASV_723	17.012048	 8.518828	10.158730
ASV_537	 8.915663	11.736402	 8.380952
ASV_777	16.566265	 9.418410	 7.095238
ASV_609	 4.951807	14.037657	 4.841270
ASV_743	 4.493976	12.870293	 9.698413
ASV_629	 9.072289	13.271967	 2.000000
ASV_676	 2.614458	14.644351	 5.301587
ASV_699	 3.963855	13.368201	 8.333333
ASV_523	23.746988	 7.715481	 3.698413
ASV_505	 3.228916	14.510460	 4.873016
ASV_597	 3.674699	12.836820	10.619048
ASV_694	38.8072289	 3.3598326	 0.2539683
ASV_746	10.192771	11.297071	 7.619048
ASV_962	11.361446	11.347280	 5.460317
ASV_468	34.542169	 4.004184	 2.761905
ASV_647	19.578313	 8.025105	 7.063492
ASV_918	 9.108434	 8.317992	19.492063
ASV_650	 0.02409639	16.33054393	 1.03174603
ASV_492	 8.493976	 8.778243	18.507937
ASV_835	27.000000	 5.753138	 5.317460
ASV_544	12.204819	 9.221757	11.460317
ASV_656	 4.036145	14.430962	 2.428571
ASV_1085	 9.807229	11.953975	 4.206349
ASV_552	 4.108434	13.811715	 4.365079
ASV_540	 7.614458	12.422594	 4.841270
ASV_441	18.614458	 5.443515	16.539683
ASV_709	14.554217	 8.351464	10.857143
ASV_771	12.397590	 9.891213	 7.730159
ASV_582	 1.722892	13.430962	 8.333333
ASV_823	 5.325301	 9.769874	17.047619
ASV_638	 5.216867	12.422594	 7.111111
ASV_840	20.566265	 7.364017	 5.619048
ASV_807	21.590361	 7.640167	 3.095238
ASV_710	16.301205	 9.154812	 4.142857
ASV_1147	 6.204819	13.326360	 1.603175
ASV_737	23.578313	 4.857741	10.698413
ASV_509	 1.265060	15.050209	 1.365079
ASV_832	22.638554	 6.983264	 3.777778
ASV_534	31.277108	 3.430962	 5.222222
ASV_713	 3.759036	10.665272	13.682540
ASV_1189	 3.108434	13.418410	 3.984127
ASV_444	29.987952	 4.393305	 2.206349
ASV_893	18.00000	 8.16318	 3.52381
ASV_621	 6.493976	 9.853556	12.253968
ASV_944	15.120482	 6.033473	15.365079
ASV_579	 6.602410	 8.648536	16.349206
ASV_484	 6.060241	11.682008	 5.492063
ASV_984	 6.698795	12.175732	 2.714286
ASV_543	 4.698795	11.610879	 7.301587
ASV_593	 5.192771	10.916318	 9.142857
ASV_614	 5.120482	11.543933	 6.746032
ASV_759	10.060241	10.468619	 4.269841
ASV_860	15.409639	 8.397490	 5.015873
ASV_1160	 6.879518	11.891213	 2.888889
ASV_628	 3.036145	10.012552	14.619048
ASV_563	15.903614	 3.485356	22.365079
ASV_785	17.2048193	 8.6485356	 0.7619048
ASV_641	 4.698795	12.301255	 3.222222
ASV_682	 5.614458	 6.020921	25.825397
ASV_1024	 9.072289	 7.263598	16.380952
ASV_935	19.180723	 3.209205	18.412698
ASV_711	23.096386	 4.359833	 8.857143
ASV_791	 4.915663	 6.682008	23.650794
ASV_1012	14.180723	 8.694561	 3.698413
ASV_625	 9.433735	 5.251046	23.015873
ASV_1181	6.855422	9.669456	9.619048
ASV_677	11.554217	 9.125523	 5.444444
ASV_493	 2.373494	13.062762	 2.571429
ASV_897	20.277108	 6.171548	 5.000000
ASV_1098	13.542169	 7.338912	 9.428571
ASV_899	 1.457831	12.016736	 7.333333
ASV_708	31.614458	 3.050209	 1.476190
ASV_602	16.819277	 5.104603	12.984127
ASV_572	 3.060241	 9.502092	14.222222
ASV_1045	14.433735	 5.150628	15.619048
ASV_610	24.421687	 4.949791	 3.190476
ASV_568	 1.120482	13.117155	 2.888889
ASV_725	9.325301	9.790795	4.555556
ASV_779	13.024096	 8.560669	 4.269841
ASV_1114	9.759036	9.447699	5.190476
ASV_686	 2.554217	12.334728	 3.666667
ASV_1138	12.807229	 8.941423	 2.952381
ASV_513	31.493976	 1.995816	 4.634921
ASV_575	10.759036	 8.447699	 7.253968
ASV_696	 3.301205	11.037657	 7.253968
ASV_514	6.421687	9.615063	8.380952
ASV_910	 1.132530	12.418410	 4.666667
ASV_703	 4.771084	 9.079498	12.142857
ASV_565	 0.6265060	13.5690377	 0.5079365
ASV_1238	14.072289	 7.552301	 5.428571
ASV_510	26.253012	 2.682008	 7.809524
ASV_645	 2.385542	11.527197	 5.476190
ASV_564	4.542169	9.765690	9.285714
ASV_943	27.602410	 3.799163	 1.539683
ASV_968	28.867470	 2.673640	 4.095238
ASV_1017	5.891566	9.949791	6.746032
ASV_1159	 2.409639	 9.682008	12.174603
ASV_1019	 4.349398	11.041841	 4.444444
ASV_969	5.638554	9.765690	7.587302
ASV_429	 0.08433735	 0.04184100	51.74603175
ASV_548	 4.289157	11.493724	 2.746032
ASV_566	 8.879518	 6.171548	16.698413
ASV_1091	20.951807	 4.966527	 5.222222
ASV_674	 1.915663	12.443515	 1.857143
ASV_607	 5.927711	 8.460251	11.666667
ASV_712	 3.096386	10.585774	 7.333333
ASV_487	19.722892	 4.744770	 7.539683
ASV_695	18.036145	 5.933054	 5.222222
ASV_613	22.2530120	 5.6820084	 0.5555556
ASV_874	 3.578313	10.615063	 6.428571
ASV_673	22.819277	 4.389121	 4.603175
ASV_1013	18.277108	 6.539749	 2.412698
ASV_1150	8.867470	8.845188	6.031746
ASV_585	14.228916	 6.782427	 6.777778
ASV_620	 8.614458	10.000000	 1.936508
ASV_903	18.385542	 6.372385	 2.730159
ASV_974	6.421687	9.435146	6.841270
ASV_844	9.289157	7.807531	8.968254
ASV_1184	8.783133	9.075314	4.730159
ASV_576	 1.698795	 8.907950	14.603175
ASV_925	 4.963855	10.518828	 4.031746
ASV_1011	 4.506024	 8.523013	12.158730
ASV_434	34.6867470	 1.2092050	 0.1269841
ASV_736	6.927711	9.928870	3.603175
ASV_706	8.493976	9.225941	4.158730
ASV_755	9.445783	7.857741	8.000000
ASV_954	11.542169	 7.401674	 6.968254
ASV_980	3.686747	9.502092	9.317460
ASV_551	8.144578	9.096234	4.841270
ASV_915	24.795181	 4.112971	 1.746032
ASV_880	 2.5903614	12.1715481	 0.3333333
ASV_515	 0.01204819	 0.00000000	49.82539683
ASV_612	 4.144578	11.418410	 1.000000
ASV_632	 3.493976	 8.820084	11.507937
ASV_716	9.698795	8.451883	4.682540
ASV_824	10.855422	 8.175732	 4.079365
ASV_626	16.144578	 5.728033	 6.158730
ASV_675	23.795181	 3.832636	 3.031746
ASV_598	 5.216867	10.008368	 3.920635
ASV_802	16.783133	 5.439331	 6.000000
ASV_671	13.927711	 7.401674	 2.222222
ASV_691	13.289157	 5.343096	10.619048
ASV_1059	7.084337	8.623431	6.142857
ASV_852	23.228916	 4.205021	 1.476190
ASV_701	23.566265	 3.301255	 4.000000
ASV_1049	11.204819	 7.878661	 2.698413
ASV_1095	3.409639	9.719665	5.968254
ASV_757	8.590361	7.853556	6.047619
ASV_720	22.108434	 4.025105	 2.714286
ASV_1198	17.240964	 4.882845	 5.841270
ASV_879	14.132530	 4.686192	10.634921
ASV_661	 0.4698795	12.1673640	 0.1587302
ASV_868	12.469880	 4.974895	11.492063
ASV_781	 1.421687	10.790795	 3.793651
ASV_622	2.927711	9.887029	5.142857
ASV_855	4.144578	8.690377	8.079365
ASV_733	 0.4096386	11.6610879	 1.6984127
ASV_1187	10.975904	 5.401674	11.412698
ASV_1100	25.614458	 2.786611	 2.015873
ASV_435	35.0722892	 0.0041841	 0.1111111
ASV_1020	4.108434	9.322176	5.444444
ASV_863	 4.614458	10.121339	 1.730159
ASV_600	 1.373494	 1.460251	38.714286
ASV_727	8.156627	8.841004	1.555556
ASV_764	12.373494	 5.828452	 7.365079
ASV_562	 4.650602	 7.184100	12.365079
ASV_851	4.204819	8.539749	7.698413
ASV_1231	 3.506024	10.359833	 1.476190
ASV_750	 3.506024	10.100418	 2.222222
ASV_798	12.783133	 5.255230	 8.285714
ASV_1141	23.554217	 2.782427	 3.365079
ASV_631	3.084337	9.259414	5.761905
ASV_927	7.939759	7.267782	6.888889
ASV_678	10.469880	 7.702929	 1.809524
ASV_911	15.168675	 4.970711	 5.952381
ASV_812	3.012048	9.460251	4.730159
ASV_854	 5.39759	 3.51046	24.12698
ASV_728	 2.975904	10.246862	 1.634921
ASV_809	2.698795	9.841004	3.380952
ASV_1006	11.012048	 6.824268	 3.857143
ASV_1073	 7.602410	 5.728033	12.412698
ASV_1131	16.036145	 5.079498	 3.269841
ASV_1229	 7.963855	 5.401674	12.619048
ASV_618	2.240964	8.221757	9.380952
ASV_554	9.325301	6.577406	6.238095
ASV_617	 0.2409639	 1.3347280	37.5873016
ASV_1174	 6.240964	 6.171548	11.190476
ASV_586	2.963855	8.138075	8.031746
ASV_667	 7.289157	 4.284519	16.825397
ASV_790	7.722892	7.380753	4.460317
ASV_1225	12.771084	 6.439331	 1.238095
ASV_704	10.662651	 5.707113	 6.682540
ASV_633	21.903614	 2.845188	 2.603175
ASV_816	9.843373	6.991632	2.761905
ASV_1088	7.132530	6.146444	9.507937
ASV_849	11.578313	 6.213389	 3.238095
ASV_804	 1.506024	 3.811715	25.603175
ASV_795	5.650602	8.154812	3.587302
ASV_796	 3.722892	 6.213389	13.380952
ASV_846	 1.542169	 4.820084	21.190476
ASV_1228	1.710843	9.899582	1.666667
ASV_794	18.060241	 3.560669	 4.174603
ASV_1213	7.313253	7.154812	4.634921
ASV_689	5.228916	8.142259	3.603175
ASV_700	 4.216867	 3.665272	21.698413
ASV_784	 1.7951807	10.1129707	 0.3492063
ASV_740	 8.409639	 4.774059	11.825397
ASV_800	30.66265060	 0.15062762	 0.01587302
ASV_1115	13.566265	 5.083682	 3.730159
ASV_1136	14.807229	 4.794979	 3.174603
ASV_672	4.349398	8.510460	2.857143
ASV_938	12.349398	 4.276151	 8.333333
ASV_1116	5.481928	8.280335	2.000000
ASV_845	5.903614	8.267782	1.380952
ASV_1042	2.746988	9.012552	2.698413
ASV_826	 7.445783	 4.012552	15.365079
ASV_914	15.951807	 3.937238	 4.396825
ASV_818	16.289157	 3.456067	 5.761905
ASV_722	2.843373	7.443515	8.333333
ASV_1112	18.096386	 3.610879	 2.761905
ASV_1029	8.228916	7.288703	1.777778
ASV_982	2.265060	9.267782	2.126984
ASV_1137	17.6506024	 4.2594142	 0.7936508
ASV_726	4.795181	7.205021	6.412698
ASV_1186	1.457831	8.941423	4.206349
ASV_1037	9.469880	6.514644	2.730159
ASV_719	2.891566	8.489540	3.904762
ASV_1021	7.686747	7.280335	2.142857
ASV_1117	3.891566	8.271967	3.111111
ASV_951	15.867470	 3.861925	 3.984127
ASV_705	7.301205	6.192469	6.349206
ASV_649	11.349398	 5.615063	 3.079365
ASV_760	 2.819277	 4.117155	19.936508
ASV_1134	21.0240964	 2.7824268	 0.9365079
ASV_991	5.554217	6.828452	5.825397
ASV_1107	10.975904	 6.029289	 1.507937
ASV_956	7.289157	5.414226	8.619048
ASV_965	7.602410	6.594142	3.666667
ASV_871	3.240964	7.895397	4.444444
ASV_905	4.277108	7.359833	4.952381
ASV_640	 6.373494	 2.255230	21.523810
ASV_789	 0.00000	10.13808	 0.00000
ASV_665	8.096386	6.845188	1.555556
ASV_1004	19.072289	 3.125523	 0.984127
ASV_825	 3.168675	 5.087866	14.476190
ASV_981	8.614458	6.133891	3.333333
ASV_887	4.265060	7.581590	3.555556
ASV_1056	14.867470	 3.933054	 3.396825
ASV_573	12.939759	 1.037657	16.920635
ASV_658	 4.301205	 4.635983	14.349206
ASV_1003	19.2530120	 3.0125523	 0.7460317
ASV_611	 5.879518	 2.702929	19.539683
ASV_738	10.843373	 5.585774	 1.888889
ASV_1227	3.349398	7.347280	4.920635
ASV_765	4.674699	6.853556	5.031746
ASV_741	0.5783133	8.5899582	3.7460317
ASV_603	11.325301	 5.271967	 1.920635
ASV_1144	6.253012	6.472803	4.000000
ASV_829	3.542169	6.368201	7.968254
ASV_988	4.6867470	7.8995816	0.5396825
ASV_929	16.951807	 3.150628	 2.380952
ASV_654	19.626506	 1.912134	 3.523810
ASV_1124	0.9759036	7.6569038	6.2380952
ASV_776	12.26506	 5.07113	 1.15873
ASV_797	14.481928	 4.313808	 0.968254
ASV_681	2.168675	8.188285	2.460317
ASV_569	23.0361446	 0.4267782	 4.2222222
ASV_810	 2.253012	 2.560669	23.142857
ASV_1008	7.891566	5.669456	3.650794
ASV_799	17.530120	 2.790795	 1.587302
ASV_766	 1.469880	 5.338912	13.000000
ASV_1031	4.566265	7.087866	2.238095
ASV_547	26.66265	 0.00000	 0.00000
ASV_806	3.180723	6.924686	4.603175
ASV_752	6.397590	6.527197	1.873016
ASV_1175	 4.313253	 4.460251	12.428571
ASV_808	4.481928	6.765690	3.412698
ASV_1169	3.204819	6.820084	4.587302
ASV_666	3.795181	5.627615	8.222222
ASV_876	2.301205	6.472803	6.984127
ASV_605	0.6265060	8.8158996	0.2539683
ASV_958	5.361446	5.146444	7.857143
ASV_660	1.289157	7.623431	3.809524
ASV_788	10.638554	 4.330544	 3.984127
ASV_970	1.722892	8.117155	1.349206
ASV_1161	2.542169	7.041841	4.253968
ASV_933	 5.831325	 2.539749	17.000000
ASV_642	4.38554217	7.49372385	0.03174603
ASV_1092	 5.759036	 3.004184	15.174603
ASV_1061	0.4337349	7.7907950	4.0158730
ASV_1197	3.120482	6.523013	5.174603
ASV_1221	2.156627	7.230126	3.682540
ASV_817	24.46987952	 0.41422594	 0.04761905
ASV_998	14.6746988	 0.8661088	11.2380952
ASV_1195	2.819277	6.489540	5.476190
ASV_1009	1.3132530	8.3389121	0.4126984
ASV_1148	4.036145	4.924686	9.746032
ASV_848	6.674699	5.652720	3.396825
ASV_692	3.795181	5.656904	7.158730
ASV_913	0.9638554	7.5523013	3.6984127
ASV_964	10.144578	 4.732218	 2.269841
ASV_923	1.469880	5.786611	9.253968
ASV_762	 3.590361	 4.405858	11.460317
ASV_906	3.240964	5.991632	5.888889
ASV_742	0.5180723	7.1841004	4.8730159
ASV_778	1.240964	7.682008	1.968254
ASV_1104	9.915663	4.343096	2.857143
ASV_1158	6.650602	5.359833	3.269841
ASV_648	22.0120482	 0.5146444	 1.2380952
ASV_813	19.433735	 1.142259	 2.253968
ASV_898	6.313253	4.384937	7.158730
ASV_1191	2.578313	5.836820	6.539683
ASV_1230	 2.626506	 3.410042	15.666667
ASV_857	0.9638554	7.8953975	0.7936508
ASV_690	12.2048193	 3.9707113	 0.8253968
ASV_1196	8.265060	5.004184	1.936508
ASV_1200	3.734940	6.284519	2.873016
ASV_1075	8.433735	4.493724	3.412698
ASV_872	 5.867470	 2.263598	15.174603
ASV_787	6.228916	4.711297	5.301587
ASV_731	 1.734940	 4.853556	10.634921
ASV_1036	1.542169	7.338912	1.333333
ASV_921	1.650602	7.326360	1.238095
ASV_1113	5.144578	5.698745	2.650794
ASV_1074	2.325301	5.606695	6.698413
ASV_1101	2.469880	5.748954	5.920635
ASV_774	 5.698795	 1.108787	19.253968
ASV_1121	 1.132530	 1.958159	22.015873
ASV_1214	11.650602	 3.661088	 1.698413
ASV_888	 0.8192771	 3.0041841	18.4126984
ASV_732	11.301205	 3.878661	 1.269841
ASV_1135	12.5421687	 3.6569038	 0.4285714
ASV_718	0.8795181	6.2175732	6.0793651
ASV_1123	13.036145	 3.251046	 1.111111
ASV_1218	8.144578	3.732218	5.619048
ASV_758	5.481928	5.841004	1.111111
ASV_822	4.602410	5.841004	2.238095
ASV_735	1.469880	7.087866	1.619048
ASV_1232	1.987952	6.769874	2.015873
ASV_773	13.0000000	 3.3974895	 0.2222222
ASV_770	0.4096386	7.7322176	0.3333333
ASV_1043	11.397590	 3.259414	 2.682540
ASV_946	0.06024096	7.88284519	0.01587302
ASV_837	3.000000	5.217573	6.206349
ASV_820	3.192771	5.866109	3.380952
ASV_884	7.240964	4.903766	1.571429
ASV_900	3.337349	6.313808	1.126984
ASV_1007	13.9277108	 2.6861925	 0.8571429
ASV_1111	5.253012	5.330544	2.238095
ASV_680	18.7108434	 0.9079498	 1.2857143
ASV_803	5.987952	3.548117	7.809524
ASV_987	4.2891566	6.0083682	0.6984127
ASV_862	10.3975904	 3.9121339	 0.5873016
ASV_768	0.06024096	7.64016736	0.03174603
ASV_955	8.626506	3.941423	2.761905
ASV_992	 9.5421687	 0.9205021	13.0158730
ASV_747	1.710843	6.334728	2.714286
ASV_961	4.987952	4.991632	3.253968
ASV_859	0.2289157	7.3933054	0.3492063
ASV_1139	0.9638554	6.7364017	1.8571429
ASV_1014	4.3253012	6.0209205	0.0952381
ASV_714	2.469880	6.380753	1.158730
ASV_1048	10.1566265	 3.8284519	 0.6984127
ASV_839	5.710843	4.635983	3.476190
ASV_1016	4.710843	4.041841	6.984127
ASV_856	1.204819	6.589958	1.904762
ASV_850	0.8554217	7.0836820	0.3650794
ASV_917	 4.120482	 3.355649	10.206349
ASV_936	4.265060	5.523013	1.507937
ASV_889	0.7349398	7.1046025	0.0952381
ASV_1041	9.361446	3.460251	2.476190
ASV_942	12.204819	 1.991632	 4.238095
ASV_861	15.8072289	 1.7322176	 0.4285714
ASV_909	3.530120	5.004184	4.190476
ASV_1146	7.228916	4.000000	3.079365
ASV_928	5.048193	4.778243	2.984127
ASV_853	0.5783133	6.4225941	2.4603175
ASV_901	2.204819	6.062762	1.650794
ASV_947	4.144578	5.351464	1.793651
ASV_1217	5.060241	4.338912	4.396825
ASV_836	3.132530	5.322176	3.174603
ASV_907	2.277108	5.447699	3.825397
ASV_1212	 3.554217	 3.104603	10.984127
ASV_902	5.602410	4.569038	2.571429
ASV_838	0.1445783	6.9665272	0.2063492
ASV_814	3.7108434	5.7364017	0.0952381
ASV_1179	8.397590	3.364017	2.888889
ASV_775	1.4819277	6.3347280	0.7301587
ASV_748	0.56626506	6.82008368	0.04761905
ASV_1078	13.8554217	 1.8953975	 0.8412698
ASV_1154	10.325301	 2.238494	 4.158730
ASV_866	5.120482	4.464435	2.507937
ASV_949	12.506024	 1.895397	 2.507937
ASV_896	4.228916	4.033473	5.174603
ASV_1046	6.710843	3.698745	3.158730
ASV_1102	2.060241	4.569038	5.984127
ASV_828	 2.313253	 1.920502	15.666667
ASV_919	10.8072289	 0.8033473	 8.6825397
ASV_1094	0.3855422	6.4476987	0.9682540
ASV_815	 2.337349	 1.322176	17.730159
ASV_1022	5.771084	3.987448	2.714286
ASV_994	4.783133	4.405858	2.349206
ASV_1083	3.3855422	5.3514644	0.4444444
ASV_864	1.084337	4.104603	8.015873
ASV_1170	4.240964	4.251046	3.269841
ASV_1178	3.614458	3.815900	5.698413
ASV_890	3.156627	4.690377	2.888889
ASV_1064	4.433735	3.661088	5.095238
ASV_1129	0.7951807	5.7154812	2.0952381
ASV_819	8.578313	2.510460	3.746032
ASV_1093	5.457831	3.041841	5.730159
ASV_875	 2.253012	 1.426778	16.015873
ASV_1062	2.795181	4.309623	4.301587
ASV_941	0.3253012	6.0753138	0.5396825
ASV_1060	1.60240964	5.75313808	0.04761905
ASV_1105	0.8433735	5.7196653	1.0952381
ASV_1177	7.421687	3.334728	1.222222
ASV_997	2.373494	4.945607	1.476190
ASV_834	5.433735	4.246862	0.000000
ASV_975	3.819277	3.665272	4.317460
ASV_940	4.8072289	4.3891213	0.0952381
ASV_867	1.277108	5.020921	2.063492
ASV_966	4.879518	3.715481	2.269841
ASV_990	3.5301205	4.6820084	0.3015873
ASV_869	2.4457831	4.9748954	0.4761905
ASV_1065	2.602410	4.175732	3.142857
ASV_1223	11.3975904	 1.7740586	 0.6507937
ASV_878	1.108434	4.949791	2.095238
ASV_882	1.481928	2.878661	9.428571
ASV_932	0.15662651	5.78242678	0.07936508
ASV_892	4.819277	3.087866	4.142857
ASV_1039	3.626506	2.577406	7.587302
ASV_1067	4.301205	3.820084	1.904762
ASV_877	0.4939759	5.3221757	1.2063492
ASV_1054	6.698795	3.188285	1.015873
ASV_1069	3.409639	3.983264	2.301587
ASV_1055	3.518072	3.100418	5.444444
ASV_1001	1.903614	3.297071	6.777778
ASV_1142	7.397590	1.430962	6.476190
ASV_1176	0.373494	5.205021	1.380952
ASV_983	 3.481928	 1.732218	10.396825
ASV_908	1.819277	4.560669	1.761905
ASV_843	4.3734940	4.0627615	0.2539683
ASV_967	3.638554	3.234310	4.349206
ASV_1032	8.000000	2.476987	1.460317
ASV_986	2.397590	4.288703	1.968254
ASV_1002	0.01204819	5.56903766	0.20634921
ASV_924	3.481928	4.401674	0.000000
ASV_995	2.012048	3.389121	5.698413
ASV_1185	1.9879518	4.7280335	0.6031746
ASV_792	 0.0000000	 0.0125523	20.9206349
ASV_1235	1.301205	4.125523	3.587302
ASV_1080	0.5301205	4.8577406	1.4126984
ASV_1155	3.216867	3.585774	2.619048
ASV_895	10.8072289	 0.6820084	 3.5238095
ASV_960	2.87951807	4.35983264	0.01587302
ASV_1052	6.204819	2.464435	2.714286
ASV_912	6.373494	2.301255	3.079365
ASV_993	0.4337349	4.7615063	1.5079365
ASV_1157	12.0000000	 1.0460251	 0.3333333
ASV_858	14.6626506	 0.1715481	 0.0952381
ASV_977	2.253012	3.698745	3.047619
ASV_1026	3.662651	3.393305	2.333333
ASV_1122	3.1807229	4.0251046	0.5396825
ASV_952	0.9759036	4.5941423	1.2222222
ASV_1027	0.6867470	4.9456067	0.1269841
ASV_1240	2.313253	2.359833	7.730159
ASV_1234	1.000000	4.121339	2.714286
ASV_1035	8.4698795	0.9372385	4.8730159
ASV_1226	3.650602	2.870293	3.793651
ASV_1108	13.22891566	 0.51882845	 0.01587302
ASV_953	0.00000000	5.08786611	0.03174603
ASV_1038	2.397590	3.631799	2.269841
ASV_1010	2.084337	3.497908	3.142857
ASV_1171	0.7228916	4.0753138	2.7142857
ASV_1194	1.9759036	4.2008368	0.4761905
ASV_1163	 0.1084337	 0.0041841	18.8253968
ASV_916	9.2289157	0.5188285	4.7777778
ASV_1068	2.939759	3.263598	2.619048
ASV_1047	5.927711	1.418410	5.666667
ASV_931	0.04819277	4.80334728	0.53968254
ASV_1071	2.4698795	3.9414226	0.5079365
ASV_1081	0.01204819	4.76987448	0.09523810
ASV_1233	4.903614	2.615063	1.809524
ASV_1030	12.1204819	 0.3682008	 0.7301587
ASV_1025	3.156627	3.242678	1.619048
ASV_1132	0.746988	2.979079	5.761905
ASV_957	2.108434	3.096234	2.984127
ASV_1097	0.7831325	2.9832636	4.7936508
ASV_1070	1.843373	3.518828	1.317460
ASV_1120	1.807229	1.740586	8.079365
ASV_1099	2.2168675	3.4853556	0.7936508
ASV_1192	0.03614458	4.00000000	1.46031746
ASV_1151	4.457831	2.552301	1.095238
ASV_1089	0.1445783	4.2761506	0.1111111
ASV_1106	 0.6024096	 1.4476987	10.1904762
ASV_1103	0.6265060	3.9414226	0.5555556
ASV_972	0.0000000	4.0711297	0.8095238
ASV_1076	2.9518072	2.9916318	0.6031746
ASV_1087	2.457831	1.489540	6.952381
ASV_1005	0.00000000	4.16317992	0.01587302
ASV_1183	9.1686747	0.6820084	1.1269841
ASV_1152	 0.00000	 0.00000	15.68254
ASV_1063	1.674699	2.569038	3.666667
ASV_1202	2.686747	2.054393	4.047619
ASV_1130	2.518072	1.548117	6.031746
ASV_1034	0.06024096	3.89958159	0.25396825
ASV_1206	9.7349398	0.5230126	0.1587302
ASV_1057	1.879518	2.799163	1.714286
ASV_1207	0.7228916	3.3305439	0.6984127
ASV_1164	1.481928	2.732218	1.793651
ASV_1125	7.5180723	1.0125523	0.3492063
ASV_1040	4.156627	0.167364	7.920635
ASV_1110	1.602410	1.979079	4.047619
ASV_1203	3.156627	2.497908	0.000000
ASV_1058	0.1084337	3.4267782	0.3809524
ASV_1215	 0.00000	 0.00000	13.42857
ASV_1143	2.3493976	2.5481172	0.3968254
ASV_1145	2.084337	1.485356	4.555556
ASV_1053	0.55421687	3.19665272	0.04761905
ASV_1193	3.614458	1.799163	0.984127
ASV_926	 0.0000	 0.0000	12.4127
ASV_1028	3.385542	1.154812	3.555556
ASV_1205	1.686747	1.728033	3.365079
ASV_1166	0.02409639	3.04184100	0.28571429
ASV_1162	0.03614458	3.00418410	0.12698413
ASV_1201	0.9759036	2.4184100	0.5238095
ASV_1236	0.2289157	0.4518828	8.9682540
ASV_1188	3.722892	1.326360	0.984127
ASV_1190	2.6867470	0.3933054	5.6507937
ASV_1220	2.5060241	1.6025105	0.8730159
ASV_1149	0.1325301	2.6359833	0.0000000
ASV_1086	7.3855422	0.1046025	0.0000000
ASV_1167	0.69879518	2.37656904	0.01587302
ASV_1168	1.746988	1.008368	3.761905
ASV_1173	1.1566265	0.1715481	7.3333333
ASV_1239	0.1445783	0.2133891	7.5873016
