OTUID	All	D	H	I
ASV_1	6.47881	3.761186	8.240069	6.242050
ASV_2	5.170525	3.769068	5.533423	6.684536
ASV_3	3.863652	3.216410	4.003093	4.647351
ASV_6	2.034244	1.019441	1.596333	5.232607
ASV_11	1.452942	1.4247195	1.7800551	0.5240188
ASV_9	1.6735	1.189710	2.173477	1.072039
ASV_7	1.508425	1.613094	1.605147	1.023874
ASV_5	1.706172	0.5918733	2.4206877	1.6320375
ASV_4	1.846303	1.119712	2.362824	1.646120
ASV_8	1.242873	0.8585836	1.6253880	0.8090058
ASV_13	1.208848	0.7183911	1.2494584	1.9978644
ASV_14	1.074305	0.6283392	1.3385899	1.1096729
ASV_18	1.10098	1.9529261	0.8149075	0.3770092
ASV_16	1.188766	0.3208651	1.1679377	2.8630689
ASV_15	0.845452	0.4001222	0.8051283	1.7934670
ASV_39	0.848541	1.0869676	0.8710302	0.3382807
ASV_10	0.70707	0.6382078	0.4817745	1.5108456
ASV_26	0.81239	1.5724346	0.5077764	0.3147186
ASV_20	0.943915	0.1343559	1.3625769	1.1913955
ASV_23	0.853734	0.6439080	1.0307025	0.7125045
ASV_28	0.757658	0.12410350	1.39832676	0.01225382
ASV_25	0.943742	0.8565503	0.9694048	1.0286827
ASV_72	0.748735	1.2837600	0.6024543	0.1939622
ASV_71	0.603579	1.69987716	0.10640442	0.05911905
ASV_27	0.607416	0.4993606	0.6338792	0.7286997
ASV_31	0.586553	1.0348789	0.4348086	0.2091785
ASV_107	0.584224	1.72064941	0.04872950	0.08020133
ASV_136	0.565203	0.9024875	0.1036438	1.3234968
ASV_69	0.5247	0.2598612	0.7494396	0.3423254
ASV_105	0.463019	1.0705938	0.0319990	0.6277276
ASV_12	0.676203	0.4669262	0.5135806	1.5527268
ASV_38	0.464381	0.4848487	0.4667351	0.4193093
ASV_29	0.48588	0.8714552	0.2767069	0.3973287
ASV_52	0.496025	0.5484544	0.4220103	0.6207021
ASV_51	0.471712	0.7450075	0.3065989	0.4595017
ASV_30	0.55618	0.3085692	0.4424324	1.3572708
ASV_98	0.457204	0.03674052	0.07133043	2.39568790
ASV_54	0.473685	0.6046695	0.4095282	0.4228954
ASV_109	0.506608	0.11041227	0.90200767	0.05620347
ASV_49	0.465561	0.5062459	0.5016644	0.2816960
ASV_22	0.466445	0.3307914	0.5968850	0.3270556
ASV_33	0.55299	0.09161727	0.79718109	0.67725071
ASV_64	0.486542	0.87853179	0.40260289	0.01037975
ASV_59	0.458475	0.5715286	0.3198163	0.6644965
ASV_21	0.528946	0.2188793	0.8338656	0.1900237
ASV_62	0.429589	0.2626622	0.5467901	0.3879943
ASV_65	0.418336	0.6622673	0.3584406	0.1450049
ASV_34	0.386327	0.4339337	0.4184592	0.2015171
ASV_117	0.373412	0.82670287	0.18764182	0.08889908
ASV_112	0.368893	0.2130184	0.2404663	1.0436524
ASV_37	0.51559	0.2520190	0.5199307	0.9920557
ASV_114	0.331517	0.81704956	0.13603281	0.01626695
ASV_43	0.431497	0.3696045	0.4753296	0.4149413
ASV_36	0.478364	0.2037381	0.6800895	0.3832078
ASV_35	0.395912	0.3121782	0.4608256	0.3566781
ASV_87	0.376584	0.5129632	0.3427580	0.2247848
ASV_67	0.335788	0.44756025	0.08603567	0.87746923
ASV_42	0.448519	0.1641964	0.7070454	0.2009671
ASV_57	0.322098	0.73256771	0.14517177	0.09057572
ASV_81	0.323536	0.1787512	0.2214427	0.8987008
ASV_119	0.300618	0.2898386	0.1930539	0.6433321
ASV_76	0.344791	0.3764296	0.4008742	0.1177814
ASV_174	0.348297	0.8707512	0.1060100	0.1048863
ASV_56	0.364528	0.2826769	0.3767130	0.4799841
ASV_106	0.266698	0.46054665	0.21658643	0.05702541
ASV_104	0.312609	0.4469895	0.2944964	0.1173811
ASV_118	0.312653	0.12602726	0.50774048	0.07397899
ASV_89	0.278576	0.2282976	0.3201588	0.2472012
ASV_75	0.334819	0.2672599	0.3072750	0.5429196
ASV_85	0.262741	0.5530446	0.1369943	0.1008460
ASV_113	0.284637	0.3226079	0.3104116	0.1367980
ASV_199	0.25994	0.3952377	0.1429640	0.3596032
ASV_60	0.256069	0.33216894	0.26140697	0.09872556
ASV_139	0.233641	0.61358365	0.05000528	0.07893796
ASV_97	0.282955	0.2713326	0.3075261	0.2308265
ASV_94	0.262804	0.4190049	0.1818923	0.2154519
ASV_40	0.27076	0.2581724	0.2540843	0.3441615
ASV_24	0.240917	0.0008695818	0.4364807614	0.1000296344
ASV_172	0.201506	0.58824357	0.01945535	0.02943127
ASV_110	0.224695	0.39369828	0.18251929	0.03735882
ASV_99	0.217433	0.1881111	0.1520973	0.4678960
ASV_138	0.29091	0.2763131	0.3463966	0.1515569
ASV_61	0.306092	0.02896687	0.56188863	0.05336091
ASV_88	0.213643	0.1352579	0.2564183	0.2308882
ASV_48	0.239414	0.2882607	0.2480831	0.1226939
ASV_129	0.205251	0.35770147	0.16158718	0.05311846
ASV_154	0.211287	0.42951720	0.11780392	0.08645165
ASV_101	0.321729	0.003513419	0.603639909	0.066968091
ASV_66	0.184643	0.01925156	0.33058921	0.05396107
ASV_182	0.203058	0.22337878	0.09093085	0.50169968
ASV_55	0.231548	0.1223425	0.2747947	0.3046179
ASV_204	0.190809	0.587943018	0.005923951	0.007929008
ASV_46	0.270033	0.1658587	0.3329129	0.2748577
ASV_134	0.213494	0.32705513	0.18734744	0.08103723
ASV_78	0.200018	0.2069890	0.1559819	0.3191794
ASV_17	0.252167	0.1343425	0.2897318	0.3582881
ASV_226	0.177972	0.52365140	0.01786436	0.01631956
ASV_197	0.168557	0.41478381	0.06287758	0.02831691
ASV_247	0.19512	0.17629440	0.25558351	0.04869379
ASV_58	0.249304	0.08650745	0.35919744	0.22195836
ASV_63	0.243789	0.1332236	0.3008452	0.2779588
ASV_881	0.330614	0.2572583	0.2352831	0.7528368
ASV_124	0.169811	0.2102297	0.1409275	0.1814011
ASV_79	0.213571	0.1486112	0.2456283	0.2380361
ASV_103	0.171208	0.1947187	0.1593178	0.1632186
ASV_73	0.239348	0.04758664	0.36630088	0.21461716
ASV_80	0.175695	0.4891526928	0.0400825299	0.0003981603
ASV_32	0.209806	0.1685968	0.2258343	0.2382506
ASV_201	0.190959	0.01502563	0.35943951	0.01225323
ASV_95	0.24472	0.06690206	0.39858178	0.11336863
ASV_334	0.165214	0.46608443	0.01307941	0.06286032
ASV_83	0.249573	0.1036733	0.3265619	0.2895610
ASV_41	0.180299	0.08148255	0.17225149	0.38795888
ASV_90	0.177507	0.07889971	0.23721118	0.18152516
ASV_116	0.244063	0.07903037	0.36383542	0.19123730
ASV_209	0.168683	0.18615831	0.18866273	0.07629116
ASV_126	0.150901	0.2423832	0.1058938	0.1160247
ASV_264	0.14648	0.43661264	0.01102881	0.01401467
ASV_74	0.192095	0.09071901	0.25365054	0.19569893
ASV_200	0.194762	0.1374376	0.2326837	0.1874559
ASV_189	0.156021	0.1566076	0.1596090	0.1441675
ASV_91	0.160348	0.2606880	0.1471175	0.0136917
ASV_206	0.147789	0.03024355	0.24978869	0.06008794
ASV_193	0.143797	0.39862483	0.02780568	0.01852094
ASV_239	0.12675	0.388511646	0.001550758	0.016218162
ASV_322	0.136276	4.296958e-01	5.966402e-05	0.000000e+00
ASV_152	0.167691	0.2214053	0.1484621	0.1256232
ASV_211	0.141486	0.30133493	0.04470863	0.13495516
ASV_207	0.143536	0.10747780	0.06396683	0.44920821
ASV_158	0.139724	0.31624051	0.07126051	0.01729568
ASV_162	0.125168	0.02423955	0.20594875	0.07026298
ASV_84	0.212027	0.1026822	0.2221847	0.3846250
ASV_44	0.160747	0.05436172	0.17316566	0.32106552
ASV_151	0.17751	0.05995578	0.28744177	0.06603129
ASV_86	0.138865	0.08798460	0.09763239	0.35705313
ASV_77	0.173715	0.09971012	0.23606816	0.12409570
ASV_120	0.129157	0.23067765	0.05446124	0.16470831
ASV_426	0.1246	0.30791126	0.04696682	0.01706580
ASV_169	0.168138	0.02404715	0.05527614	0.77432245
ASV_202	0.127959	0.05163560	0.09178225	0.37823287
ASV_159	0.125565	0.08889042	0.14128110	0.14652411
ASV_143	0.170338	0.05918285	0.20955692	0.25911282
ASV_208	0.12515	0.17503138	0.11822060	0.05330251
ASV_185	0.125655	0.20819431	0.10957778	0.02059813
ASV_137	0.110261	0.14407937	0.10566143	0.06125323
ASV_456	0.113172	0.334386891	0.010845861	0.009322385
ASV_225	0.106582	0.07411687	0.15462917	0.02273432
ASV_123	0.128175	0.28373512	0.04806232	0.07961411
ASV_229	0.113075	0.31799322	0.01804246	0.01761097
ASV_148	0.113718	0.0101756	0.1077429	0.3239355
ASV_188	0.124406	0.1284932	0.1093383	0.1620214
ASV_203	0.105728	0.22970557	0.03128056	0.09882345
ASV_141	0.127302	0.08588436	0.17043815	0.07481449
ASV_341	0.115513	0.08695079	0.14118889	0.09152814
ASV_210	0.106161	0.10096938	0.12806166	0.05009984
ASV_153	0.121471	0.18235780	0.11449520	0.02932301
ASV_282	0.111066	0.17446739	0.08244792	0.07917483
ASV_179	0.118236	0.19434755	0.07713369	0.10019124
ASV_278	0.10205	0.27004587	0.01708019	0.04496549
ASV_301	0.125442	0.01438146	0.09606645	0.41982676
ASV_50	0.113705	0.06769776	0.11951421	0.18172085
ASV_93	0.157843	0.05707162	0.22606692	0.14031835
ASV_295	0.088812	0.268005999	0.005105732	0.007139862
ASV_187	0.106023	0.15543749	0.08039662	0.09113347
ASV_368	0.09498	0.18024548	0.04970369	0.07245770
ASV_294	0.102949	0.07774322	0.14425049	0.02585406
ASV_122	0.100498	0.04169034	0.10054304	0.20957940
ASV_266	0.081432	0.22331768	0.00229260	0.05535024
ASV_100	0.099425	0.10697998	0.10362700	0.07278768
ASV_303	0.088179	0.22619653	0.02155709	0.03172819
ASV_130	0.11851	0.06413104	0.14514805	0.13958306
ASV_127	0.100204	0.09603007	0.12367411	0.03754641
ASV_147	0.130603	0.06064089	0.17493827	0.12752797
ASV_149	0.118159	0.07545165	0.15370186	0.09084661
ASV_355	0.098231	0.004762931	0.187960174	0.002629904
ASV_262	0.101691	0.08900339	0.13783026	0.01683742
ASV_178	0.1293	0.10361853	0.16538163	0.06874922
ASV_312	0.079395	0.192321362	0.034015171	0.005812993
ASV_363	0.082485	0.193592798	0.038709544	0.007471199
ASV_157	0.089543	0.17282785	0.05393614	0.04169000
ASV_150	0.08535	0.01779253	0.05575862	0.29959025
ASV_212	0.080281	0.02935873	0.05662848	0.24580817
ASV_255	0.095222	0.02235047	0.16692801	0.01543435
ASV_164	0.138529	0.04274187	0.21847412	0.07658192
ASV_214	0.087316	0.12669499	0.08177478	0.03080579
ASV_442	0.078065	0.2459776781	0.0001416848	0.0000000000
ASV_460	0.080366	0.224454253	0.009911808	0.024134403
ASV_283	0.097129	0.12394608	0.04651745	0.19916287
ASV_481	0.079026	0.16538569	0.01674252	0.10549649
ASV_228	0.09672	0.04810782	0.15393069	0.01536977
ASV_870	0.122909	0.08546394	0.14161128	0.13634399
ASV_183	0.130097	0.07099985	0.14151089	0.20560899
ASV_793	0.078971	0.15808785	0.05011090	0.01861837
ASV_198	0.093303	0.10967406	0.09413191	0.06041055
ASV_167	0.111937	0.01522906	0.15919483	0.14976283
ASV_233	0.078799	0.203529444	0.026957889	0.002682403
ASV_354	0.060422	0.180296008	0.001048417	0.015920971
ASV_47	0.093617	0.03397014	0.07718675	0.25368238
ASV_496	0.078576	0.126751627	0.073024163	0.005762548
ASV_176	0.075221	0.16640040	0.02964427	0.04261792
ASV_343	0.081103	0.06158762	0.10221841	0.05400113
ASV_319	0.066873	0.10203794	0.04589342	0.06450671
ASV_232	0.072393	0.14213594	0.02617838	0.08151215
ASV_221	0.077609	0.11050202	0.06014734	0.06890611
ASV_289	0.070859	0.11926612	0.06092023	0.01077390
ASV_311	0.090617	0.05940264	0.08631409	0.16149657
ASV_253	0.105807	0.0001976035	0.1934249553	0.0390842338
ASV_409	0.074242	0.11025245	0.05938757	0.05192749
ASV_407	0.076794	0.07476388	0.09665437	0.02098186
ASV_166	0.128788	0.08457118	0.11211958	0.26090968
ASV_320	0.066113	0.19265510	0.00519206	0.01386982
ASV_220	0.089642	0.06621480	0.09810037	0.10777402
ASV_734	0.07287	0.150938738	0.047093361	0.005215211
ASV_128	0.120743	0.0004017332	0.0160094654	0.6584321536
ASV_361	0.070159	0.04538035	0.08616428	0.06816312
ASV_246	0.064506	0.05053027	0.07445993	0.06060034
ASV_217	0.066808	0.09535180	0.06241678	0.02697135
ASV_395	0.069022	0.205069225	0.006147134	0.004988497
ASV_567	0.057403	0.01835637	0.09366120	0.02114201
ASV_132	0.09658	0.04423451	0.15319463	0.02394993
ASV_82	0.083506	0.01589841	0.09147843	0.18514782
ASV_186	0.067079	0.10329591	0.05213621	0.04464658
ASV_131	0.121768	0.01919694	0.19813372	0.08316134
ASV_650	0.068452	0.000000000	0.133009049	0.001905202
ASV_163	0.071525	0.02606622	0.09799725	0.07653352
ASV_70	0.082796	0.08678774	0.09744302	0.03144416
ASV_215	0.070197	0.13831907	0.04632571	0.01530070
ASV_336	0.053419	0.0007349405	0.0981835674	0.0169670786
ASV_630	0.062808	0.11303503	0.04666665	0.01795132
ASV_241	0.066362	0.04905860	0.05454532	0.13394970
ASV_111	0.074518	0.03879522	0.08061720	0.12256111
ASV_53	0.077408	0.05283312	0.08289278	0.10659155
ASV_349	0.05349	0.150153682	0.009017214	0.007390048
ASV_168	0.064417	0.09956782	0.04650099	0.05288531
ASV_144	0.085905	0.02614507	0.12256461	0.08690725
ASV_491	0.081233	0.02583889	0.12630091	0.04890416
ASV_405	0.070588	0.011461394	0.128075344	0.007931217
ASV_499	0.053475	0.00224309	0.09954238	0.01041566
ASV_379	0.051272	0.151380410	0.003844060	0.007639582
ASV_406	0.061565	0.17227213	0.00951436	0.01211521
ASV_297	0.064676	0.10426496	0.03486437	0.08058684
ASV_250	0.060059	0.09982701	0.04926798	0.01857819
ASV_371	0.054491	0.14210305	0.01420017	0.01265698
ASV_281	0.071703	0.01564022	0.12670111	0.01082476
ASV_235	0.079606	0.04995017	0.07373297	0.15229859
ASV_351	0.052633	0.14654764	0.00726800	0.01431669
ASV_156	0.09454	0.02853678	0.14429396	0.06785512
ASV_249	0.066556	0.09126564	0.05914714	0.04289310
ASV_160	0.066952	0.03097085	0.08569177	0.07755721
ASV_472	0.056373	0.158150719	0.010865476	0.003878006
ASV_412	0.049961	0.02894835	0.07533767	0.01285388
ASV_786	0.074652	0.06352873	0.08053670	0.07765588
ASV_403	0.060362	0.10645154	0.03810332	0.04154190
ASV_330	0.062685	0.028519593	0.103135729	0.004781361
ASV_309	0.055439	0.12695069	0.02155404	0.02428617
ASV_258	0.090926	0.01198923	0.16338348	0.02014844
ASV_754	0.057038	0.14644129	0.01079669	0.02972440
ASV_393	0.101622	0.01255330	0.18344716	0.02155761
ASV_904	0.06543	0.11994401	0.02826048	0.07569585
ASV_257	0.064853	0.05179309	0.07270065	0.06556441
ASV_267	0.080411	0.12190731	0.06148022	0.06014127
ASV_184	0.068022	0.04488115	0.08407722	0.06283209
ASV_483	0.055328	0.05560052	0.05093335	0.06800823
ASV_394	0.046333	0.121797726	0.013441618	0.004857723
ASV_276	0.053631	0.11205103	0.02753370	0.02342972
ASV_302	0.067156	0.139735092	0.044018471	0.001781445
ASV_205	0.065414	0.01817119	0.08631379	0.09045137
ASV_140	0.078785	0.02542869	0.10624423	0.09550000
ASV_135	0.069834	0.05671824	0.08054848	0.06204779
ASV_181	0.0604	0.06788906	0.04663270	0.08779654
ASV_125	0.046506	0.01677362	0.06960121	0.03244036
ASV_331	0.056009	0.064670254	0.066007734	0.009926924
ASV_662	0.055533	0.08512653	0.04749675	0.02468014
ASV_165	0.06758	0.02223635	0.09930094	0.05662788
ASV_345	0.057585	0.001725492	0.102677604	0.026046584
ASV_422	0.050441	0.120483462	0.023220345	0.002025991
ASV_196	0.05933	0.01419674	0.10134965	0.01709265
ASV_133	0.0646	0.05699249	0.07644792	0.04318443
ASV_1119	0.048856	0.04907153	0.05851767	0.01946794
ASV_326	0.052859	0.08713202	0.03244150	0.05046321
ASV_434	0.040108	0.1215724709	0.0029276411	0.0003598071
ASV_342	0.052206	0.12177804	0.02275364	0.01135540
ASV_595	0.045728	0.135919434	0.004238572	0.002697437
ASV_444	0.045058	0.112476333	0.017506483	0.002505377
ASV_516	0.049977	0.146247348	0.006630287	0.001227122
ASV_507	0.058816	0.04137299	0.06197419	0.08173354
ASV_358	0.048522	0.07081113	0.04027790	0.03186191
ASV_417	0.081186	8.220561e-05	1.545324e-01	1.177006e-02
ASV_145	0.049532	0.01072426	0.07766483	0.03720459
ASV_435	0.039904	1.255106e-01	5.049633e-05	4.795473e-04
ASV_286	0.048489	0.07347844	0.03486933	0.04294127
ASV_694	0.045203	0.1405026089	0.0011793640	0.0002877284
ASV_529	0.043559	0.04590955	0.02853425	0.08426575
ASV_347	0.047982	0.06566586	0.04709523	0.01780196
ASV_587	0.047894	0.070136576	0.048148977	0.005822478
ASV_108	0.069622	0.03543198	0.07991444	0.10224097
ASV_1237	0.047565	0.139443805	0.005261310	0.003842695
ASV_519	0.049661	0.096593102	0.034823324	0.007015295
ASV_265	0.08342	0.05368979	0.10536856	0.07278975
ASV_96	0.058287	0.02305342	0.08039898	0.05738589
ASV_684	0.04722	0.135920259	0.006155160	0.005684921
ASV_376	0.043597	0.002105958	0.078946164	0.014604226
ASV_515	0.034755	5.371873e-05	0.000000e+00	2.034625e-01
ASV_316	0.054964	0.04708893	0.04444154	0.10115751
ASV_121	0.063805	0.02993165	0.07825240	0.08337102
ASV_115	0.071002	0.04662300	0.08679041	0.06891109
ASV_534	0.038364	0.111258709	0.004253086	0.005320733
ASV_146	0.063921	0.04674963	0.07692534	0.05679813
ASV_501	0.042621	0.001626028	0.080686896	0.004559406
ASV_268	0.049024	0.008985229	0.086189861	0.011881627
ASV_467	0.048357	0.030617285	0.073040026	0.007252343
ASV_244	0.055627	0.04402597	0.07028636	0.03319201
ASV_284	0.062716	0.02829424	0.06274590	0.12655497
ASV_142	0.048101	0.02053501	0.05383958	0.08208005
ASV_533	0.040867	0.116037898	0.006145326	0.005428993
ASV_830	0.042141	0.125345468	0.003013703	0.005001209
ASV_222	0.04517	0.06810631	0.03777332	0.02476484
ASV_800	0.042173	0.1316371072	0.0008482067	0.0000000000
ASV_180	0.063754	0.01451475	0.09076441	0.07416781
ASV_528	0.045506	0.09367491	0.02136252	0.02848251
ASV_1126	0.039849	0.111485215	0.006213744	0.007713739
ASV_462	0.046314	0.08179608	0.03170299	0.02425194
ASV_237	0.056349	0.02009365	0.09102528	0.01965185
ASV_195	0.057789	0.03249674	0.07579032	0.05075367
ASV_177	0.051795	0.02938954	0.07387882	0.02715164
ASV_375	0.048571	0.03013008	0.06190199	0.04282392
ASV_398	0.038648	0.075703214	0.026983637	0.004822411
ASV_437	0.039299	0.094608285	0.015150657	0.009027259
ASV_495	0.039916	0.09333344	0.01375983	0.01917978
ASV_259	0.054647	0.03762527	0.06684428	0.04966891
ASV_251	0.042474	0.03506113	0.05168022	0.02862263
ASV_383	0.039683	0.002902778	0.006466413	0.207637337
ASV_194	0.044415	0.05270957	0.04689527	0.02156859
ASV_382	0.037549	0.075818771	0.006132833	0.060724572
ASV_608	0.039903	0.121203312	0.002384661	0.001474009
ASV_470	0.042989	0.03184374	0.05997169	0.01273741
ASV_269	0.045948	0.03975261	0.05040731	0.04407336
ASV_750	0.036298	0.008599744	0.065105661	0.001316387
ASV_317	0.035076	0.01026608	0.05242441	0.02910857
ASV_644	0.036957	0.098673632	0.008618875	0.007354999
ASV_171	0.039784	0.08179430	0.02341386	0.01087570
ASV_486	0.040138	0.05502186	0.04174966	0.00766060
ASV_468	0.031476	0.087825405	0.003142992	0.011827789
ASV_635	0.037984	0.098519595	0.010794768	0.007129403
ASV_218	0.051509	0.03325583	0.06612866	0.04155075
ASV_557	0.038389	0.086321509	0.019259952	0.006758391
ASV_273	0.03605	0.07112889	0.02172318	0.01388241
ASV_474	0.038256	0.057198053	0.036817650	0.007392299
ASV_547	0.032549	0.1026555	0.0000000	0.0000000
ASV_175	0.048923	0.02137920	0.07172613	0.03166774
ASV_161	0.051232	0.004725365	0.052433837	0.133995716
ASV_769	0.056845	0.008969501	0.035039868	0.211169847
ASV_570	0.036899	0.07811942	0.01952698	0.01246168
ASV_310	0.035992	0.076418838	0.009250459	0.041140949
ASV_350	0.036045	0.081598911	0.017465790	0.007184486
ASV_300	0.034428	0.005365738	0.060195643	0.011096746
ASV_328	0.034775	0.002331300	0.064461308	0.005965813
ASV_327	0.034135	0.084795802	0.012253644	0.005696662
ASV_674	0.033608	0.004994411	0.061770964	0.002259004
ASV_275	0.042681	0.02794082	0.05653122	0.02850635
ASV_92	0.037299	0.003544926	0.061670834	0.026869775
ASV_388	0.037766	0.02507814	0.04535010	0.03857735
ASV_245	0.056277	0.02709271	0.07063666	0.06739746
ASV_230	0.045045	0.01319075	0.06672166	0.03917090
ASV_475	0.037062	0.002432937	0.070197695	0.001964939
ASV_589	0.032375	0.005263027	0.055297505	0.013958321
ASV_173	0.045949	0.01342287	0.06734635	0.04216071
ASV_729	0.031792	0.02498806	0.04292475	0.01102814
ASV_1208	0.031941	0.081818476	0.010596748	0.003343935
ASV_339	0.038371	0.03518316	0.04228013	0.03256375
ASV_577	0.04496	0.02490850	0.04446490	0.08368478
ASV_522	0.039046	0.07200482	0.02599048	0.01700182
ASV_524	0.04829	0.02398445	0.04554513	0.10166162
ASV_490	0.032068	0.002227326	0.056608904	0.013862213
ASV_817	0.03006	9.433404e-02	2.636750e-04	8.525425e-05
ASV_323	0.051271	0.03016757	0.06465908	0.05030071
ASV_583	0.034514	0.03225489	0.03520746	0.03662949
ASV_285	0.040303	0.03730173	0.04514832	0.03134127
ASV_352	0.039301	0.03628279	0.04874564	0.01656962
ASV_450	0.037873	0.03973949	0.04036169	0.02693953
ASV_930	0.031887	0.075028061	0.013798561	0.006031978
ASV_419	0.033767	0.08066574	0.01224091	0.01124558
ASV_365	0.033585	0.03831160	0.03779127	0.01218748
ASV_280	0.046726	0.03630946	0.05755973	0.03357238
ASV_569	0.026867	0.0832326712	0.0003828441	0.0016429840
ASV_521	0.029271	0.067106709	0.006244251	0.028087811
ASV_945	0.031457	0.02277085	0.02485058	0.06740878
ASV_512	0.029821	0.071441891	0.011413224	0.007745884
ASV_219	0.038625	0.01604178	0.04838096	0.05129519
ASV_488	0.043632	0.01593834	0.05037068	0.07484867
ASV_613	0.030375	0.0909105024	0.0028808073	0.0004347536
ASV_648	0.027636	0.083723253	0.001524423	0.001810381
ASV_256	0.040267	0.04594654	0.03768279	0.03747438
ASV_279	0.028888	0.026682506	0.038184279	0.005095117
ASV_594	0.030539	0.034395390	0.035822583	0.007526325
ASV_711	0.031737	0.085836972	0.006633060	0.006575048
ASV_392	0.030734	0.06370100	0.01403337	0.01961176
ASV_252	0.04345	0.01391228	0.06034268	0.04762499
ASV_610	0.031355	0.09041995	0.00430784	0.00280256
ASV_506	0.028995	0.07307244	0.00453911	0.02050374
ASV_701	0.024585	0.072477491	0.001243666	0.005667484
ASV_402	0.030746	0.007684472	0.021030303	0.102720676
ASV_576	0.037164	0.003974426	0.047979084	0.066354286
ASV_335	0.02813	0.03880219	0.02486259	0.01811304
ASV_1153	0.038225	0.03244534	0.03484100	0.05910781
ASV_616	0.030785	0.081057251	0.006988522	0.008810861
ASV_720	0.030112	0.089349603	0.002160010	0.003956822
ASV_615	0.031675	0.01752709	0.04734937	0.01092498
ASV_523	0.030541	0.087290512	0.003842581	0.005242640
ASV_242	0.040367	0.02833866	0.05000134	0.03380040
ASV_418	0.030118	0.02747087	0.03290540	0.02667303
ASV_348	0.029328	0.069656634	0.009461939	0.014032079
ASV_860	0.026584	0.037998411	0.025644721	0.008206018
ASV_708	0.027714	0.080544498	0.003677015	0.001713446
ASV_453	0.038149	0.02007101	0.05552601	0.01959258
ASV_466	0.029018	0.078118185	0.007410245	0.002655155
ASV_976	0.029373	0.06521034	0.01328003	0.01109589
ASV_520	0.030001	0.006023222	0.018576644	0.108803175
ASV_685	0.03225	0.03309915	0.03317494	0.02789648
ASV_304	0.045862	0.03250322	0.06591410	0.01051302
ASV_387	0.030825	0.02834989	0.02990279	0.03818970
ASV_288	0.044221	0.00934604	0.02418507	0.16909701
ASV_730	0.027444	0.003007889	0.047093601	0.013875994
ASV_809	0.026937	0.009823805	0.045697947	0.002433418
ASV_680	0.024451	0.071062798	0.002936369	0.002431729
ASV_238	0.036426	0.03560201	0.02671383	0.06709342
ASV_192	0.033554	0.03478164	0.02843450	0.04663516
ASV_693	0.024887	0.04948860	0.01684588	0.00332011
ASV_1216	0.027462	0.074055067	0.006420512	0.004056412
ASV_840	0.028078	0.068711854	0.010683493	0.004799265
ASV_400	0.029777	0.073880089	0.008543852	0.011569265
ASV_385	0.031358	0.04094088	0.02898425	0.02068037
ASV_761	0.027618	0.05644314	0.01279240	0.01856466
ASV_545	0.025612	0.01203583	0.03501759	0.02261088
ASV_568	0.045285	0.007104181	0.081951844	0.006192138
ASV_299	0.037728	0.02872444	0.03624694	0.05889263
ASV_292	0.03379	0.01364592	0.05316862	0.01306543
ASV_721	0.026833	0.040257146	0.024636397	0.008494542
ASV_531	0.02691	0.002553588	0.010728872	0.120687308
ASV_996	0.026298	0.071946922	0.005096462	0.005126157
ASV_604	0.02654	0.05750791	0.01046840	0.01724292
ASV_852	0.026087	0.075434807	0.003392258	0.002526267
ASV_340	0.029392	0.02440663	0.03807263	0.01260619
ASV_423	0.029927	0.01225428	0.04577908	0.01519405
ASV_842	0.024651	0.068527384	0.002504732	0.009604075
ASV_439	0.028246	0.03316199	0.02028561	0.04300001
ASV_254	0.03298	0.04630166	0.03572684	0.00000000
ASV_231	0.029953	0.063157967	0.017906452	0.004428705
ASV_438	0.036892	0.01404661	0.04996202	0.04010730
ASV_504	0.034077	0.03395750	0.04187569	0.01090085
ASV_897	0.025865	0.066284963	0.006836696	0.007881960
ASV_305	0.031247	0.02973330	0.03570926	0.02066861
ASV_556	0.030158	0.01777795	0.04177947	0.01828543
ASV_333	0.02441	0.01404670	0.03294833	0.01804115
ASV_813	0.023899	0.0700382269	0.0005448078	0.0082759895
ASV_478	0.024091	0.053308328	0.012023330	0.006032705
ASV_1013	0.024525	0.061568237	0.009329879	0.001317646
ASV_1044	0.024926	0.01834514	0.02438309	0.03877849
ASV_753	0.021706	0.052796974	0.007853936	0.005521821
ASV_315	0.028444	0.071380855	0.009341814	0.006007833
ASV_550	0.031573	0.04795177	0.03195738	0.00000000
ASV_223	0.03314	0.01790206	0.04790713	0.01713687
ASV_449	0.025902	0.051501937	0.015437515	0.009751837
ASV_772	0.02438	0.065144024	0.006514984	0.002270918
ASV_636	0.023196	0.064059915	0.004633828	0.002993698
ASV_447	0.022914	0.011646120	0.035336426	0.006571055
ASV_482	0.026373	0.02833957	0.02739418	0.01965833
ASV_1140	0.023285	0.0713088774	0.0006399684	0.0020340743
ASV_1165	0.023402	0.058758538	0.008571337	0.002232819
ASV_1000	0.025861	0.007348074	0.034193233	0.035245309
ASV_891	0.040579	0.02803352	0.04709222	0.04433776
ASV_835	0.024066	0.070267838	0.002406868	0.003241631
ASV_243	0.032658	0.03163572	0.04051361	0.01098967
ASV_1100	0.023082	0.0685605002	0.0023341052	0.0008677597
ASV_1084	0.021015	0.01515810	0.02194263	0.02911148
ASV_494	0.022685	0.03694156	0.01693516	0.01345623
ASV_801	0.023495	0.040041604	0.018411687	0.008014221
ASV_344	0.020569	0.009147052	0.030169736	0.012977866
ASV_457	0.023505	0.03846886	0.01436329	0.02313896
ASV_291	0.025491	0.03591224	0.01556654	0.03591340
ASV_929	0.020446	0.059563835	0.002201937	0.002532393
ASV_532	0.022871	0.028735713	0.024280283	0.007749153
ASV_396	0.022368	0.043823939	0.009732139	0.020426680
ASV_329	0.021178	0.031451123	0.018912955	0.008892108
ASV_346	0.033082	0.01637236	0.04878836	0.01699402
ASV_624	0.022222	0.01925785	0.01446957	0.05098251
ASV_433	0.025021	0.009973718	0.025217428	0.052376021
ASV_448	0.028734	0.0399817678	0.0312764735	0.0002163447
ASV_1121	0.029383	0.001341343	0.005704671	0.152493401
ASV_314	0.034341	0.03525671	0.03050358	0.04415431
ASV_431	0.034218	0.02441818	0.01227325	0.11825225
ASV_831	0.020365	0.049790983	0.003380698	0.016667971
ASV_1079	0.021674	0.02628609	0.01802665	0.02405183
ASV_663	0.022143	0.046988736	0.012411993	0.005193651
ASV_1112	0.021327	0.063230051	0.001781055	0.002147619
ASV_578	0.022247	0.061899926	0.002752189	0.007088686
ASV_935	0.022605	0.031100068	0.005637253	0.057733243
ASV_779	0.020289	0.01218215	0.02779394	0.01282765
ASV_756	0.022069	0.055492812	0.007485915	0.003743909
ASV_1045	0.019144	0.013548374	0.006595558	0.067183407
ASV_886	0.019456	0.021148198	0.005276028	0.058850921
ASV_785	0.020011	0.056991577	0.003312197	0.001430933
ASV_571	0.018793	0.048208478	0.005858726	0.002969412
ASV_903	0.02387	0.023022942	0.031869775	0.001441902
ASV_943	0.018806	0.054892673	0.001994269	0.002220208
ASV_794	0.021249	0.062563922	0.002159857	0.001787715
ASV_941	0.019938	0.0008461593	0.0383465033	0.0001679882
ASV_489	0.025	0.02529301	0.01991200	0.03972039
ASV_861	0.021622	0.063099693	0.002640824	0.001534433
ASV_979	0.020606	0.043098391	0.011077558	0.007417208
ASV_432	0.020432	0.03660583	0.01254048	0.01407122
ASV_535	0.023639	0.04107217	0.01593652	0.01437292
ASV_425	0.021757	0.054760810	0.003342743	0.015707258
ASV_503	0.021911	0.044235038	0.014625955	0.002305831
ASV_755	0.020572	0.023455760	0.022954070	0.008070531
ASV_1199	0.03033	0.02112293	0.03242087	0.04115604
ASV_1036	0.020466	0.003555666	0.037012931	0.002228097
ASV_739	0.020017	0.02387638	0.01130334	0.03899290
ASV_932	0.022624	9.207934e-05	4.411445e-02	0.000000e+00
ASV_645	0.02972	0.004718246	0.052414165	0.008068589
ASV_868	0.021579	0.039512592	0.006716411	0.032861052
ASV_356	0.022175	0.03896504	0.01392252	0.01574885
ASV_590	0.019265	0.018096324	0.024389899	0.006063132
ASV_807	0.019129	0.029412750	0.017204765	0.005802419
ASV_325	0.024094	0.01777435	0.02212221	0.04174422
ASV_1134	0.018355	0.0509903047	0.0039828906	0.0008649912
ASV_732	0.025133	0.0432307632	0.0221797032	0.0003821447
ASV_626	0.019836	0.043215140	0.009288868	0.008057970
ASV_410	0.024825	0.02033120	0.02574789	0.03040095
ASV_441	0.02743	0.064859932	0.010673760	0.008188194
ASV_546	0.021768	0.03679934	0.01552557	0.01257883
ASV_324	0.023602	0.02453275	0.02404389	0.02054895
ASV_1219	0.019545	0.01267921	0.01435296	0.04787189
ASV_374	0.028219	0.01563854	0.03650013	0.02674033
ASV_390	0.020106	0.051687481	0.005417282	0.005518850
ASV_236	0.023346	0.011828987	0.036296764	0.005880994
ASV_277	0.027734	0.01268805	0.03713633	0.02747059
ASV_854	0.017546	0.001193156	0.004837114	0.086041609
ASV_585	0.019224	0.054700678	0.003040529	0.001887398
ASV_357	0.020082	0.04148678	0.00903512	0.01347199
ASV_690	0.018834	0.037707526	0.012911605	0.001550856
ASV_1182	0.019697	0.044327342	0.003570795	0.022330964
ASV_502	0.020013	0.004498755	0.030353670	0.017800971
ASV_190	0.021412	0.005573027	0.009611129	0.086228508
ASV_421	0.02645	0.03526783	0.02149660	0.02493532
ASV_359	0.019303	0.02480991	0.01792503	0.01320880
ASV_389	0.019765	0.004927143	0.023212479	0.036980454
ASV_307	0.018141	0.021566590	0.003903737	0.054490228
ASV_907	0.016324	0.001056276	0.030431036	0.002354603
ASV_377	0.018894	0.036820044	0.011974088	0.006359746
ASV_851	0.017812	0.009352873	0.020324814	0.025980495
ASV_723	0.018582	0.032874606	0.013775696	0.006458961
ASV_668	0.018	0.036468816	0.004899436	0.023003453
ASV_1133	0.018934	0.040062630	0.009762734	0.007210794
ASV_1091	0.019049	0.053408517	0.001323032	0.008416263
ASV_1141	0.018631	0.053465548	0.002035028	0.003727814
ASV_894	0.017547	0.041969917	0.006803659	0.004422765
ASV_1072	0.032243	0.02467322	0.03484660	0.03848786
ASV_1023	0.018709	0.040938678	0.008960906	0.006667311
ASV_1118	0.021027	0.008671909	0.033086218	0.007793152
ASV_950	0.018906	0.006270805	0.031700719	0.003987482
ASV_1090	0.018004	0.042980324	0.007098504	0.004336635
ASV_655	0.021333	0.010762508	0.032071285	0.008749279
ASV_234	0.023271	0.01627583	0.01866490	0.05007853
ASV_858	0.014797	0.0461601978	0.0002151431	0.0002990786
ASV_498	0.01992	0.025959050	0.019922939	0.008697758
ASV_974	0.018029	0.005349111	0.029931112	0.005868186
ASV_743	0.020397	0.01027191	0.02602668	0.02231033
ASV_951	0.017043	0.042746375	0.004229277	0.007747569
ASV_497	0.017952	0.02071541	0.01883094	0.01018309
ASV_601	0.019164	0.03707182	0.01100394	0.01038966
ASV_458	0.021183	0.02292182	0.02306926	0.01229325
ASV_715	0.020184	0.02857233	0.01830353	0.01024871
ASV_1030	0.018523	0.0558811311	0.0009358983	0.0019075592
ASV_313	0.017636	0.01153918	0.02142152	0.01760255
ASV_933	0.016453	0.007585769	0.002557993	0.074605757
ASV_773	0.014095	0.0435173099	0.0003422395	0.0007116243
ASV_1092	0.015037	0.006573430	0.003743403	0.064634165
ASV_688	0.016104	0.039142882	0.005731757	0.004432181
ASV_1147	0.025187	0.0077566832	0.0442885350	0.0002557628
ASV_936	0.014355	0.002246648	0.026174032	0.001387415
ASV_542	0.0184	0.035219422	0.008850466	0.015813414
ASV_1082	0.020303	0.002594857	0.019371531	0.055983833
ASV_937	0.016367	0.022239958	0.015073156	0.009341501
ASV_764	0.019005	0.03744982	0.01206601	0.00556853
ASV_436	0.026309	0.005654086	0.026278943	0.064760729
ASV_306	0.017512	0.02373468	0.01292215	0.01972321
ASV_527	0.018353	0.011596379	0.026589082	0.006190046
ASV_991	0.016683	0.01423652	0.01846789	0.01587205
ASV_698	0.0256	0.008929913	0.028917732	0.046607414
ASV_381	0.023471	0.02162648	0.01753075	0.04471933
ASV_1238	0.016377	0.036649264	0.007587484	0.005099652
ASV_603	0.019175	0.0335332606	0.0164594582	0.0006554523
ASV_338	0.02414	0.01658340	0.02090478	0.04787889
ASV_832	0.016191	0.036659999	0.005854772	0.009186020
ASV_818	0.015974	0.038170340	0.002570702	0.014964300
ASV_661	0.017945	0.002019335	0.033784775	0.000000000
ASV_982	0.016778	0.004556771	0.028677266	0.003774850
ASV_536	0.016329	0.005648825	0.024723391	0.010978873
ASV_853	0.013843	9.222506e-05	2.634455e-02	1.873360e-03
ASV_919	0.015822	0.046650266	0.001581655	0.001291504
ASV_440	0.016207	0.002259004	0.005961607	0.072848641
ASV_736	0.01446	0.005092208	0.023437149	0.004926451
ASV_783	0.01582	0.022130708	0.007446072	0.029221271
ASV_455	0.016065	0.01695781	0.01676789	0.01229891
ASV_353	0.016566	0.028303811	0.011683292	0.009415935
ASV_414	0.018119	0.011373824	0.025613538	0.008160815
ASV_744	0.021381	0.018222028	0.027900252	0.007687039
ASV_906	0.015029	0.005102293	0.025837278	0.001038521
ASV_724	0.014469	0.030572892	0.007925267	0.004193511
ASV_686	0.017772	0.001662836	0.033313939	0.001063058
ASV_759	0.015936	0.011778500	0.022344817	0.004431398
ASV_1085	0.015101	0.017648538	0.016137492	0.007259288
ASV_584	0.01668	0.01972422	0.01682165	0.01060284
ASV_965	0.016171	0.003490249	0.027631403	0.005337175
ASV_671	0.0139	0.035890843	0.003324744	0.004784877
ASV_451	0.020023	0.00890572	0.01644497	0.05140424
ASV_1189	0.015523	0.002667707	0.026308714	0.007040832
ASV_1007	0.015207	0.044011885	0.001451916	0.002974990
ASV_751	0.015482	0.02457080	0.01111632	0.01170070
ASV_1213	0.01359	0.005523842	0.020351600	0.008282942
ASV_631	0.019282	0.001847315	0.030032135	0.019412717
ASV_1043	0.01484	0.042538698	0.001888665	0.002252607
ASV_384	0.019061	0.016815347	0.023956689	0.008544501
ASV_871	0.015977	0.003994693	0.027134529	0.004755382
ASV_485	0.014852	0.024706225	0.011803031	0.005700156
ASV_717	0.014336	0.015242347	0.016250553	0.006908993
ASV_802	0.014071	0.039861743	0.002398645	0.001188255
ASV_942	0.013905	0.038314945	0.002511022	0.002751708
ASV_1230	0.02302	0.003742370	0.008413665	0.102641753
ASV_1150	0.015507	0.013630468	0.020062439	0.005326219
ASV_1003	0.013858	0.039327987	0.001573819	0.003407815
ASV_664	0.021259	0.006395078	0.034685202	0.008587380
ASV_1138	0.013551	0.028707064	0.007757807	0.002786192
ASV_1225	0.013721	0.022020581	0.012216989	0.002816775
ASV_735	0.015932	0.0008289613	0.0299810784	0.0018352665
ASV_738	0.015139	0.036166760	0.006726562	0.001323408
ASV_954	0.014903	0.023113289	0.012331506	0.007367343
ASV_652	0.01416	0.023682981	0.011197304	0.005362859
ASV_820	0.020597	0.000404564	0.033855269	0.018324865
ASV_537	0.01329	0.01190684	0.01508654	0.01046943
ASV_885	0.018571	0.01432319	0.02302626	0.01309235
ASV_1122	0.016115	0.001106701	0.030776630	0.000000000
ASV_874	0.014334	0.007868939	0.016442820	0.020014581
ASV_709	0.015522	0.021834985	0.014790119	0.005996285
ASV_399	0.016167	0.015505405	0.019966033	0.005998633
ASV_1017	0.0139	0.01606348	0.01251608	0.01403107
ASV_493	0.015449	0.011313657	0.021978302	0.003539442
ASV_672	0.01433	0.002031880	0.025805917	0.002744025
ASV_509	0.01732	0.002800500	0.030600639	0.004440969
ASV_862	0.013177	0.0394888495	0.0008953267	0.0011596113
ASV_647	0.013917	0.026629098	0.008092546	0.007779669
ASV_1221	0.012968	0.002534505	0.021298757	0.007352929
ASV_677	0.012754	0.026778218	0.007456794	0.002603319
ASV_454	0.013512	0.00898529	0.01592837	0.01466682
ASV_1009	0.014933	0.0056880380	0.0255703557	0.0001918189
ASV_505	0.01679	0.001525322	0.028666950	0.009505248
ASV_844	0.012886	0.01543271	0.01063788	0.01489914
ASV_538	0.017757	0.007974636	0.024514933	0.015650968
ASV_554	0.017256	0.015387008	0.021189515	0.008927282
ASV_1136	0.01223	0.032122170	0.002775102	0.003653748
ASV_227	0.017532	0.008158699	0.026201836	0.008928325
ASV_922	0.013486	0.0387807840	0.0020590516	0.0007916261
ASV_629	0.013679	0.003409916	0.022490188	0.006317502
ASV_619	0.016435	0.008719774	0.022769390	0.011757610
ASV_1214	0.010943	0.025157236	0.004728939	0.003184434
ASV_566	0.02168	0.00440006	0.02644902	0.03946395
ASV_514	0.011947	0.006618302	0.007000660	0.036683242
ASV_703	0.012564	0.0005899578	0.0038370191	0.0609846019
ASV_484	0.014893	0.01365942	0.01487813	0.01722771
ASV_1073	0.022039	0.02208307	0.02554195	0.01145091
ASV_1006	0.011823	0.024812039	0.005772602	0.005849881
ASV_948	0.013328	0.012037535	0.015489751	0.009241994
ASV_477	0.012698	0.014923818	0.005227804	0.030973871
ASV_707	0.013093	0.009112755	0.015766873	0.012463739
ASV_777	0.012031	0.009095766	0.013934485	0.011773131
ASV_766	0.016106	0.003464826	0.007317339	0.065950967
ASV_1131	0.01142	0.02055374	0.00578011	0.01137674
ASV_651	0.012722	0.007600141	0.009882534	0.030755347
ASV_627	0.011875	0.018156660	0.008715045	0.009687909
ASV_596	0.012637	0.017129308	0.012492983	0.004725798
ASV_479	0.011091	0.002171929	0.017865893	0.007332633
ASV_1191	0.011049	0.0009962422	0.0176765692	0.0098336667
ASV_492	0.01463	0.01154095	0.01738849	0.01209104
ASV_337	0.02103	0.007212239	0.025029304	0.034690812
ASV_525	0.013176	0.01104869	0.01484767	0.01210880
ASV_360	0.012693	0.01070253	0.01267844	0.01643185
ASV_1162	0.013068	0.00000000	0.02551306	0.00000000
ASV_1174	0.020317	0.01519071	0.02334017	0.02076957
ASV_287	0.011758	0.00428290	0.01692761	0.01012877
ASV_702	0.011062	0.007273791	0.015624373	0.004408395
ASV_628	0.016567	0.003043871	0.010127796	0.060998593
ASV_592	0.015749	0.012368488	0.020049950	0.009126017
ASV_588	0.01208	0.016051806	0.009808031	0.011520285
ASV_704	0.017095	0.01342519	0.02071366	0.01305254
ASV_639	0.017397	0.004805947	0.026294571	0.014088750
ASV_366	0.012534	0.008750861	0.014395746	0.013976879
ASV_293	0.013491	0.005041227	0.015178448	0.024122942
ASV_797	0.012812	0.027156802	0.008203282	0.000000000
ASV_638	0.011656	0.003499278	0.006891917	0.041095649
ASV_518	0.012106	0.022868150	0.005971283	0.010521598
ASV_972	0.019071	0.000000000	0.036192010	0.003123633
ASV_642	0.014634	0.02074836	0.01572658	0.00000000
ASV_727	0.01209	3.775083e-02	6.656247e-05	5.039645e-04
ASV_710	0.01138	0.026879730	0.004452709	0.003375829
ASV_224	0.015741	0.002185442	0.024907512	0.013415613
ASV_691	0.011673	0.023751897	0.007376676	0.002132356
ASV_1229	0.012742	0.022397014	0.001118836	0.029682613
ASV_934	0.011257	0.015687620	0.009940434	0.006975852
ASV_917	0.011246	0.001178239	0.002936519	0.054869214
ASV_927	0.012205	0.009922668	0.013999260	0.011058736
ASV_386	0.017313	0.0005679671	0.0329995681	0.0013539323
ASV_270	0.011989	0.012545787	0.013245262	0.007187933
ASV_621	0.013466	0.00696353	0.00793644	0.04213249
ASV_699	0.011895	0.001867648	0.007628618	0.043318297
ASV_469	0.013379	0.021653438	0.012295738	0.001263733
ASV_705	0.012044	0.012251906	0.012638713	0.009875034
ASV_1240	0.011051	0.006148237	0.002265842	0.046512038
ASV_397	0.010594	0.002970075	0.012459646	0.019155299
ASV_1066	0.011429	0.009757000	0.013528015	0.008234657
ASV_1056	0.010026	0.019611576	0.003376821	0.012171692
ASV_857	0.01104	0.001235533	0.019972228	0.002452100
ASV_378	0.011644	0.016241302	0.009893760	0.008358408
ASV_997	0.013755	0.008769690	0.020522814	0.002710528
ASV_849	0.010048	0.022711415	0.004526999	0.003091574
ASV_411	0.015843	0.01091254	0.01326743	0.03272355
ASV_1223	0.01065	0.0301792409	0.0020254200	0.0002557628
ASV_1088	0.01226	0.020930723	0.008920594	0.006176032
ASV_632	0.01457	0.003547782	0.021426810	0.014467597
ASV_1183	0.013017	3.905279e-02	1.209495e-03	8.525425e-05
ASV_549	0.018991	0.002111063	0.030741673	0.015086422
ASV_1175	0.01042	0.007754138	0.002634188	0.038728327
ASV_551	0.010363	0.001863605	0.012234470	0.020530539
ASV_1022	0.011798	0.018416157	0.008820900	0.008435796
ASV_1116	0.010995	0.021778136	0.007464065	0.001563808
ASV_1031	0.009845	0.008619107	0.012716929	0.003504212
ASV_682	0.011462	0.012238805	0.009961306	0.014522456
ASV_607	0.014748	0.005167153	0.021291687	0.012907189
ASV_591	0.015255	0.005372931	0.015359188	0.033297550
ASV_1049	0.00901	0.022995715	0.001457168	0.005694538
ASV_427	0.016784	0.006578147	0.016393131	0.036908476
ASV_1083	0.011293	0.0062975639	0.0179277671	0.0006656352
ASV_819	0.00899	0.0268555696	0.0008495489	0.0002308929
ASV_657	0.010419	0.006951283	0.012729632	0.009929123
ASV_938	0.009563	0.011982636	0.009652807	0.004797914
ASV_416	0.011969	0.004103214	0.019668553	0.003480714
ASV_993	0.011678	0.000000000	0.021475260	0.003971984
ASV_1144	0.012496	0.006550076	0.018204533	0.006414061
ASV_911	0.009977	0.023285763	0.004006179	0.003175487
ASV_824	0.008842	0.016848023	0.001023934	0.017430187
ASV_923	0.00918	0.002382660	0.006150805	0.030890074
ASV_771	0.009598	0.016466832	0.007080122	0.004394171
ASV_1231	0.009729	1.333587e-03	1.814000e-02	8.525425e-05
ASV_530	0.009678	0.003751432	0.012792176	0.011342401
ASV_1228	0.00856	0.001010072	0.014812638	0.003825553
ASV_575	0.011282	0.014856660	0.010621710	0.006623661
ASV_1014	0.012332	0.0137707677	0.0154853132	0.0001996048
ASV_555	0.01016	0.006759594	0.012640440	0.009036593
ASV_1095	0.015697	0.004549464	0.021003698	0.020482099
ASV_898	0.015167	0.022443402	0.007712508	0.024014686
ASV_559	0.009789	0.023749471	0.003697553	0.002139334
ASV_1029	0.011374	0.008013341	0.016353679	0.002678040
ASV_967	0.009061	0.009964326	0.007669774	0.011556531
ASV_1024	0.012751	0.01189760	0.01286790	0.01398425
ASV_823	0.012471	0.005543642	0.017876115	0.009121038
ASV_459	0.010744	0.011838751	0.010540916	0.009318893
ASV_892	0.009259	0.012304384	0.005226088	0.015699579
ASV_1137	0.010053	0.021829350	0.005211308	0.002708946
ASV_465	0.013507	0.009155838	0.012815613	0.023660122
ASV_1209	0.014672	0.008605548	0.018666803	0.013953154
ASV_712	0.009553	0.001278570	0.004137632	0.041163891
ASV_473	0.015023	0.002471988	0.014242836	0.040671341
ASV_580	0.009778	0.006272884	0.009808475	0.016194536
ASV_918	0.010944	0.008971196	0.012556123	0.009770360
ASV_955	0.009116	0.0231205521	0.0033707182	0.0003458319
ASV_1010	0.008248	0.004056390	0.009372079	0.012657425
ASV_401	0.010686	0.005966666	0.016313263	0.002570818
ASV_579	0.015505	0.006944187	0.017218780	0.026262131
ASV_544	0.013027	0.010793973	0.015978344	0.008317674
ASV_464	0.009733	0.005360617	0.013898286	0.005356269
ASV_430	0.009724	0.002927236	0.011127033	0.018137069
ASV_404	0.009676	0.006793078	0.009488709	0.015590326
ASV_855	0.008514	0.009468868	0.002638289	0.024366015
ASV_864	0.007482	0.001407953	0.001265880	0.037411397
ASV_716	0.009006	0.014949247	0.005344398	0.008951293
ASV_757	0.010156	0.013541383	0.008999499	0.007336109
ASV_574	0.016074	0.002127116	0.011532230	0.055600509
ASV_867	0.007589	0.002516419	0.011761537	0.004492147
ASV_696	0.011783	0.001732434	0.012142863	0.029370261
ASV_964	0.009207	0.011162384	0.010249732	0.002447607
ASV_1008	0.009324	0.011843037	0.009722717	0.003447995
ASV_984	0.008894	0.009431101	0.009694285	0.005495897
ASV_1021	0.008755	0.001375664	0.014701001	0.004622814
ASV_776	0.00886	0.0229360847	0.0028010017	0.0008933381
ASV_1054	0.007363	0.0219523090	0.0005417265	0.0007309644
ASV_913	0.009188	0.001510674	0.010802384	0.018604893
ASV_552	0.008417	0.006919046	0.010061303	0.006267443
ASV_836	0.009642	0.009051574	0.010608365	0.007839601
ASV_581	0.008907	0.007974636	0.010162980	0.006870454
ASV_747	0.011254	0.006123581	0.016488120	0.005079594
ASV_452	0.009669	0.013922514	0.007518882	0.008218277
ASV_749	0.00942	0.010859912	0.007762359	0.011719826
ASV_895	0.008369	0.0261853212	0.0001291585	0.0000000000
ASV_558	0.008945	0.011908744	0.007740670	0.007051611
ASV_1114	0.007767	0.003372904	0.011284789	0.005371940
ASV_767	0.011033	0.006740848	0.015082091	0.006859328
ASV_1019	0.009394	0.010873051	0.010496942	0.003336041
ASV_1113	0.008358	0.014368764	0.006617000	0.002419047
ASV_618	0.012112	0.004490315	0.014654303	0.018640283
ASV_763	0.011947	0.01025735	0.01243726	0.01361372
ASV_625	0.008537	0.017290825	0.002704163	0.009780074
ASV_420	0.014431	0.031995918	0.005251778	0.009349137
ASV_1041	0.007603	0.0206422968	0.0008707554	0.0035865843
ASV_969	0.009673	0.007051338	0.010490627	0.012089627
ASV_1120	0.00779	0.005032674	0.002254275	0.029518871
ASV_962	0.007864	0.008758574	0.006646715	0.009856556
ASV_1154	0.007971	0.0218587351	0.0008589405	0.0035178516
ASV_845	0.007482	0.001573816	0.012814849	0.002453053
ASV_1075	0.008185	0.019228337	0.002212969	0.005594136
ASV_713	0.007847	0.003722095	0.007982064	0.015104135
ASV_695	0.011661	0.01093335	0.01130743	0.01407361
ASV_540	0.007442	0.003989803	0.007523740	0.013610773
ASV_1124	0.007388	0.000715541	0.006340452	0.022925200
ASV_1065	0.009288	0.004056096	0.012790954	0.008497975
ASV_623	0.00789	0.004206485	0.010188650	0.007833193
ASV_1161	0.011861	0.007266967	0.015294190	0.010090940
ASV_216	0.011966	0.001770361	0.019185356	0.009244160
ASV_1012	0.007832	0.014074397	0.004656398	0.005764746
ASV_689	0.008323	0.014903951	0.005547572	0.004427109
ASV_1200	0.007372	0.006302832	0.008956270	0.004602212
ASV_446	0.011291	0.004852869	0.012871579	0.018506467
ASV_1115	0.007595	0.017350985	0.001986220	0.006303208
ASV_670	0.008275	0.008855248	0.008503970	0.006507818
ASV_1181	0.008733	0.006040723	0.010724123	0.007757657
ASV_666	0.009362	0.006397466	0.010269613	0.012142966
ASV_1004	0.008111	0.0186599849	0.0039924931	0.0008747523
ASV_656	0.007631	0.005465197	0.010323268	0.003577893
ASV_1037	0.007222	0.007787867	0.007503647	0.005323286
ASV_822	0.007992	0.011030723	0.005989529	0.008356537
ASV_1160	0.007626	0.020193855	0.001388531	0.002997249
ASV_582	0.007146	0.005184443	0.003272902	0.022407128
ASV_1086	0.005683	0.01792232	0.00000000	0.00000000
ASV_1087	0.005559	0.0001603279	0.0002016253	0.0316546507
ASV_391	0.008719	0.0045469991	0.0138873810	0.0009617884
ASV_480	0.010599	0.012383778	0.005644976	0.022149015
ASV_593	0.009816	0.005765796	0.008786839	0.020428034
ASV_719	0.006683	0.006309885	0.007964914	0.003530569
ASV_1142	0.006557	0.0194881015	0.0002984595	0.0013190811
ASV_586	0.007108	0.0006735834	0.0005724368	0.0386647287
ASV_660	0.011283	0.001909919	0.020180564	0.001994819
ASV_1158	0.009025	0.013221834	0.007935793	0.004499229
ASV_526	0.007345	0.008205359	0.005907118	0.010062413
ASV_981	0.008579	0.003303519	0.011921262	0.008347166
ASV_298	0.008915	0.001237833	0.013638936	0.009002912
ASV_463	0.009234	0.004951819	0.007897645	0.021194218
ASV_725	0.00749	0.009706161	0.006843848	0.005310113
ASV_826	0.007629	0.010272660	0.007630713	0.002716164
ASV_1186	0.00839	0.001345969	0.014795940	0.002251760
ASV_1002	0.00788	0.00000000	0.01538388	0.00000000
ASV_914	0.00707	0.004965143	0.009621645	0.003325519
ASV_1093	0.007212	0.016750340	0.001896339	0.005442031
ASV_843	0.008587	0.019431007	0.004380714	0.001066856
ASV_980	0.008971	0.002042382	0.014699944	0.004650741
ASV_758	0.007639	0.001221841	0.013260148	0.002691149
ASV_706	0.008582	0.005709463	0.012662927	0.001675427
ASV_1059	0.008612	0.006507343	0.010253931	0.007596684
ASV_1195	0.00766	0.007180819	0.006483196	0.012078505
ASV_272	0.010305	0.004905719	0.015057601	0.006072960
ASV_968	0.006385	0.007259555	0.001741949	0.018692064
ASV_658	0.006745	0.0122594221	0.0052576817	0.0009662421
ASV_408	0.00816	0.007664385	0.008395896	0.008371289
ASV_752	0.006908	0.015457796	0.003358661	0.001675048
ASV_1146	0.009636	0.004790389	0.014166272	0.005042818
ASV_1148	0.006586	0.002677447	0.010345745	0.002564492
ASV_1170	0.006299	0.010044561	0.005736459	0.001032101
ASV_790	0.006554	0.003718649	0.007945746	0.007644065
ASV_905	0.007688	0.003709634	0.008571571	0.012426747
ASV_960	0.007946	0.011441173	0.008430397	0.000000000
ASV_1081	0.007292	9.222506e-05	1.418052e-02	0.000000e+00
ASV_1197	0.005515	0.0009204237	0.0024769831	0.0231598160
ASV_1232	0.007146	0.005420208	0.007938389	0.007975598
ASV_890	0.008175	0.0099160711	0.0095667962	0.0007689963
ASV_887	0.005749	0.013418374	0.002455578	0.001389037
ASV_1196	0.006144	0.013003808	0.003214041	0.002191879
ASV_508	0.008413	0.006776595	0.008938977	0.009875351
ASV_471	0.006977	0.0006458124	0.0126622465	0.0016814894
ASV_572	0.011108	0.00294407	0.01012037	0.02923247
ASV_989	0.007712	0.007615067	0.009201877	0.003423049
ASV_726	0.007376	0.007763781	0.008114968	0.004436913
ASV_1117	0.005972	0.012990507	0.001206740	0.007231895
ASV_1198	0.005667	0.008674746	0.001300144	0.013180329
ASV_1155	0.006878	0.003578338	0.008202614	0.009031160
ASV_847	0.006041	0.009831486	0.004993390	0.002146579
ASV_803	0.006644	0.0175774969	0.0019928424	0.0002898358
ASV_1011	0.008311	0.003994020	0.009609909	0.012429799
ASV_563	0.007154	0.010865194	0.006343645	0.002694423
ASV_1184	0.006091	0.009842689	0.003028861	0.008308790
ASV_683	0.010406	0.002467653	0.017886493	0.002706773
ASV_1020	0.007867	0.002962956	0.011571275	0.005862013
ASV_681	0.007425	0.002161242	0.011751176	0.004224902
ASV_296	0.006285	0.007062592	0.004191357	0.011122320
ASV_834	0.007028	0.0212094386	0.0005922245	0.0000000000
ASV_975	0.005495	0.001382424	0.005969102	0.011711976
ASV_1187	0.006694	0.006843152	0.005388273	0.010336071
ASV_863	0.004946	0.002397367	0.007860475	0.000936061
ASV_940	0.007034	0.013832243	0.005169825	0.000000000
ASV_1071	0.006456	0.0033416911	0.0104058023	0.0003891944
ASV_775	0.008161	0.0003167433	0.0152981366	0.0013164818
ASV_916	0.005553	0.01751231	0.00000000	0.00000000
ASV_787	0.006825	0.007267201	0.005760761	0.009195383
ASV_791	0.005478	0.002801568	0.005505815	0.010363016
ASV_893	0.004957	0.010320792	0.002621323	0.002003255
ASV_958	0.005533	0.003566373	0.003762596	0.014498408
ASV_1040	0.005707	0.0176158690	0.0001485294	0.0002664180
ASV_1224	0.006021	0.010887464	0.004172051	0.002530606
ASV_798	0.005745	0.0032130780	0.0090866365	0.0004249972
ASV_879	0.006593	0.004283257	0.007418486	0.008405253
ASV_543	0.008005	0.002404986	0.011408489	0.008195215
ASV_880	0.006264	0.006952198	0.007443769	0.001446751
ASV_795	0.007999	0.004922955	0.011476605	0.003279743
ASV_799	0.006413	0.004860408	0.009019155	0.001477339
ASV_737	0.006438	0.009424795	0.004736285	0.005994432
ASV_1227	0.005734	0.003173262	0.007528256	0.005107246
ASV_1105	0.009043	0.0002634713	0.0162520079	0.0037221964
ASV_882	0.005089	0.005407306	0.006395403	0.000577924
ASV_290	0.006423	0.010825918	0.005107041	0.002193357
ASV_1188	0.005214	0.0156634430	0.0004274424	0.0001678230
ASV_1098	0.005895	0.005286534	0.005546279	0.008070427
ASV_848	0.007074	0.006587031	0.008299466	0.004299730
ASV_700	0.005516	0.006901375	0.004123997	0.007116725
ASV_746	0.006497	0.006663812	0.007319576	0.003719643
ASV_461	0.004848	0.0006379172	0.0039680710	0.0153044970
ASV_676	0.005022	0.002150661	0.003124051	0.016050970
ASV_487	0.005198	0.0001658243	0.0100455438	0.0000000000
ASV_260	0.005612	0.0002922301	0.0078043238	0.0089149575
ASV_372	0.005131	0.001221654	0.006634861	0.007877197
ASV_659	0.005401	0.007203607	0.001908576	0.012531643
ASV_731	0.005718	0.0005631111	0.0086303187	0.0065536906
ASV_564	0.006721	0.002373087	0.009933413	0.005160326
ASV_956	0.004824	0.004192044	0.004886841	0.005811034
ASV_781	0.005224	0.0008101113	0.0050880144	0.0138272164
ASV_714	0.006418	0.0023732053	0.0109306211	0.0003932714
ASV_561	0.004792	0.002235943	0.006264591	0.005118319
ASV_415	0.006251	0.003540613	0.006234746	0.011335425
ASV_1042	0.00623	0.001814173	0.009507010	0.004601355
ASV_1046	0.005211	0.005054051	0.006560131	0.001456675
ASV_1103	0.00679	0.0015454730	0.0120333768	0.0007984191
ASV_812	0.007219	0.004319724	0.007990741	0.010290421
ASV_816	0.005621	0.0105381917	0.0043938835	0.0001679882
ASV_924	0.005841	0.006125707	0.007611942	0.000000000
ASV_1068	0.005066	0.005460000	0.004237387	0.006817452
ASV_692	0.005511	0.005899496	0.004851413	0.006765535
ASV_1178	0.004689	0.003025232	0.004535203	0.008237662
ASV_1159	0.004631	0.001426572	0.001512237	0.019939530
ASV_788	0.00788	0.007873688	0.005248109	0.015785148
ASV_562	0.006253	0.004016563	0.007574288	0.006442039
ASV_878	0.004841	0.0023580150	0.0076890196	0.0009091934
ASV_796	0.005482	0.005845250	0.005866825	0.003651578
ASV_1169	0.00502	0.003332072	0.005259867	0.007436330
ASV_640	0.005447	0.0032788111	0.0006620479	0.0238255790
ASV_573	0.004527	0.0121996166	0.0011904804	0.0002903042
ASV_614	0.005676	0.003127892	0.007914020	0.003691328
ASV_821	0.004241	1.301722e-02	1.928591e-04	8.525425e-05
ASV_622	0.00477	0.0009620485	0.0062096122	0.0075257460
ASV_740	0.005818	0.006102874	0.006163449	0.004251193
ASV_825	0.004784	0.001964635	0.007703689	0.001260751
ASV_1074	0.005425	0.002173642	0.005174961	0.012211731
ASV_995	0.005746	0.002109625	0.009128194	0.002350809
ASV_1035	0.004187	0.01320647	0.00000000	0.00000000
ASV_1194	0.004963	0.005459556	0.005806474	0.001507555
ASV_833	0.004464	0.004652344	0.005498420	0.001008354
ASV_598	0.006305	0.002169104	0.007335630	0.010894569
ASV_988	0.004292	0.009506532	0.001959264	0.001605046
ASV_909	0.005216	0.004035478	0.005920175	0.005295436
ASV_1061	0.004067	0.0005872094	0.0069859599	0.0017730800
ASV_1102	0.004117	0.0007776847	0.0063714794	0.0035547257
ASV_510	0.005075	0.010162138	0.002774379	0.002529883
ASV_839	0.005659	0.011401099	0.003592219	0.001197911
ASV_722	0.005698	0.000736814	0.006613655	0.012165934
ASV_928	0.004547	0.0061272684	0.0048566546	0.0006824865
ASV_765	0.006096	0.004600051	0.006846782	0.006620621
ASV_872	0.004202	0.007933208	0.002562812	0.002191532
ASV_910	0.004002	0.004223021	0.005198751	0.000000000
ASV_1062	0.004491	0.000832914	0.007376871	0.002628691
ASV_1101	0.005605	0.002220868	0.008179701	0.004164106
ASV_1123	0.005645	0.001487052	0.008732143	0.004102991
ASV_899	0.005509	0.001894400	0.006461323	0.009366628
ASV_1052	0.004576	0.004404374	0.003168516	0.009114991
ASV_944	0.003994	0.009570999	0.001437237	0.001309644
ASV_678	0.004538	0.001002217	0.006754875	0.004452684
ASV_760	0.004331	0.002898712	0.003916073	0.008237290
ASV_947	0.005177	0.002856733	0.006997339	0.004026912
ASV_1179	0.003624	0.005608929	0.002952210	0.001952349
ASV_428	0.005661	0.0135158185	0.0025865017	0.0002958379
ASV_1177	0.005482	0.013070692	0.001509934	0.003302411
ASV_814	0.004745	0.0005928104	0.0088965564	0.0000000000
ASV_1110	0.006214	0.002312425	0.008732702	0.005904465
ASV_637	0.004518	0.004586737	0.005546544	0.001306894
ASV_741	0.004285	0.0002626924	0.0060911003	0.0063347447
ASV_548	0.004251	0.0009411603	0.0072474710	0.0014080831
ASV_961	0.003392	0.0008948638	0.0016630134	0.0132181122
ASV_443	0.005622	0.002241925	0.008960047	0.001883165
ASV_609	0.003987	0.002466991	0.003699866	0.007671232
ASV_248	0.004561	0.003556374	0.005871293	0.002496690
ASV_500	0.00496	0.002256489	0.005705114	0.007742794
ASV_1226	0.003961	0.0119583512	0.0002161146	0.0003445227
ASV_1203	0.004236	0.011461001	0.001174812	0.000000000
ASV_1107	0.004918	0.003530010	0.006958781	0.001373457
ASV_728	0.004399	0.003366375	0.006355566	0.000446703
ASV_633	0.004201	0.004185787	0.005609905	0.000000000
ASV_837	0.005117	0.0004472179	0.0086413108	0.0032177927
ASV_762	0.003986	0.0003122639	0.0075387952	0.0001479189
ASV_1234	0.00341	0.0001632106	0.0019992130	0.0136712213
ASV_1235	0.004483	0.001448571	0.006031576	0.005473454
ASV_949	0.003214	0.0017714313	0.0048969157	0.0008425698
ASV_362	0.003975	0.003020434	0.004248503	0.004926936
ASV_952	0.004194	0.0006695204	0.0069894572	0.0023506134
ASV_649	0.003466	0.0049190133	0.0035040539	0.0006548984
ASV_966	0.003312	0.004283778	0.002527834	0.003860367
ASV_1202	0.003224	0.005313913	0.002172916	0.002497994
ASV_667	0.003058	0.003711073	0.002862164	0.002434773
ASV_513	0.003953	0.004046252	0.002042562	0.009508247
ASV_1111	0.003186	0.006782527	0.001193415	0.002486634
ASV_1217	0.003289	0.006601875	0.001505316	0.002486839
ASV_829	0.004366	0.001963512	0.004664347	0.007933031
ASV_900	0.003737	0.0026912842	0.0054748482	0.0004673989
ASV_1167	0.003985	0.001119753	0.007087984	0.000000000
ASV_815	0.004029	0.001650475	0.001929861	0.014742114
ASV_1001	0.004502	0.001852360	0.006117682	0.004576313
ASV_915	0.003023	0.006846531	0.001238082	0.001278814
ASV_1064	0.003402	0.0091410246	0.0009173478	0.0001996048
ASV_806	0.002982	0.006227861	0.001312538	0.001963526
ASV_1069	0.0029	0.004111754	0.001878207	0.003712402
ASV_884	0.002999	0.002373311	0.003716498	0.002009204
ASV_925	0.003206	0.001359686	0.004852080	0.001694584
ASV_653	0.003229	0.0006632651	0.0030863268	0.0084241274
ASV_641	0.003812	0.003399099	0.004471879	0.002600282
ASV_804	0.00477	0.001409684	0.006831543	0.004825768
ASV_1038	0.003947	0.001567630	0.006361492	0.001122519
ASV_1218	0.002951	0.002791808	0.003201110	0.002493583
ASV_866	0.003538	0.002850869	0.004526811	0.001850281
ASV_675	0.002523	0.0009949406	0.0039950343	0.0009469258
ASV_875	0.002826	0.0073281830	0.0005009978	0.0014419951
ASV_373	0.002943	0.0002101154	0.0052085714	0.0012201405
ASV_808	0.003283	0.001422658	0.004960810	0.001704579
ASV_321	0.003574	0.001167269	0.003234905	0.009059170
ASV_1048	0.002339	0.003229354	0.001356942	0.003634333
ASV_902	0.002624	0.002952858	0.002600144	0.002083003
ASV_1067	0.003552	0.002037028	0.005109104	0.001695874
ASV_1047	0.002612	8.120263e-03	7.333228e-05	0.000000e+00
ASV_1070	0.002774	0.001654291	0.004049301	0.001027502
ASV_896	0.004164	0.003834748	0.004771175	0.002951901
ASV_1104	0.003037	0.0008439505	0.0035080393	0.0056955124
ASV_828	0.002424	0.001876136	0.003214188	0.001071508
ASV_998	0.002516	0.0064910779	0.0002652827	0.0018858228
ASV_1171	0.002884	0.0008790972	0.0043737105	0.0021356549
ASV_1055	0.003124	0.003179650	0.003795697	0.001002979
ASV_1025	0.002358	0.001378200	0.003110117	0.001919010
ASV_1135	0.002725	0.004887271	0.002202017	0.000277542
ASV_1139	0.002693	0.0044692076	0.0006973295	0.0053836350
ASV_1212	0.002813	0.003127582	0.002695368	0.002579442
ASV_1106	0.002675	0.000709135	0.002430693	0.007060194
ASV_912	0.002437	0.003249547	0.002306288	0.001322456
ASV_778	0.002581	6.586782e-05	3.067579e-03	5.793418e-03
ASV_1151	0.002537	0.0001844501	0.0042151667	0.0018706201
ASV_1220	0.002305	0.0050781987	0.0012433356	0.0003385878
ASV_977	0.003019	0.002463018	0.002783147	0.004756910
ASV_1027	0.003252	0.0016064422	0.0052396736	0.0003469006
ASV_1145	0.003748	0.0004077895	0.0060621764	0.0030089947
ASV_370	0.002235	0.001080085	0.003528100	0.000499012
ASV_901	0.0031	0.0008588905	0.0032933572	0.0066835829
ASV_792	0.001553	0.000000000	0.000000000	0.009097014
ASV_1026	0.00218	0.0040915243	0.0016273239	0.0002877284
ASV_1185	0.002015	0.0013198837	0.0028546786	0.0007846462
ASV_970	0.002522	0.001824250	0.003451262	0.001030813
ASV_1063	0.002279	0.000918592	0.003296101	0.001756805
ASV_986	0.00239	0.001174458	0.003169862	0.002305480
ASV_774	0.001992	0.0051292373	0.0006278048	0.0002604124
ASV_1080	0.002365	0.001356493	0.002899954	0.002632712
ASV_1233	0.003036	0.001670576	0.002621688	0.006812184
ASV_620	0.002308	0.001857975	0.002915745	0.001321438
ASV_1094	0.001908	0.0000000000	0.0036050957	0.0003610584
ASV_957	0.002549	0.002438410	0.002699386	0.002303323
ASV_369	0.002603	0.002625253	0.002796121	0.001979973
ASV_877	0.001874	0.0004050474	0.0020779434	0.0039908100
ASV_1132	0.00197	0.0011307335	0.0029476962	0.0005968683
ASV_1039	0.002203	0.001848440	0.002698642	0.001375362
ASV_1032	0.001778	8.864594e-05	2.518063e-03	2.692837e-03
ASV_869	0.002075	0.001517415	0.002703382	0.001225669
ASV_1205	0.001613	0.0034798053	0.0003981695	0.0017915486
ASV_994	0.001782	0.000421731	0.002417298	0.002402133
ASV_846	0.001573	0.0008327843	0.0020128801	0.0016265142
ASV_856	0.001776	0.001115116	0.002301519	0.001425371
ASV_1164	0.001886	0.0006091482	0.0022986724	0.0030200174
ASV_565	0.001439	0.001320763	0.000955376	0.003107655
ASV_876	0.00231	0.0008991115	0.0030221668	0.0027940688
ASV_1173	0.001624	4.882900e-03	3.608105e-05	3.359763e-04
ASV_1130	0.001428	0.0042023543	0.0001861758	0.0000000000
ASV_784	0.001606	0.0010496454	0.0022528374	0.0006986167
ASV_718	0.001993	0.0027537993	0.0019008852	0.0008563273
ASV_992	0.001529	0.0038984865	0.0002986338	0.0008211725
ASV_1193	0.001965	0.0008079468	0.0031856202	0.0004506033
ASV_1168	0.001708	0.0024579220	0.0016901587	0.0003697973
ASV_733	0.001584	0.0007365955	0.0019756426	0.0019825838
ASV_1143	0.001446	0.0032359811	0.0007318327	0.0002621809
ASV_1016	0.001393	0.0022515324	0.0009964531	0.0009870044
ASV_1099	0.001554	0.0007632416	0.0017908701	0.0023128519
ASV_654	0.001587	0.0040373675	0.0004681122	0.0003932714
ASV_1097	0.001424	0.0006807556	0.0021429049	0.0006485777
ASV_770	0.001463	0.0008298149	0.0020459353	0.0008925775
ASV_1163	0.000918	0.0002663964	0.0000000000	0.0048813246
ASV_987	0.001403	0.001400772	0.001468881	0.001208269
ASV_1057	0.001328	0.0011448286	0.0017095468	0.0005243619
ASV_1236	0.001819	0.0004878348	0.0006200395	0.0078905181
ASV_742	0.001332	0.0001459438	0.0015308852	0.0029352753
ASV_1129	0.00179	0.0006532038	0.0003664490	0.0081726657
ASV_1207	0.001231	0.0003917919	0.0020734422	0.0002621809
ASV_673	0.001087	0.0014440646	0.0010124844	0.0006478391
ASV_665	0.001266	0.0010890175	0.0016149485	0.0005495138
ASV_612	0.000931	0.0016347511	0.0006166269	0.0005681324
ASV_859	0.000887	0.0001381190	0.0009169794	0.0021856638
ASV_908	0.001152	0.0010787723	0.0014121897	0.0005069012
ASV_308	0.001403	5.095998e-05	2.517720e-03	5.726599e-04
ASV_1108	0.00076	2.265145e-03	8.153388e-05	0.000000e+00
ASV_1201	0.001152	0.0014165672	0.0012411267	0.0003929856
ASV_600	0.001115	0.0008760149	0.0013829751	0.0007535241
ASV_1078	0.000907	0.0004866241	0.0014134877	0.0001705085
ASV_1060	0.000945	0.0006370991	0.0014512071	0.0000000000
ASV_921	0.001291	0.0004952395	0.0007160384	0.0044910994
ASV_1076	0.001008	0.0012894804	0.0011049517	0.0001918189
ASV_810	0.000938	0.0011653310	0.0008688328	0.0007246485
ASV_1166	0.000998	0.0000000000	0.0016429015	0.0009176332
ASV_1206	0.000678	0.0001381190	0.0009207764	0.0009536255
ASV_602	0.000826	0.0003617186	0.0012531404	0.0004068946
ASV_1176	0.000758	0.0003672905	0.0006370850	0.0018459856
ASV_990	0.000666	0.000276238	0.000682594	0.001342904
ASV_983	0.000683	0.0003983731	0.0008257116	0.0007822256
ASV_888	0.000822	0.0008167711	0.0010025945	0.0002908747
ASV_1053	0.000553	1.661645e-03	5.160949e-05	0.000000e+00
ASV_850	0.000653	0.0007519538	0.0008085183	0.0000000000
ASV_263	0.000678	0.0005671097	0.0008395801	0.0004005777
ASV_748	0.000533	1.589537e-03	2.799309e-05	8.525425e-05
ASV_1239	0.000463	5.381426e-04	5.393734e-04	9.527493e-05
ASV_511	0.000428	0.0004790062	0.0001171521	0.0012653863
ASV_597	0.000494	0.0007068059	0.0003959024	0.0003946821
ASV_1089	0.000383	0.0001381190	0.0004333581	0.0006850344
ASV_1125	0.000403	0.0008562817	0.0002568319	0.0000000000
ASV_617	0.000528	1.610914e-04	6.482839e-05	2.601755e-03
ASV_605	0.000353	0.0002330311	0.0004881118	0.0001705085
ASV_1157	0.00034	8.220561e-05	5.159584e-04	2.921510e-04
ASV_1152	0.000227	0.00000000	0.00000000	0.00133127
ASV_611	0.000163	4.266865e-04	5.419384e-05	0.000000e+00
ASV_768	0.000101	2.635859e-04	0.000000e+00	9.980239e-05
ASV_429	8.6e-05	1.412308e-04	8.047722e-05	0.000000e+00
ASV_946	0.000116	0.0000000000	0.0002259869	0.0000000000
ASV_889	8e-05	0.0000000	0.0001568	0.0000000
ASV_1028	5.6e-05	0.0001779042	0.0000000000	0.0000000000
ASV_1149	7.4e-05	6.586782e-05	1.040943e-04	0.000000e+00
ASV_1192	4e-05	5.654196e-05	4.289927e-05	0.000000e+00
ASV_838	2.1e-05	6.586782e-05	0.000000e+00	0.000000e+00
ASV_931	3.1e-05	0.000000e+00	5.966402e-05	0.000000e+00
ASV_1034	1.5e-05	0.000000e+00	2.970213e-05	0.000000e+00
ASV_1058	1.9e-05	0.00000e+00	3.72606e-05	0.00000e+00
ASV_1190	1.5e-05	4.775221e-05	0.000000e+00	0.000000e+00
