OTUID	All	med	post	pre
ASV_1	7.083727	7.595478	7.157911	6.468415
ASV_2	6.547175	6.667982	7.072312	5.937582
ASV_4	3.087455	2.764254	3.965718	2.629833
ASV_3	3.00037	3.556662	3.471275	1.974518
ASV_5	1.920123	1.689616	2.191815	1.918189
ASV_11	1.455845	1.4701203	0.9937714	1.8632446
ASV_7	1.555951	1.656202	1.246583	1.731692
ASV_6	1.657408	1.918417	1.607853	1.423519
ASV_8	1.319237	1.112797	1.780613	1.118048
ASV_9	1.423771	1.591140	1.178969	1.468653
ASV_14	1.198969	1.062827	1.104542	1.430985
ASV_13	1.170471	1.108102	1.097070	1.304332
ASV_15	1.101252	1.067872	1.161261	1.082069
ASV_18	0.860584	0.8343691	0.8372463	0.9099745
ASV_12	0.882556	0.9610821	0.8953086	0.7868864
ASV_22	0.848783	0.4149462	1.2247187	0.9690070
ASV_25	0.813583	0.8868916	0.8027794	0.7450436
ASV_23	0.757437	0.8477047	0.6909174	0.7217197
ASV_17	0.73369	0.5727343	0.6275896	1.0029271
ASV_20	0.709129	0.8448953	0.5118299	0.7443673
ASV_38	0.665793	0.3672931	0.5184250	1.1199199
ASV_16	0.732162	0.9032118	0.7736425	0.5112364
ASV_26	0.653198	0.7052047	0.7553692	0.5041040
ASV_10	0.434631	0.4215653	0.2554859	0.6124784
ASV_27	0.536294	0.5547679	0.5814692	0.4752085
ASV_21	0.562421	0.9446539	0.3685537	0.3308571
ASV_65	0.533493	0.4697817	0.4336601	0.6929679
ASV_40	0.513482	0.4704290	0.6751926	0.4116181
ASV_54	0.505681	0.4255468	0.5578702	0.5436663
ASV_35	0.49023	0.3891783	0.6434447	0.4581816
ASV_31	0.492268	0.5999385	0.4389971	0.4258141
ASV_33	0.496719	0.4853644	0.5177770	0.4896032
ASV_37	0.540712	0.4762981	0.8126543	0.3608668
ASV_51	0.45446	0.4278525	0.2917630	0.6317461
ASV_87	0.467254	0.3560509	0.5458310	0.5143391
ASV_39	0.471048	0.5857126	0.4816891	0.3386504
ASV_67	0.474004	0.3031966	0.3639617	0.7573860
ASV_55	0.438147	0.2945736	0.5546247	0.4851929
ASV_52	0.435328	0.3731855	0.3592289	0.5714163
ASV_36	0.452658	0.4605014	0.4893673	0.4106884
ASV_29	0.437292	0.4602059	0.4133356	0.4346945
ASV_57	0.471798	0.2431743	0.4200410	0.7637153
ASV_43	0.439748	0.4548794	0.4253056	0.4367718
ASV_46	0.423981	0.6635623	0.3139036	0.2683743
ASV_59	0.422238	0.3944346	0.4425092	0.4334397
ASV_30	0.435498	0.4983407	0.4678101	0.3387140
ASV_138	0.396601	0.3339914	0.4712711	0.3952760
ASV_42	0.434915	0.3957588	0.4893345	0.4270240
ASV_72	0.394784	0.5959478	0.2747669	0.2893680
ASV_60	0.351048	0.2878385	0.4456373	0.3321440
ASV_41	0.367273	0.2203212	0.4347371	0.4627663
ASV_48	0.363443	0.4524044	0.2625364	0.3605759
ASV_24	0.337585	0.3921184	0.1841634	0.4195870
ASV_32	0.388984	0.3229067	0.3620660	0.4842955
ASV_113	0.363358	0.4486541	0.2792300	0.3490658
ASV_34	0.347995	0.3614586	0.4602751	0.2308853
ASV_69	0.338111	0.3906358	0.3690186	0.2536487
ASV_62	0.345611	0.3418402	0.3720963	0.3254182
ASV_49	0.348091	0.3920340	0.4196614	0.2356161
ASV_28	0.337711	0.4552438	0.2560156	0.2867080
ASV_50	0.331769	0.2376901	0.4514677	0.3229202
ASV_58	0.313701	0.2787237	0.3763168	0.2938420
ASV_81	0.32312	0.3044590	0.3777838	0.2930805
ASV_56	0.317143	0.3870741	0.3198735	0.2398345
ASV_47	0.297981	0.2378681	0.3500367	0.3146716
ASV_44	0.344205	0.2932403	0.3159053	0.4246124
ASV_71	0.289448	0.3899714	0.1805299	0.2815416
ASV_73	0.33991	0.3372097	0.3923609	0.2948208
ASV_94	0.291902	0.2376716	0.3159858	0.3278865
ASV_53	0.300977	0.07659428	0.70959580	0.16723898
ASV_66	0.244318	0.3060492	0.1726934	0.2437975
ASV_74	0.296383	0.2778612	0.3892288	0.2312674
ASV_63	0.276204	0.2947969	0.3001925	0.2343712
ASV_90	0.283875	0.1851763	0.3225292	0.3541015
ASV_119	0.257567	0.20462227	0.08681479	0.47039721
ASV_881	0.320993	0.3020027	0.3655159	0.3005804
ASV_86	0.258125	0.2683681	0.1755091	0.3227381
ASV_88	0.262901	0.2237460	0.2467625	0.3195497
ASV_79	0.266268	0.2861717	0.2809433	0.2315506
ASV_77	0.258195	0.2158020	0.3294353	0.2383788
ASV_124	0.246183	0.2049360	0.3104873	0.2314857
ASV_99	0.229533	0.1651187	0.2091117	0.3171204
ASV_85	0.232237	0.3381593	0.2136267	0.1359468
ASV_75	0.253645	0.3178202	0.2243873	0.2117549
ASV_84	0.251186	0.2113812	0.3275479	0.2239161
ASV_106	0.213502	0.2192331	0.2226529	0.1990005
ASV_76	0.238757	0.3208245	0.2012069	0.1853122
ASV_78	0.229411	0.2190212	0.1906945	0.2759399
ASV_83	0.264354	0.2657563	0.3265710	0.2059423
ASV_64	0.222117	0.2975671	0.2613508	0.1055140
ASV_97	0.225916	0.2525633	0.2102756	0.2117178
ASV_89	0.209228	0.2163375	0.1208562	0.2824585
ASV_70	0.208977	0.1515453	0.2757320	0.2093539
ASV_100	0.205728	0.2288221	0.2227255	0.1654756
ASV_93	0.229114	0.2022926	0.2696228	0.2207516
ASV_118	0.198104	0.2189977	0.2552430	0.1234873
ASV_98	0.195323	0.2966850	0.1085138	0.1662948
ASV_61	0.231763	0.2762682	0.2688736	0.1502063
ASV_117	0.195658	0.2576912	0.1016041	0.2153317
ASV_104	0.198944	0.2388853	0.1941803	0.1605729
ASV_105	0.165754	0.29084825	0.03246355	0.15385816
ASV_136	0.184312	0.3582126	0.0702227	0.1026399
ASV_174	0.198357	0.2578760	0.1465881	0.1820413
ASV_112	0.182353	0.26673960	0.19941348	0.07647381
ASV_111	0.173126	0.1037063	0.2284468	0.1967856
ASV_126	0.182156	0.10282939	0.08542771	0.35549751
ASV_96	0.185351	0.2136321	0.0568107	0.2726763
ASV_130	0.188577	0.1809979	0.2032980	0.1832198
ASV_137	0.174972	0.08945534	0.40639563	0.05476506
ASV_107	0.165651	0.35816309	0.05478880	0.06111761
ASV_109	0.172357	0.31792418	0.10754061	0.07592445
ASV_189	0.172502	0.1756162	0.2246039	0.1215102
ASV_92	0.156156	0.05595084	0.17030149	0.25041199
ASV_82	0.186924	0.1296608	0.2134859	0.2238856
ASV_95	0.189154	0.1921644	0.2527527	0.1277584
ASV_110	0.162129	0.16228702	0.07498289	0.24167352
ASV_80	0.153403	0.111061620	0.363336835	0.006664465
ASV_114	0.145828	0.21791987	0.06348241	0.14402893
ASV_199	0.14469	0.16030015	0.04428741	0.21983201
ASV_159	0.164273	0.1133602	0.2092713	0.1775772
ASV_116	0.196707	0.1960381	0.2277632	0.1690133
ASV_122	0.175488	0.1010358	0.2917535	0.1487843
ASV_120	0.168831	0.1393824	0.2047480	0.1674788
ASV_91	0.152286	0.1471945	0.1795790	0.1327681
ASV_152	0.156332	0.1634841	0.1237847	0.1784536
ASV_129	0.153813	0.17710036	0.21782243	0.07034919
ASV_176	0.152127	0.1349535	0.1543259	0.1684875
ASV_200	0.163093	0.1706514	0.1769973	0.1422873
ASV_103	0.146077	0.1580291	0.1573211	0.1230048
ASV_154	0.147699	0.21464727	0.13449064	0.08816249
ASV_148	0.148851	0.11769653	0.31332792	0.03172652
ASV_209	0.14852	0.1363040	0.1279365	0.1804164
ASV_115	0.148009	0.1449780	0.1934840	0.1096552
ASV_188	0.134335	0.09376300	0.08037371	0.22709687
ASV_203	0.12611	0.08031779	0.07068581	0.22579614
ASV_146	0.134399	0.1604746	0.1131799	0.1259131
ASV_142	0.15605	0.08911316	0.12913338	0.25227735
ASV_143	0.142829	0.1558679	0.1596054	0.1135354
ASV_108	0.143999	0.07647911	0.13365153	0.22569495
ASV_123	0.131229	0.1065152	0.1077935	0.1791040
ASV_125	0.125103	0.04451454	0.16260444	0.17701079
ASV_407	0.118017	0.05319870	0.24063059	0.07519853
ASV_141	0.123465	0.12185693	0.15555084	0.09583611
ASV_127	0.131022	0.1463486	0.1033014	0.1399839
ASV_140	0.138066	0.1147747	0.2026903	0.1038697
ASV_135	0.123113	0.1090410	0.1617132	0.1028566
ASV_147	0.124525	0.1380882	0.1286972	0.1061977
ASV_158	0.127719	0.18746864	0.11474668	0.07566835
ASV_220	0.12035	0.1335790	0.1262010	0.1008452
ASV_197	0.097769	0.1048762	0.0264268	0.1554232
ASV_134	0.108555	0.15954803	0.08157621	0.07868395
ASV_207	0.111107	0.12156310	0.06827687	0.13909876
ASV_101	0.132348	0.24388078	0.08082380	0.06016313
ASV_145	0.099178	0.05516223	0.07289535	0.17030735
ASV_167	0.116366	0.1211868	0.1115443	0.1156203
ASV_149	0.108895	0.12541073	0.13102055	0.07098867
ASV_870	0.119842	0.1118719	0.1389224	0.1109149
ASV_210	0.103023	0.10401231	0.12519912	0.08167918
ASV_157	0.107593	0.06116548	0.03164511	0.22673096
ASV_319	0.095069	0.05170082	0.05012548	0.18257461
ASV_144	0.107168	0.10440562	0.06436551	0.14927556
ASV_121	0.105083	0.08561647	0.11690449	0.11509567
ASV_311	0.104048	0.11763723	0.10545622	0.08822145
ASV_166	0.14288	0.09543452	0.29396166	0.05543601
ASV_177	0.100507	0.07242604	0.16704783	0.06968146
ASV_208	0.09795	0.09521947	0.10220408	0.09697869
ASV_150	0.090722	0.08646281	0.13174198	0.05775724
ASV_133	0.09663	0.09579804	0.10391236	0.09085906
ASV_187	0.098756	0.09600888	0.09099373	0.10879387
ASV_212	0.090003	0.05692675	0.05631856	0.15620001
ASV_235	0.103527	0.10155613	0.11841856	0.09201498
ASV_165	0.085078	0.05902741	0.05790206	0.13780599
ASV_221	0.09331	0.09007555	0.09702639	0.09337059
ASV_151	0.10353	0.14956956	0.08662925	0.06973901
ASV_169	0.104648	0.12198282	0.11696204	0.07483979
ASV_139	0.085297	0.14941022	0.02684255	0.07018207
ASV_193	0.090353	0.14872074	0.03438115	0.07911219
ASV_202	0.089878	0.10271455	0.09431225	0.07209011
ASV_186	0.083743	0.08123529	0.07464999	0.09474446
ASV_163	0.089689	0.08622982	0.12818443	0.05817788
ASV_247	0.091009	0.14585731	0.05430121	0.06591189
ASV_294	0.089039	0.07649286	0.03430272	0.15253029
ASV_182	0.082228	0.15112065	0.05531338	0.03314780
ASV_128	0.101536	0.13613564	0.08239116	0.08203534
ASV_161	0.091529	0.09266483	0.11223524	0.07137340
ASV_278	0.079006	0.06730640	0.04100754	0.12627939
ASV_168	0.088173	0.06361242	0.04289675	0.15586148
ASV_245	0.090463	0.10772903	0.08202416	0.07971234
ASV_131	0.107279	0.11823914	0.04893448	0.14892304
ASV_206	0.089542	0.11108259	0.06363895	0.09019286
ASV_180	0.094482	0.08718445	0.10316240	0.09434702
ASV_156	0.12548	0.05761650	0.04166764	0.27474403
ASV_284	0.093183	0.08880574	0.10558084	0.08652365
ASV_217	0.0777	0.04867009	0.04787298	0.13603790
ASV_181	0.083021	0.07362229	0.12223217	0.05720694
ASV_185	0.07732	0.08119338	0.08963120	0.06191470
ASV_211	0.080893	0.12386542	0.04963841	0.06351273
ASV_225	0.080627	0.07651362	0.05205336	0.11116442
ASV_179	0.087124	0.09326067	0.10280763	0.06621245
ASV_281	0.088685	0.08080204	0.12943542	0.05984244
ASV_230	0.087152	0.07877797	0.10601691	0.07885358
ASV_192	0.085958	0.05143144	0.06424726	0.14275358
ASV_184	0.082443	0.08510248	0.07901664	0.08273243
ASV_132	0.099642	0.08967837	0.06910872	0.13822949
ASV_196	0.093879	0.09906406	0.08788074	0.09381857
ASV_160	0.082243	0.13565028	0.04974264	0.05483783
ASV_229	0.076139	0.07921100	0.09592252	0.05475529
ASV_195	0.083492	0.08837900	0.09434346	0.06833754
ASV_201	0.080281	0.12160002	0.07108422	0.04449042
ASV_153	0.077977	0.11149366	0.07426080	0.04552208
ASV_226	0.068524	0.11461152	0.03625769	0.04873528
ASV_162	0.06939	0.09086457	0.06116456	0.05394090
ASV_231	0.070724	0.03932261	0.08488574	0.09136071
ASV_171	0.08181	0.05096611	0.03373043	0.15878662
ASV_194	0.080429	0.08190059	0.05476278	0.10233300
ASV_183	0.101087	0.08681799	0.13835734	0.08226035
ASV_175	0.076144	0.05908840	0.07252769	0.09769888
ASV_172	0.064389	0.12750760	0.01964947	0.03779003
ASV_301	0.079267	0.08686348	0.05061791	0.09734549
ASV_433	0.066888	0.01943025	0.04678060	0.13604930
ASV_309	0.067858	0.04932356	0.05552856	0.09896458
ASV_173	0.074091	0.06290724	0.08126796	0.07948985
ASV_333	0.069852	0.02592022	0.02048875	0.16200273
ASV_577	0.074938	0.06745954	0.08218073	0.07631369
ASV_342	0.06695	0.04128644	0.10411307	0.06041082
ASV_214	0.070456	0.09280604	0.05753088	0.05837074
ASV_204	0.057946	0.11504462	0.03801811	0.01509368
ASV_223	0.071327	0.04277058	0.11325763	0.06352106
ASV_255	0.067762	0.06839365	0.09357761	0.04347215
ASV_164	0.075539	0.09599334	0.04974673	0.07724932
ASV_282	0.066411	0.08400590	0.06937497	0.04487600
ASV_286	0.063407	0.04525352	0.05284695	0.09248543
ASV_483	0.066155	0.04410282	0.04820754	0.10616242
ASV_190	0.060348	0.07641118	0.06382782	0.03998215
ASV_280	0.06698	0.05941063	0.07537010	0.06740156
ASV_786	0.073743	0.06222457	0.08736520	0.07360300
ASV_246	0.065407	0.05127904	0.05308875	0.09178879
ASV_358	0.06626	0.04544890	0.03312321	0.11883400
ASV_368	0.06342	0.07012113	0.06689353	0.05307309
ASV_178	0.077698	0.09052035	0.09247991	0.05045845
ASV_241	0.066328	0.06127175	0.05021124	0.08648041
ASV_222	0.061698	0.06710844	0.05833243	0.05898830
ASV_361	0.063349	0.05745856	0.07033572	0.06325799
ASV_507	0.067583	0.07228643	0.07008987	0.06025745
ASV_426	0.058505	0.08326212	0.05591372	0.03439122
ASV_251	0.060295	0.03510188	0.07431110	0.07442602
ASV_224	0.059594	0.06174609	0.07194390	0.04599617
ASV_363	0.056984	0.05378496	0.02561311	0.08910169
ASV_205	0.062982	0.07900262	0.05413317	0.05393911
ASV_234	0.059547	0.04009409	0.08716500	0.05509464
ASV_334	0.058058	0.10550121	0.02702479	0.03569279
ASV_262	0.061201	0.07811440	0.04078850	0.06177914
ASV_198	0.063464	0.07885179	0.07166892	0.03949713
ASV_219	0.056414	0.04213519	0.07734234	0.05254538
ASV_216	0.089204	0.10553445	0.08990017	0.07109888
ASV_228	0.062739	0.08441125	0.05282599	0.04862227
ASV_1119	0.054758	0.08932038	0.03319147	0.03751128
ASV_276	0.056235	0.05495058	0.03274287	0.07909748
ASV_269	0.061027	0.05715814	0.05654670	0.06926270
ASV_793	0.056483	0.07510505	0.05130637	0.04129553
ASV_472	0.050744	0.04032651	0.01524404	0.09435973
ASV_303	0.052873	0.05832006	0.01612342	0.08066147
ASV_273	0.057085	0.03253695	0.09716636	0.04668193
ASV_297	0.055698	0.05347652	0.06023396	0.05392392
ASV_488	0.060939	0.06188342	0.05214077	0.06797691
ASV_237	0.072997	0.06562927	0.12610316	0.03230228
ASV_218	0.057008	0.06592950	0.06121913	0.04361202
ASV_299	0.061861	0.05319638	0.08302481	0.05177026
ASV_341	0.053549	0.08441512	0.04045362	0.03250814
ASV_264	0.047837	0.09438018	0.01090974	0.03182382
ASV_350	0.052043	0.02972842	0.02484465	0.10079219
ASV_615	0.052483	0.022421630	0.008826513	0.124576375
ASV_244	0.057085	0.05698881	0.06323769	0.05155956
ASV_256	0.05447	0.05205418	0.06576563	0.04672232
ASV_355	0.050508	0.07984551	0.05367804	0.01622468
ASV_324	0.052193	0.04792848	0.06048127	0.04917214
ASV_265	0.069997	0.07173324	0.07874025	0.06014285
ASV_259	0.05203	0.06504993	0.04709629	0.04261482
ASV_232	0.052783	0.05451077	0.03981614	0.06279731
ASV_215	0.063031	0.05502510	0.10616509	0.03214077
ASV_260	0.054777	0.007775046	0.014038304	0.142321736
ASV_570	0.049164	0.02825358	0.03461810	0.08483918
ASV_456	0.047069	0.07553385	0.01949455	0.04184212
ASV_409	0.048651	0.05487312	0.05997571	0.03163691
ASV_242	0.053579	0.05132423	0.04334970	0.06534744
ASV_252	0.052614	0.05325308	0.05305800	0.05152568
ASV_388	0.047241	0.03738868	0.04369684	0.06102165
ASV_293	0.047679	0.05844348	0.01540152	0.06568944
ASV_238	0.05848	0.02772115	0.03947195	0.10877100
ASV_313	0.047296	0.02270158	0.05274910	0.06861957
ASV_250	0.048577	0.04964260	0.05574067	0.04088316
ASV_345	0.048947	0.04097781	0.08056826	0.02854830
ASV_249	0.05072	0.05898994	0.04480918	0.04728023
ASV_338	0.061034	0.06301308	0.07376743	0.04726963
ASV_292	0.047979	0.04066727	0.03332205	0.06920732
ASV_285	0.052063	0.04597258	0.04750303	0.06274910
ASV_233	0.045949	0.05733177	0.01866025	0.05873483
ASV_556	0.053427	0.04990743	0.05154984	0.05890836
ASV_257	0.048837	0.06304590	0.04115663	0.04066189
ASV_491	0.049494	0.06445697	0.02278732	0.05791555
ASV_270	0.045936	0.03773336	0.05095332	0.05012148
ASV_227	0.054331	0.05072481	0.04818880	0.06380865
ASV_754	0.044339	0.03767770	0.01465581	0.07861651
ASV_307	0.037832	0.01167701	0.08245697	0.02499307
ASV_314	0.04966	0.03376279	0.06810578	0.04979372
ASV_462	0.044699	0.03412337	0.02201479	0.07676384
ASV_320	0.041817	0.04307853	0.01423491	0.06569859
ASV_335	0.043069	0.02470990	0.03758401	0.06772601
ASV_392	0.044752	0.02678184	0.03127798	0.07630124
ASV_258	0.064443	0.07072468	0.09780490	0.02720469
ASV_310	0.044478	0.03855598	0.02256541	0.07085844
ASV_283	0.047676	0.07037961	0.03339669	0.03645094
ASV_1153	0.048275	0.04194270	0.06071574	0.04366817
ASV_528	0.043775	0.03617850	0.01683515	0.07654368
ASV_446	0.044055	0.04552508	0.04516590	0.04146761
ASV_327	0.041205	0.02520071	0.01698050	0.08048438
ASV_343	0.045449	0.05311625	0.02728717	0.05386117
ASV_346	0.051169	0.03214473	0.08897219	0.03694164
ASV_377	0.04679	0.01877264	0.02595307	0.09582347
ASV_521	0.03943	0.01917227	0.01589230	0.08263301
ASV_715	0.03938	0.01695758	0.09486695	0.01261032
ASV_275	0.046688	0.04814860	0.05795569	0.03481948
ASV_243	0.045212	0.03755048	0.05096627	0.04814402
ASV_481	0.039697	0.05468152	0.02286163	0.03906622
ASV_396	0.04409	0.01712634	0.04256921	0.07432595
ASV_248	0.059745	0.12765808	0.01606271	0.02704999
ASV_630	0.039419	0.039235636	0.009827532	0.066683087
ASV_236	0.042282	0.03942070	0.02856509	0.05789005
ASV_474	0.041866	0.03135469	0.02448619	0.06900869
ASV_520	0.041633	0.01993116	0.04393446	0.06274439
ASV_340	0.039858	0.02554152	0.04012966	0.05492608
ASV_305	0.047188	0.03703397	0.06466277	0.04206541
ASV_423	0.044681	0.02579114	0.02169077	0.08591791
ASV_298	0.038238	0.01645965	0.02574913	0.07296057
ASV_267	0.050881	0.06854701	0.04825203	0.03438674
ASV_347	0.039754	0.03925672	0.02359289	0.05506832
ASV_289	0.039987	0.05049409	0.02082675	0.04627365
ASV_308	0.05843	0.13082047	0.01281116	0.02271847
ASV_326	0.041608	0.05077698	0.03129399	0.04123454
ASV_348	0.036525	0.02268544	0.02785432	0.05926070
ASV_662	0.0404	0.04128417	0.03196909	0.04716669
ASV_783	0.038197	0.01455328	0.01162224	0.08779819
ASV_449	0.04109	0.02834089	0.01716536	0.07661228
ASV_375	0.043807	0.04007314	0.05605188	0.03659969
ASV_402	0.040965	0.02658358	0.02613194	0.06991803
ASV_891	0.045569	0.04007290	0.05681956	0.04115740
ASV_352	0.035976	0.03073546	0.06040949	0.01923303
ASV_277	0.041535	0.04550021	0.04315779	0.03581016
ASV_300	0.033104	0.02475418	0.01483892	0.05874529
ASV_436	0.041673	0.04108539	0.04925616	0.03536574
ASV_302	0.040638	0.06699952	0.02597795	0.02584793
ASV_498	0.037213	0.02147014	0.01997145	0.06982583
ASV_460	0.034722	0.049652934	0.005581139	0.045405756
ASV_239	0.031181	0.075568742	0.005933344	0.006789979
ASV_316	0.041271	0.05303276	0.03044383	0.03859226
ASV_578	0.035519	0.01648103	0.01314626	0.07635048
ASV_339	0.03606	0.02922127	0.03055366	0.04841283
ASV_290	0.038147	0.02174854	0.08294193	0.01471462
ASV_466	0.037036	0.02510247	0.03565133	0.05106787
ASV_279	0.032473	0.02683380	0.05723351	0.01585610
ASV_373	0.034456	0.081077267	0.007812326	0.008953171
ASV_268	0.036695	0.04821286	0.02776325	0.03254234
ASV_272	0.03646	0.04630416	0.03278094	0.02929351
ASV_328	0.04248	0.03341104	0.03334964	0.06053283
ASV_496	0.034425	0.04822598	0.01995205	0.03290103
ASV_359	0.034007	0.01897255	0.02813440	0.05546168
ASV_254	0.038456	0.04821380	0.01695786	0.04768145
ASV_389	0.033009	0.01737579	0.02087098	0.06083597
ASV_644	0.033794	0.02393190	0.01128353	0.06493471
ASV_323	0.042844	0.04672854	0.05147481	0.03079416
ASV_315	0.037502	0.07130026	0.02472103	0.01303538
ASV_253	0.047827	0.06306593	0.02824356	0.04943745
ASV_287	0.026439	0.008561901	0.040523137	0.032679947
ASV_422	0.033089	0.03373201	0.01187324	0.05180792
ASV_410	0.037281	0.03927980	0.03721588	0.03520194
ASV_337	0.036083	0.04009302	0.04142039	0.02691153
ASV_1044	0.036227	0.02558021	0.02759117	0.05551718
ASV_329	0.036739	0.01916537	0.04648543	0.04662227
ASV_533	0.031905	0.03095236	0.01060018	0.05241344
ASV_390	0.04261	0.03613500	0.07312305	0.02162443
ASV_438	0.037305	0.03231892	0.05262262	0.02862841
ASV_1237	0.032154	0.03066822	0.01158761	0.05255736
ASV_400	0.034424	0.02911568	0.04132945	0.03378481
ASV_601	0.03347	0.01781232	0.02050385	0.06208004
ASV_428	0.034885	0.071427427	0.024711166	0.005099569
ASV_470	0.0345	0.02904208	0.01710243	0.05625278
ASV_266	0.028267	0.05049325	0.02452786	0.00791126
ASV_371	0.030437	0.034973143	0.009333393	0.044887254
ASV_506	0.032306	0.02235860	0.01695656	0.05698736
ASV_414	0.035023	0.02287987	0.05285209	0.03170579
ASV_365	0.032557	0.03078063	0.04151010	0.02626671
ASV_376	0.030233	0.02797602	0.04909929	0.01539107
ASV_524	0.041812	0.04857663	0.03649629	0.03943851
ASV_432	0.035732	0.02118426	0.03782470	0.04938051
ASV_288	0.039263	0.03484282	0.02689759	0.05530333
ASV_801	0.031175	0.01779171	0.01974177	0.05594888
ASV_291	0.034422	0.02737514	0.03711338	0.03949963
ASV_322	0.029107	8.098600e-02	7.279975e-05	1.656348e-04
ASV_296	0.031459	0.013159819	0.080678404	0.006013507
ASV_412	0.031317	0.03405733	0.00901182	0.04879004
ASV_385	0.033569	0.03698991	0.02739178	0.03556041
ASV_405	0.034528	0.04701776	0.03398353	0.02166506
ASV_387	0.03478	0.03195034	0.02294048	0.04863802
ASV_886	0.029768	0.013834815	0.007594985	0.067095590
ASV_1133	0.031951	0.01503040	0.01085476	0.06934907
ASV_317	0.029198	0.03320729	0.01004363	0.04242926
ASV_360	0.031953	0.01225198	0.04912708	0.03731837
ASV_325	0.032019	0.02630660	0.03769005	0.03294299
ASV_529	0.031542	0.04182559	0.02318311	0.02818713
ASV_372	0.038362	0.011494083	0.105929953	0.005298852
ASV_885	0.037958	0.03494164	0.03700179	0.04205990
ASV_306	0.030852	0.01751202	0.04517378	0.03202065
ASV_394	0.02982	0.03945550	0.01932492	0.02911277
ASV_1126	0.028915	0.02560412	0.01315662	0.04687076
ASV_331	0.031315	0.03802712	0.02515852	0.02976711
ASV_1219	0.029467	0.01520853	0.01583853	0.05718720
ASV_263	0.03652	0.0005471187	0.0014258189	0.1071031452
ASV_399	0.032845	0.02268017	0.03319173	0.04340326
ASV_590	0.029553	0.01466196	0.01300187	0.06062180
ASV_304	0.033035	0.03463348	0.03395071	0.03048621
ASV_475	0.030254	0.023626693	0.004033367	0.061327943
ASV_945	0.030022	0.02278633	0.03747505	0.03094577
ASV_495	0.029256	0.03115762	0.01503590	0.04022974
ASV_594	0.026963	0.02807306	0.01697663	0.03490920
ASV_403	0.02861	0.03863111	0.02762410	0.01879159
ASV_567	0.025927	0.03582942	0.01420608	0.02605577
ASV_546	0.031355	0.02399206	0.03085216	0.03969306
ASV_439	0.030092	0.04389873	0.01634654	0.02789393
ASV_761	0.028353	0.02130600	0.01423936	0.04880196
ASV_452	0.032359	0.01625920	0.01330507	0.06701267
ASV_437	0.028492	0.02760071	0.02543688	0.03223957
ASV_398	0.029671	0.03625778	0.01473599	0.03628614
ASV_391	0.034713	0.044831528	0.052631729	0.007498135
ASV_1023	0.028107	0.01461872	0.01375575	0.05566492
ASV_418	0.030715	0.04411417	0.01539526	0.03039471
ASV_482	0.029287	0.02519228	0.03912857	0.02466490
ASV_1199	0.035034	0.04206419	0.03573069	0.02687645
ASV_321	0.031544	0.03059966	0.01642755	0.04638168
ASV_471	0.03114	0.03650423	0.01001064	0.04472767
ASV_685	0.028084	0.02122756	0.04570952	0.01929759
ASV_395	0.027311	0.04446188	0.01225169	0.02273753
ASV_381	0.032549	0.02596710	0.02175663	0.04946343
ASV_356	0.0304	0.02437719	0.04396573	0.02443258
ASV_1066	0.027339	0.012939111	0.009908115	0.058688743
ASV_1072	0.033422	0.02931049	0.03911995	0.03260805
ASV_312	0.023948	0.050796713	0.008717312	0.009157373
ASV_485	0.027214	0.04743022	0.00875044	0.02247687
ASV_353	0.027901	0.02608283	0.04992428	0.00970108
ASV_330	0.026949	0.04381800	0.02396416	0.01163289
ASV_419	0.02373	0.02440127	0.02056247	0.02590973
ASV_357	0.026761	0.02036224	0.03379718	0.02717015
ASV_351	0.024487	0.03350586	0.01839812	0.02040780
ASV_295	0.021329	0.054548688	0.002964159	0.002589759
ASV_589	0.025181	0.02263428	0.01956005	0.03304760
ASV_930	0.025189	0.02279764	0.01432423	0.03768475
ASV_378	0.027654	0.02280190	0.02140235	0.03856424
ASV_545	0.025092	0.01948501	0.01656460	0.03888969
ASV_440	0.024382	0.01399897	0.05838768	0.00438471
ASV_383	0.027034	0.03354062	0.03452938	0.01321772
ASV_427	0.028817	0.02121393	0.03907205	0.02757122
ASV_382	0.022908	0.02489126	0.01505780	0.02796657
ASV_374	0.029433	0.02872931	0.03466806	0.02539861
ASV_604	0.024689	0.02061977	0.01072329	0.04181833
ASV_366	0.023773	0.01404715	0.04966296	0.01049394
ASV_458	0.027165	0.02242569	0.02937667	0.03021188
ASV_397	0.027227	0.007320212	0.009901724	0.064371105
ASV_635	0.026062	0.02843382	0.02596512	0.02361418
ASV_494	0.023882	0.01828948	0.02594106	0.02798101
ASV_454	0.024354	0.01283956	0.02715727	0.03410743
ASV_349	0.022248	0.03547924	0.01223408	0.01725345
ASV_430	0.024245	0.02408460	0.01157142	0.03600939
ASV_522	0.025779	0.03312539	0.02115431	0.02215135
ASV_420	0.026387	0.02092029	0.03938498	0.02034450
ASV_1182	0.02385	0.01740501	0.01389042	0.03985433
ASV_336	0.02135	0.03396733	0.01455038	0.01407248
ASV_463	0.029145	0.01074390	0.05666056	0.02366136
ASV_415	0.024348	0.01902457	0.03667755	0.01876346
ASV_616	0.024859	0.02300604	0.03153302	0.02073568
ASV_1084	0.021904	0.01440141	0.01447143	0.03672969
ASV_384	0.032716	0.023948213	0.068707291	0.009172595
ASV_996	0.022996	0.01823575	0.02172120	0.02925492
ASV_1208	0.02259	0.02294452	0.01607773	0.02816720
ASV_408	0.026284	0.01994612	0.02105238	0.03785035
ASV_457	0.024614	0.02968374	0.01274219	0.03005028
ASV_519	0.023944	0.03454965	0.01412470	0.02158147
ASV_584	0.024714	0.01718496	0.03469530	0.02363896
ASV_769	0.031228	0.04057256	0.03157517	0.02091256
ASV_404	0.025153	0.03320525	0.02072095	0.02059174
ASV_421	0.026424	0.02582061	0.01972173	0.03320039
ASV_559	0.021523	0.007710943	0.005905490	0.050584339
ASV_344	0.022252	0.020827663	0.044393811	0.003522589
ASV_411	0.025121	0.01681729	0.01654831	0.04184654
ASV_707	0.025059	0.01504530	0.04233893	0.01996574
ASV_637	0.020961	0.01233758	0.02311218	0.02821873
ASV_477	0.023517	0.01785113	0.03306514	0.02084480
ASV_406	0.027466	0.03761021	0.03404343	0.01059668
ASV_729	0.022609	0.02218445	0.01319504	0.03167566
ASV_583	0.02458	0.03491139	0.01907338	0.01856426
ASV_465	0.024248	0.01537699	0.03788016	0.02126864
ASV_734	0.022683	0.04583195	0.00932208	0.01014027
ASV_369	0.019104	0.009597387	0.028782912	0.020421268
ASV_684	0.021779	0.03183763	0.01267294	0.01934717
ASV_550	0.024538	0.046934408	0.006675605	0.016918201
ASV_651	0.024167	0.01144020	0.02973235	0.03269066
ASV_531	0.022418	0.02382297	0.01055480	0.03176730
ASV_401	0.026304	0.008594494	0.005280571	0.064480543
ASV_1000	0.023939	0.02159956	0.02322594	0.02709484
ASV_512	0.021071	0.020495112	0.007279366	0.034303724
ASV_530	0.021195	0.01103710	0.01494081	0.03778259
ASV_592	0.024354	0.02506675	0.02502757	0.02297678
ASV_688	0.021176	0.01229834	0.01219569	0.03888884
ASV_744	0.024511	0.02379527	0.02742477	0.02261047
ASV_653	0.022666	0.037829958	0.005865678	0.021812480
ASV_459	0.024169	0.015374272	0.050666362	0.009339468
ASV_416	0.023074	0.008605437	0.018110721	0.043093061
ASV_833	0.021687	0.013054764	0.007918649	0.043516663
ASV_490	0.019917	0.02177128	0.02223525	0.01581401
ASV_587	0.020443	0.031366782	0.009432577	0.018828883
ASV_657	0.021527	0.009906512	0.020612411	0.034796280
ASV_425	0.020778	0.01674201	0.01207645	0.03305597
ASV_772	0.02004	0.021871750	0.005644178	0.031248651
ASV_469	0.02089	0.01120888	0.02315482	0.02917387
ASV_525	0.022369	0.01254368	0.01806745	0.03681569
ASV_379	0.018011	0.031406213	0.003876199	0.016610938
ASV_639	0.024345	0.01582808	0.04359041	0.01585240
ASV_431	0.028436	0.02892884	0.04352961	0.01410243
ASV_489	0.022245	0.025006280	0.008751344	0.031633743
ASV_668	0.021336	0.012861603	0.003959854	0.046297392
ASV_370	0.02239	0.003480074	0.042663834	0.024074662
ASV_693	0.020088	0.017254262	0.004124674	0.037722130
ASV_934	0.022024	0.01195761	0.01608620	0.03822298
ASV_455	0.022565	0.01582373	0.02406728	0.02840375
ASV_442	0.017888	0.0464877183	0.0004091384	0.0032810074
ASV_730	0.021888	0.01973261	0.03398600	0.01312616
ASV_557	0.020222	0.02761316	0.01410739	0.01790886
ASV_571	0.019184	0.012267160	0.006677335	0.038023771
ASV_624	0.020388	0.01521974	0.02005181	0.02622509
ASV_979	0.019497	0.01390087	0.01022421	0.03396670
ASV_464	0.019959	0.01195732	0.02245810	0.02623340
ASV_518	0.026027	0.01482155	0.01754640	0.04577082
ASV_503	0.021343	0.02165964	0.01771737	0.02432139
ASV_467	0.019952	0.03178682	0.01479459	0.01200771
ASV_386	0.031658	0.01054425	0.04513235	0.04191844
ASV_362	0.02131	0.010988453	0.053068408	0.003301426
ASV_549	0.02198	0.01660936	0.03325497	0.01741096
ASV_526	0.019538	0.006704071	0.029787822	0.023890725
ASV_393	0.03265	0.060552010	0.025772651	0.009091281
ASV_501	0.019203	0.03335413	0.01196699	0.01068219
ASV_561	0.018424	0.004718991	0.027613733	0.024677848
ASV_989	0.021693	0.01771404	0.02984247	0.01849495
ASV_842	0.018249	0.015095167	0.002381103	0.036137980
ASV_473	0.022169	0.01929066	0.02687899	0.02093972
ASV_595	0.017209	0.027994477	0.001932887	0.019644171
ASV_950	0.021036	0.01422000	0.01621234	0.03273873
ASV_535	0.01952	0.01893458	0.01222022	0.02682351
ASV_739	0.018567	0.01576488	0.01441387	0.02536330
ASV_1224	0.019109	0.006181306	0.004299852	0.046485119
ASV_354	0.014521	0.0360178977	0.0005203998	0.0043295916
ASV_751	0.020503	0.01473824	0.01594761	0.03083770
ASV_453	0.022665	0.02787560	0.01190278	0.02693628
ASV_504	0.021662	0.02522530	0.02399707	0.01571300
ASV_486	0.018805	0.02660448	0.01801603	0.01118369
ASV_894	0.019128	0.037100885	0.006504607	0.011449040
ASV_976	0.01904	0.019978150	0.007835464	0.028285864
ASV_937	0.019994	0.01453426	0.02863110	0.01793337
ASV_443	0.020638	0.02118929	0.01095838	0.02890321
ASV_502	0.021373	0.01349360	0.02559597	0.02593951
ASV_508	0.019566	0.008482863	0.031640693	0.020377759
ASV_499	0.016222	0.032567157	0.007266770	0.006927176
ASV_536	0.019065	0.02841952	0.01415228	0.01355194
ASV_580	0.019955	0.01338098	0.02660926	0.02090096
ASV_591	0.023979	0.02323723	0.02735179	0.02168765
ASV_756	0.020366	0.014175488	0.004187276	0.041787316
ASV_479	0.016733	0.01258069	0.01872842	0.01935087
ASV_702	0.017463	0.008605432	0.030190797	0.015294862
ASV_1118	0.020376	0.01805524	0.01369406	0.02897079
ASV_447	0.017591	0.018664525	0.024852191	0.009800603
ASV_659	0.017318	0.007673703	0.015764722	0.029056956
ASV_511	0.028027	0.004681825	0.010632560	0.068912059
ASV_904	0.021184	0.042197526	0.013587492	0.005653639
ASV_922	0.018442	0.009436069	0.002187441	0.042945385
ASV_538	0.020244	0.01639466	0.02671674	0.01844210
ASV_619	0.021096	0.01868265	0.01797153	0.02653617
ASV_1140	0.016542	0.015039075	0.001379913	0.032018954
ASV_500	0.017363	0.009098242	0.006927007	0.035750386
ASV_1082	0.01806	0.01564789	0.01769349	0.02097519
ASV_555	0.018186	0.009950877	0.030915198	0.015351399
ASV_451	0.020231	0.01678577	0.03035918	0.01465280
ASV_480	0.021663	0.01142776	0.04756643	0.00891714
ASV_753	0.015636	0.013303963	0.004245145	0.028549781
ASV_461	0.014162	0.003233542	0.038534569	0.003557274
ASV_574	0.019716	0.01522953	0.02598735	0.01877799
ASV_652	0.018337	0.012624042	0.005971594	0.035759151
ASV_767	0.021141	0.008199089	0.036602183	0.020843271
ASV_1165	0.017637	0.01866075	0.01839609	0.01584672
ASV_636	0.016876	0.020170240	0.007322216	0.022092144
ASV_948	0.017405	0.009360674	0.009760041	0.033004421
ASV_821	0.016006	0.002659915	0.014200175	0.031933950
ASV_1090	0.016103	0.01666926	0.00772720	0.02315890
ASV_527	0.017428	0.01603780	0.02139981	0.01528304
ASV_655	0.017352	0.01586960	0.01910420	0.01733436
ASV_663	0.017118	0.01977010	0.01494038	0.01627131
ASV_1216	0.01611	0.01784405	0.00955024	0.02025636
ASV_627	0.016679	0.01200989	0.02475871	0.01428247
ASV_664	0.020587	0.02919471	0.01975434	0.01214106
ASV_721	0.017415	0.02553383	0.01267973	0.01305997
ASV_450	0.017831	0.02776683	0.01040218	0.01399707
ASV_831	0.015483	0.013019583	0.008638205	0.024379432
ASV_608	0.016802	0.025677156	0.008694156	0.014723711
ASV_683	0.017283	0.01640252	0.01181886	0.02322450
ASV_581	0.016075	0.007057523	0.007572761	0.033499005
ASV_532	0.01678	0.01646450	0.02439781	0.01014805
ASV_478	0.016981	0.02386582	0.01638671	0.01015804
ASV_558	0.017388	0.009393309	0.010205883	0.032511580
ASV_497	0.016441	0.01580649	0.01320691	0.02007807
ASV_763	0.019296	0.01222396	0.03583419	0.01173273
ASV_448	0.018322	0.040092183	0.002023158	0.009940932
ASV_670	0.016751	0.008764904	0.013050696	0.028678320
ASV_596	0.01754	0.01030251	0.01917280	0.02378905
ASV_1209	0.018291	0.01824206	0.01743595	0.01912609
ASV_542	0.01696	0.01900701	0.01228653	0.01904473
ASV_698	0.019508	0.02173147	0.01863782	0.01792524
ASV_417	0.02487	0.04824115	0.01127371	0.01230544
ASV_724	0.015644	0.01292077	0.01636642	0.01789712
ASV_516	0.015423	0.031012610	0.005537202	0.007787650
ASV_847	0.017171	0.008449524	0.031605900	0.013297222
ASV_1079	0.016346	0.016939438	0.008778684	0.022633170
ASV_830	0.014823	0.026848946	0.002532119	0.013199526
ASV_623	0.015651	0.01046528	0.02748222	0.01037486
ASV_749	0.016394	0.01011104	0.01890594	0.02081644
ASV_717	0.017021	0.013381812	0.009023129	0.028229240
ASV_588	0.016944	0.009578921	0.017673050	0.024156100
ASV_723	0.016197	0.01514926	0.01625112	0.01726774
ASV_537	0.017389	0.01377411	0.01125484	0.02686811
ASV_777	0.015952	0.01100954	0.01290857	0.02402403
ASV_609	0.01935	0.006731683	0.048365496	0.006307423
ASV_743	0.016827	0.019728750	0.022352216	0.008669866
ASV_629	0.017394	0.01073777	0.02474817	0.01778893
ASV_676	0.014907	0.005534634	0.025011863	0.015689236
ASV_699	0.015241	0.010899708	0.032486086	0.004110026
ASV_523	0.016493	0.02307856	0.01461051	0.01117022
ASV_505	0.017696	0.01344247	0.02050399	0.01967636
ASV_597	0.018412	0.005779039	0.015325147	0.034751100
ASV_694	0.014285	0.027515649	0.001767095	0.011582367
ASV_746	0.016323	0.008083039	0.017696083	0.023881868
ASV_962	0.016133	0.007928247	0.016601629	0.024481297
ASV_468	0.013654	0.023966063	0.002658237	0.012680380
ASV_647	0.015807	0.01330364	0.02006217	0.01459128
ASV_918	0.016541	0.01460013	0.02133796	0.01422931
ASV_650	0.015231	0.040674296	0.000772671	0.001239450
ASV_492	0.01565	0.01290009	0.01886706	0.01564851
ASV_835	0.015989	0.01658066	0.02126293	0.01053290
ASV_544	0.017871	0.01329193	0.02624249	0.01511044
ASV_656	0.016674	0.007285869	0.005918012	0.036554617
ASV_1085	0.017322	0.009910864	0.030066502	0.013592704
ASV_552	0.013627	0.006345704	0.016472305	0.018813103
ASV_540	0.014815	0.007496453	0.018017630	0.019713202
ASV_441	0.019274	0.01723788	0.01361379	0.02662846
ASV_709	0.016737	0.01746167	0.01725417	0.01548956
ASV_771	0.015838	0.01053999	0.01850732	0.01906541
ASV_582	0.017615	0.01184040	0.01946597	0.02209927
ASV_823	0.015702	0.01426153	0.02093476	0.01245784
ASV_638	0.014213	0.009735951	0.031221775	0.003444429
ASV_840	0.014891	0.020607223	0.014105279	0.009494195
ASV_807	0.014137	0.01550117	0.01172584	0.01488374
ASV_710	0.015214	0.01133237	0.01137143	0.02287999
ASV_1147	0.021784	0.01739443	0.02776585	0.02100838
ASV_737	0.015696	0.02279920	0.01208251	0.01140242
ASV_509	0.015001	0.013188308	0.022700493	0.009898454
ASV_832	0.015151	0.011442608	0.007898213	0.025752960
ASV_534	0.012027	0.024735062	0.001943954	0.007655045
ASV_713	0.015312	0.01050407	0.02065691	0.01556642
ASV_1189	0.014651	0.012373981	0.008748401	0.022485394
ASV_444	0.012423	0.027336812	0.004558704	0.003661984
ASV_893	0.013528	0.004965862	0.001773405	0.033439956
ASV_621	0.017095	0.01266760	0.02294828	0.01647680
ASV_944	0.013653	0.006708814	0.004582515	0.029379636
ASV_579	0.01743	0.01404097	0.02226341	0.01663467
ASV_484	0.015609	0.025580921	0.008727607	0.011235269
ASV_984	0.013828	0.006585275	0.008971972	0.026018744
ASV_543	0.016264	0.008668358	0.022740265	0.018466023
ASV_593	0.01404	0.009122586	0.012864509	0.020376608
ASV_614	0.014344	0.008975358	0.020657573	0.014310908
ASV_759	0.014294	0.01405580	0.01281395	0.01590304
ASV_860	0.013893	0.01882165	0.01193089	0.01041479
ASV_1160	0.013272	0.006522910	0.002324363	0.030507352
ASV_628	0.016417	0.01572429	0.01835906	0.01538148
ASV_563	0.0177	0.024015941	0.019599508	0.009205828
ASV_785	0.012624	0.01308684	0.00281521	0.02110015
ASV_641	0.013916	0.009467825	0.015911257	0.016848759
ASV_682	0.015897	0.013464649	0.028837602	0.006663288
ASV_1024	0.014936	0.01403746	0.01522921	0.01562758
ASV_935	0.014188	0.01946093	0.01006506	0.01231918
ASV_711	0.014241	0.026937424	0.008035757	0.006333723
ASV_791	0.017802	0.020341249	0.028027331	0.005731703
ASV_1012	0.013847	0.008111111	0.014785016	0.019125225
ASV_625	0.013409	0.01011092	0.01365292	0.01671342
ASV_1181	0.013867	0.01060255	0.01756132	0.01397847
ASV_677	0.013393	0.01068417	0.01989632	0.01034068
ASV_493	0.014471	0.029106145	0.007930055	0.004798530
ASV_897	0.013333	0.016936607	0.006161956	0.016038313
ASV_1098	0.013754	0.008016325	0.012427905	0.021106327
ASV_899	0.018072	0.01590644	0.01901111	0.01953096
ASV_708	0.012502	0.018018656	0.004103396	0.014283134
ASV_602	0.014155	0.0008989575	0.0329581874	0.0111364057
ASV_572	0.016202	0.01048633	0.01709558	0.02149879
ASV_1045	0.01187	0.011807933	0.006523609	0.016827334
ASV_610	0.013276	0.02090664	0.00761680	0.01029047
ASV_568	0.020005	0.02742605	0.01473848	0.01688393
ASV_725	0.013971	0.012531961	0.009075658	0.019988573
ASV_779	0.012979	0.014218639	0.016334417	0.008583698
ASV_1114	0.014481	0.01050104	0.01150114	0.02146548
ASV_686	0.014383	0.025803060	0.008297240	0.007733234
ASV_1138	0.013916	0.011620620	0.006389314	0.023255499
ASV_513	0.012643	0.004844700	0.003859066	0.029020414
ASV_575	0.014377	0.01548916	0.01395727	0.01357198
ASV_696	0.017086	0.01093954	0.01177012	0.02852293
ASV_514	0.013553	0.009270498	0.010921219	0.020540336
ASV_910	0.015074	0.006339191	0.036550527	0.004774399
ASV_703	0.012325	0.015024091	0.009547355	0.011978737
ASV_565	0.011512	0.0008673695	0.0358875184	0.0006017813
ASV_1238	0.013055	0.01307303	0.01183781	0.01414861
ASV_510	0.014562	0.025007647	0.013591752	0.004276309
ASV_645	0.018459	0.020582408	0.025922106	0.009359759
ASV_564	0.014274	0.013125771	0.023188362	0.007349457
ASV_943	0.011271	0.011277773	0.001362223	0.020327975
ASV_968	0.01247	0.004914513	0.003719472	0.028556977
ASV_1017	0.015698	0.016189736	0.021827416	0.009566579
ASV_1159	0.011464	0.004887845	0.024940552	0.006171153
ASV_1019	0.016314	0.007623914	0.033852621	0.009567667
ASV_969	0.013175	0.01674379	0.01161524	0.01078539
ASV_429	0.015223	5.110176e-05	7.366856e-05	4.531041e-02
ASV_548	0.013257	0.005076963	0.006458060	0.028228382
ASV_566	0.015069	0.01974188	0.01196292	0.01291112
ASV_1091	0.012128	0.01233838	0.00389155	0.01943766
ASV_674	0.01204	0.020399998	0.002851842	0.011502283
ASV_607	0.015016	0.01394970	0.01882686	0.01266971
ASV_712	0.012198	0.008497361	0.026712355	0.002880409
ASV_487	0.013125	0.005868108	0.029451739	0.005952928
ASV_695	0.018374	0.006929056	0.009018380	0.039174473
ASV_613	0.012457	0.021250458	0.013216684	0.002353994
ASV_874	0.012761	0.01176033	0.01395971	0.01273388
ASV_673	0.016025	0.003342301	0.030104531	0.016713204
ASV_1013	0.011817	0.015548849	0.005405286	0.013689341
ASV_1150	0.01315	0.01170836	0.01572363	0.01233702
ASV_585	0.013635	0.01566993	0.01296538	0.01207186
ASV_620	0.017299	0.031423316	0.006187425	0.012351959
ASV_903	0.012519	0.015437888	0.005128283	0.016157566
ASV_974	0.012388	0.016093209	0.011061225	0.009638815
ASV_844	0.013015	0.01201262	0.01103917	0.01589461
ASV_1184	0.012163	0.005474338	0.007625092	0.023470601
ASV_576	0.01459	0.030468043	0.009199033	0.002534858
ASV_925	0.011741	0.002625827	0.015592860	0.017967339
ASV_1011	0.01407	0.01283354	0.01280979	0.01654514
ASV_434	0.00943	0.0246630787	0.0010413121	0.0008089553
ASV_736	0.012328	0.01019498	0.01425926	0.01284232
ASV_706	0.012994	0.010272844	0.009685579	0.018929949
ASV_755	0.012763	0.014189257	0.005659835	0.017735811
ASV_954	0.013244	0.01448589	0.01208684	0.01297402
ASV_980	0.015805	0.01406581	0.01968715	0.01411313
ASV_551	0.012082	0.007536793	0.010592055	0.018307487
ASV_915	0.011677	0.002185153	0.013291075	0.020356000
ASV_880	0.012199	0.004751432	0.012161083	0.020200484
ASV_515	0.009205	0.020651243	0.000000000	0.005380883
ASV_612	0.010052	0.002806648	0.005502574	0.021964220
ASV_632	0.014385	0.01170494	0.01775191	0.01417296
ASV_716	0.012415	0.009766246	0.007025561	0.020177412
ASV_824	0.014142	0.008181775	0.013988423	0.020658920
ASV_626	0.012032	0.015746084	0.009610473	0.010274694
ASV_675	0.009984	0.005479233	0.007010150	0.017523322
ASV_598	0.013883	0.01395245	0.01094332	0.01649658
ASV_802	0.011537	0.011575200	0.008716697	0.014077293
ASV_671	0.011556	0.012395674	0.012849892	0.009475069
ASV_691	0.011774	0.010363001	0.009408936	0.015446508
ASV_1059	0.012489	0.009519767	0.016216117	0.012257240
ASV_852	0.010853	0.017040804	0.003516083	0.010945063
ASV_701	0.009911	0.016732134	0.005802331	0.006370923
ASV_1049	0.010557	0.006011979	0.003862579	0.021541324
ASV_1095	0.014241	0.01276263	0.01528515	0.01486762
ASV_757	0.013152	0.01182808	0.01564631	0.01228566
ASV_720	0.011497	0.019436292	0.008404271	0.005831474
ASV_1198	0.010511	0.004109549	0.021380947	0.007415940
ASV_879	0.012548	0.01048264	0.01084538	0.01631370
ASV_661	0.011506	0.010868376	0.007842951	0.015537846
ASV_868	0.012285	0.01555037	0.01002206	0.01086318
ASV_781	0.012791	0.007539741	0.003434002	0.026966572
ASV_622	0.011759	0.009580448	0.016259052	0.009972293
ASV_855	0.013002	0.006697076	0.027184594	0.006774297
ASV_733	0.013216	0.003868478	0.019001600	0.017922944
ASV_1187	0.011541	0.008695209	0.011267429	0.014835869
ASV_1100	0.011173	0.014935326	0.007751767	0.010276614
ASV_435	0.008531	2.371094e-02	2.033833e-05	7.595396e-05
ASV_1020	0.013638	0.01376632	0.01050603	0.01636462
ASV_863	0.014359	0.005751748	0.004463469	0.032617281
ASV_600	0.014022	0.0007293192	0.0035436886	0.0378255616
ASV_727	0.014651	0.021073016	0.012910734	0.009372417
ASV_764	0.012331	0.016670598	0.011438771	0.008505793
ASV_562	0.012187	0.01142891	0.01232306	0.01287399
ASV_851	0.011023	0.013877084	0.007680941	0.011027339
ASV_1231	0.010597	0.006185046	0.001284348	0.023835367
ASV_750	0.009775	0.022039808	0.003033947	0.002820926
ASV_798	0.010317	0.007111850	0.008339774	0.015554046
ASV_1141	0.01019	0.011996776	0.010863355	0.007641003
ASV_631	0.012922	0.01716136	0.01022622	0.01085132
ASV_927	0.013279	0.01048779	0.01396677	0.01563611
ASV_678	0.010021	0.006096577	0.016134598	0.008625792
ASV_911	0.011077	0.008014555	0.005947810	0.019045929
ASV_812	0.015391	0.02300785	0.01148218	0.01081714
ASV_854	0.010794	0.012741682	0.015091540	0.004779211
ASV_728	0.011246	0.006712311	0.012304267	0.015127719
ASV_809	0.010383	0.017512925	0.003110862	0.009406444
ASV_1006	0.010441	0.008599463	0.007035056	0.015526657
ASV_1073	0.015033	0.01524615	0.01708374	0.01292813
ASV_1131	0.010749	0.013087911	0.007486545	0.011230992
ASV_1229	0.011403	0.01232248	0.00479076	0.01646923
ASV_618	0.012625	0.01174919	0.01116633	0.01489621
ASV_554	0.011686	0.01347261	0.01014325	0.01118455
ASV_617	0.013639	0.032087102	0.003929390	0.002786811
ASV_1174	0.014747	0.01399047	0.01791252	0.01266001
ASV_586	0.009372	0.005405824	0.021004527	0.002975278
ASV_667	0.009719	0.002275603	0.022106707	0.006351787
ASV_790	0.011077	0.005871669	0.014017435	0.013956550
ASV_1225	0.010555	0.009391371	0.014952745	0.007776389
ASV_704	0.012342	0.01603774	0.01044649	0.01012302
ASV_633	0.011038	0.005179511	0.026015221	0.003606207
ASV_816	0.011206	0.008158112	0.021626464	0.004934917
ASV_1088	0.013428	0.017978062	0.013936810	0.008094514
ASV_849	0.009389	0.006951713	0.003148513	0.017703460
ASV_804	0.010935	0.009631017	0.013742538	0.009762584
ASV_795	0.011819	0.01095763	0.01344043	0.01125849
ASV_796	0.010687	0.007492298	0.011808570	0.013077877
ASV_846	0.014158	0.01709241	0.02359033	0.00239042
ASV_1228	0.009028	0.00635691	0.00261080	0.01775478
ASV_794	0.01009	0.014674439	0.004589398	0.010217683
ASV_1213	0.009704	0.011141318	0.007534257	0.010150171
ASV_689	0.010071	0.006356075	0.018539255	0.006299037
ASV_700	0.011939	0.009796011	0.022873782	0.004229756
ASV_784	0.010749	0.001702876	0.008333777	0.022635758
ASV_740	0.011017	0.006085304	0.016401415	0.011368164
ASV_800	0.009144	0.0250593440	0.0002006773	0.0003002646
ASV_1115	0.010042	0.005980441	0.003791268	0.020106116
ASV_1136	0.009648	0.009294993	0.006104544	0.013265914
ASV_672	0.010537	0.011379070	0.010462392	0.009704165
ASV_938	0.009443	0.007178611	0.006018396	0.014997458
ASV_1116	0.009537	0.006712832	0.001251193	0.020136009
ASV_845	0.010297	0.0046702653	0.0007443765	0.0250555348
ASV_1042	0.010392	0.010405362	0.012976246	0.008015072
ASV_826	0.009853	0.006940873	0.008089036	0.014581562
ASV_914	0.009938	0.005527210	0.005492209	0.018724105
ASV_818	0.009961	0.012010582	0.006902755	0.010566218
ASV_722	0.011638	0.007044422	0.013223558	0.015100979
ASV_1112	0.009208	0.013818311	0.006287145	0.006947561
ASV_1029	0.010662	0.008258567	0.005606237	0.017856706
ASV_982	0.011069	0.012696382	0.006718421	0.013307047
ASV_1137	0.009561	0.006605240	0.007076235	0.014997179
ASV_726	0.010666	0.006811435	0.009174706	0.016153941
ASV_1186	0.010667	0.007287085	0.011331792	0.013674938
ASV_1037	0.009393	0.005615659	0.003893896	0.018463567
ASV_719	0.01166	0.014158759	0.010716295	0.009849485
ASV_1021	0.010292	0.00662285	0.01381125	0.01099834
ASV_1117	0.011555	0.006821592	0.005843468	0.021842671
ASV_951	0.008765	0.010506291	0.002469788	0.012660142
ASV_705	0.010688	0.012579379	0.009420286	0.009824771
ASV_649	0.010335	0.003288965	0.013685743	0.014806833
ASV_760	0.009955	0.008800942	0.009668101	0.011453137
ASV_1134	0.008554	0.011660172	0.007730295	0.005983836
ASV_991	0.009732	0.011850622	0.007335705	0.009656123
ASV_1107	0.011618	0.004955368	0.012269509	0.018150067
ASV_956	0.009669	0.005933205	0.012016260	0.011517741
ASV_965	0.009786	0.014152806	0.004447498	0.009997898
ASV_871	0.010079	0.015202903	0.007027765	0.007388002
ASV_905	0.009931	0.006343649	0.008111896	0.015432350
ASV_640	0.009916	0.009618701	0.017816281	0.003006434
ASV_789	0.014047	0.003856182	0.002940536	0.035109546
ASV_665	0.009538	0.009031678	0.011015094	0.008728210
ASV_1004	0.009149	0.007011034	0.004554626	0.015638140
ASV_825	0.013076	0.003722337	0.011767129	0.024280936
ASV_981	0.009479	0.010396422	0.006494281	0.011227598
ASV_887	0.0092	0.00555737	0.00486734	0.01705987
ASV_1056	0.009032	0.007279366	0.003125714	0.016308249
ASV_573	0.010509	0.006109014	0.002813711	0.022253977
ASV_658	0.010755	0.015516294	0.004464576	0.011414202
ASV_1003	0.009022	0.008575272	0.002678352	0.015302042
ASV_611	0.00921	0.0002397727	0.0293625202	0.0003729751
ASV_738	0.009904	0.016094771	0.008965447	0.004139829
ASV_1227	0.010118	0.006299627	0.009889888	0.014412440
ASV_765	0.010169	0.008187988	0.013815219	0.008952641
ASV_741	0.0088	0.004588630	0.018523299	0.004410121
ASV_603	0.010054	0.015749968	0.011741711	0.002417608
ASV_1144	0.009533	0.013393000	0.007269863	0.007474709
ASV_829	0.009773	0.008357481	0.009652936	0.011397461
ASV_988	0.009296	0.021325985	0.002269427	0.002855164
ASV_929	0.007903	0.012810376	0.002493385	0.007602833
ASV_654	0.009227	0.005851971	0.019720199	0.003239495
ASV_1124	0.00934	0.006671332	0.009336674	0.012199021
ASV_776	0.00849	0.007384327	0.012897312	0.005639847
ASV_797	0.009534	0.011144653	0.010267670	0.007140984
ASV_681	0.009588	0.008740099	0.006761529	0.013079712
ASV_569	0.007062	0.0160751500	0.0006642774	0.0032725241
ASV_810	0.010331	0.0006749921	0.0032677111	0.0271204507
ASV_1008	0.00909	0.009602160	0.012128272	0.005763417
ASV_799	0.009778	0.006741433	0.004750224	0.017626746
ASV_766	0.009856	0.011346618	0.009467025	0.008616119
ASV_1031	0.008988	0.010457862	0.009946095	0.006540313
ASV_547	0.006933	0.01934089	0.00000000	0.00000000
ASV_806	0.00982	0.010061406	0.006286385	0.012793741
ASV_752	0.008164	0.005887345	0.012838500	0.006322346
ASV_1175	0.008207	0.009186997	0.007500579	0.007803672
ASV_808	0.00851	0.006925573	0.010675976	0.008222440
ASV_1169	0.009233	0.005240183	0.008527797	0.014148414
ASV_666	0.010508	0.008420650	0.009376696	0.013775937
ASV_876	0.009263	0.006867296	0.008520958	0.012506030
ASV_605	0.008118	0.0007117076	0.0254376395	0.0001978079
ASV_958	0.008866	0.004870502	0.012247640	0.010048447
ASV_660	0.011239	0.008937584	0.010957280	0.013959688
ASV_788	0.012539	0.008473368	0.024555500	0.005896019
ASV_970	0.00984	0.008896435	0.016393068	0.004855404
ASV_1161	0.011429	0.007445781	0.021683034	0.006311024
ASV_933	0.007985	0.011248170	0.003394999	0.008692075
ASV_642	0.009319	0.0208862941	0.0007151354	0.0048143286
ASV_1092	0.007637	0.010426118	0.002963139	0.008928051
ASV_1061	0.007553	0.002693211	0.003152827	0.016777958
ASV_1197	0.007768	0.004323487	0.001671448	0.017028334
ASV_1221	0.007859	0.008523201	0.008739554	0.006342582
ASV_817	0.006881	0.0180668756	0.0001880069	0.0010361426
ASV_998	0.008313	0.002995463	0.003086384	0.018782641
ASV_1195	0.008487	0.009929509	0.005975229	0.009242760
ASV_1009	0.008423	0.009145288	0.005514595	0.010311533
ASV_1148	0.007616	0.006746065	0.010283496	0.006105755
ASV_848	0.009262	0.007788760	0.012072217	0.008266423
ASV_692	0.00897	0.009214775	0.013317686	0.004731019
ASV_913	0.008354	0.006640376	0.004617375	0.013604507
ASV_964	0.008253	0.008200754	0.010828094	0.005952282
ASV_923	0.008508	0.006869574	0.006773149	0.011848376
ASV_762	0.008149	0.005120154	0.012157589	0.007723815
ASV_906	0.007944	0.010162722	0.008056493	0.005467826
ASV_742	0.008328	0.010501113	0.009905735	0.004558896
ASV_778	0.008418	0.003463088	0.002852375	0.018809738
ASV_1104	0.008035	0.005660156	0.007051837	0.011473462
ASV_1158	0.008299	0.008789715	0.004859489	0.010919071
ASV_648	0.006371	0.0164731587	0.0007575741	0.0006996576
ASV_813	0.007008	0.014720864	0.001074874	0.004184026
ASV_898	0.010366	0.01014457	0.01412088	0.00716776
ASV_1191	0.007096	0.007074684	0.010386214	0.004110631
ASV_1230	0.010766	0.015963088	0.009419547	0.006439111
ASV_857	0.008547	0.010950602	0.009184814	0.005391885
ASV_690	0.008141	0.012751570	0.007840300	0.003484889
ASV_1196	0.007292	0.004506109	0.003083944	0.014120372
ASV_1200	0.007577	0.005457701	0.010641119	0.007040409
ASV_1075	0.007963	0.005634672	0.002704765	0.015264262
ASV_872	0.007934	0.004660437	0.005552589	0.013613594
ASV_787	0.009092	0.008041108	0.008860090	0.010429236
ASV_731	0.008281	0.004609072	0.004817503	0.015376319
ASV_1036	0.00711	0.012721252	0.002428692	0.005388809
ASV_921	0.007707	0.012517194	0.006273819	0.003873146
ASV_1113	0.008232	0.008299851	0.007145323	0.009152991
ASV_1074	0.009336	0.008997289	0.009853466	0.009223633
ASV_1101	0.008019	0.006670654	0.007426015	0.010004465
ASV_774	0.009415	0.015618523	0.004945803	0.006868211
ASV_1121	0.008886	0.018817437	0.004235929	0.002515262
ASV_1214	0.007074	0.006981203	0.006108570	0.008056480
ASV_888	0.00792	0.004112347	0.018034010	0.002740963
ASV_732	0.008527	0.016962274	0.004468925	0.003214500
ASV_1135	0.008258	0.005382956	0.007888270	0.011672619
ASV_718	0.00768	0.005560625	0.003981606	0.013330382
ASV_1123	0.007784	0.004689349	0.008791591	0.010172711
ASV_1218	0.008724	0.007038769	0.010292233	0.009091484
ASV_758	0.008695	0.005855589	0.008003860	0.012363881
ASV_822	0.00779	0.006227492	0.006836711	0.010332638
ASV_735	0.007941	0.011492887	0.009472952	0.002740395
ASV_1232	0.007714	0.004761254	0.010559234	0.008271405
ASV_773	0.006749	0.008643566	0.001621219	0.009413432
ASV_770	0.00737	0.001180895	0.019934911	0.002496258
ASV_1043	0.007143	0.009614088	0.002876059	0.008401651
ASV_946	0.010824	0.003768309	0.004165031	0.024463715
ASV_837	0.009018	0.007056039	0.004422250	0.015320453
ASV_820	0.009737	0.013957686	0.010537686	0.004489361
ASV_884	0.007667	0.002471861	0.004765301	0.015878289
ASV_900	0.008348	0.008577279	0.007476584	0.008898721
ASV_1007	0.007626	0.009689005	0.005913042	0.006985222
ASV_1111	0.006856	0.002884442	0.003606811	0.014078018
ASV_680	0.00587	0.0145518496	0.0014901260	0.0005886766
ASV_803	0.007206	0.01091206	0.00630014	0.00406992
ASV_987	0.00958	0.004946106	0.003731923	0.019885474
ASV_862	0.008562	0.009654507	0.003090640	0.012399526
ASV_768	0.010647	0.003704964	0.003010651	0.025059420
ASV_955	0.007611	0.006472698	0.005668699	0.010604761
ASV_992	0.007216	0.002042815	0.002901369	0.016695741
ASV_747	0.008326	0.014744977	0.005965982	0.003616742
ASV_961	0.006858	0.003234639	0.006752229	0.010829725
ASV_859	0.00625	0.0005268371	0.0193852021	0.0003569037
ASV_1139	0.008272	0.003962275	0.020310006	0.001869586
ASV_1014	0.007775	0.014788349	0.002121578	0.005442642
ASV_714	0.009368	0.013152746	0.005988893	0.008409881
ASV_1048	0.00648	0.001566771	0.009728866	0.008762942
ASV_839	0.008155	0.004058361	0.017168711	0.004293094
ASV_1016	0.007063	0.005260861	0.002007494	0.013615543
ASV_856	0.008008	0.002652141	0.017571506	0.004990094
ASV_850	0.007554	0.002425033	0.002292781	0.017853588
ASV_917	0.006795	0.007891887	0.004226340	0.007969804
ASV_936	0.005611	0.011001305	0.003407218	0.001859117
ASV_889	0.006636	0.0007814168	0.0206001673	0.0001253073
ASV_1041	0.007438	0.006221344	0.005430040	0.010576803
ASV_942	0.006681	0.008953778	0.002165572	0.008378727
ASV_861	0.006717	0.013404302	0.001181717	0.004626333
ASV_909	0.007105	0.006352126	0.007619196	0.007440242
ASV_1146	0.007676	0.007387236	0.008229695	0.007478588
ASV_928	0.007141	0.005993811	0.009993144	0.005757981
ASV_853	0.006406	0.009777133	0.005847661	0.003310371
ASV_901	0.008439	0.002703137	0.005951763	0.016851464
ASV_947	0.008044	0.004652409	0.017543493	0.002981911
ASV_1217	0.006826	0.005098403	0.007635927	0.007933652
ASV_836	0.007281	0.009622560	0.005730923	0.006195399
ASV_907	0.005779	0.010412766	0.003700417	0.002723329
ASV_1212	0.006972	0.002899227	0.003326885	0.014663017
ASV_902	0.006701	0.002446564	0.008012080	0.010052143
ASV_838	0.006269	0.0001008918	0.0201450662	0.0001740874
ASV_814	0.006969	0.006445080	0.003917494	0.010319883
ASV_1179	0.006254	0.003823420	0.006145313	0.008955050
ASV_775	0.010138	0.009057324	0.013276995	0.008423214
ASV_748	0.010518	0.0004323510	0.0334837167	0.0003000596
ASV_1078	0.005887	0.010684990	0.002528974	0.003824931
ASV_1154	0.006988	0.005863719	0.001812358	0.012924933
ASV_866	0.007102	0.005889695	0.008280045	0.007321712
ASV_949	0.00667	0.005300680	0.012212676	0.003066178
ASV_896	0.006883	0.005721278	0.008410456	0.006728417
ASV_1046	0.006322	0.005971162	0.009054497	0.004198349
ASV_1102	0.005996	0.002789953	0.007599684	0.007958326
ASV_828	0.00504	0.002144009	0.009474385	0.004080297
ASV_919	0.005538	0.009816527	0.005041064	0.001416390
ASV_1094	0.006246	0.001722289	0.003358487	0.013727783
ASV_815	0.00684	0.004237071	0.012016396	0.004888315
ASV_1022	0.006691	0.007742824	0.005513509	0.006642675
ASV_994	0.006809	0.001864231	0.015597503	0.004059151
ASV_1083	0.006559	0.007085294	0.001298128	0.010809072
ASV_864	0.005686	0.005038031	0.004182778	0.007754275
ASV_1170	0.006305	0.004998304	0.003915747	0.009888376
ASV_1178	0.006888	0.005902862	0.008462431	0.006502823
ASV_890	0.007193	0.006132853	0.009187033	0.006501645
ASV_1064	0.006026	0.005251189	0.007786334	0.005244078
ASV_1129	0.006385	0.003708768	0.002356444	0.012933327
ASV_819	0.005995	0.006371745	0.002428805	0.008855058
ASV_1093	0.00628	0.010206755	0.004915505	0.003326593
ASV_875	0.005721	0.003202715	0.003228318	0.010696358
ASV_1062	0.006884	0.003520012	0.008773002	0.008754553
ASV_941	0.005269	0.0121388145	0.0006326399	0.0021595442
ASV_1060	0.005747	0.001775749	0.015329337	0.001229475
ASV_1105	0.006705	0.006771219	0.008603689	0.004896594
ASV_1177	0.007337	0.004936337	0.007438049	0.009811303
ASV_997	0.006489	0.010357470	0.004622552	0.004057899
ASV_834	0.006215	0.008731888	0.001649015	0.007699302
ASV_975	0.005534	0.003972625	0.005277883	0.007438526
ASV_940	0.006137	0.009076226	0.002528728	0.006291813
ASV_867	0.00501	0.006494097	0.003282603	0.005002865
ASV_966	0.00566	0.002929664	0.006415298	0.007888665
ASV_990	0.005048	0.001673898	0.010658508	0.003524575
ASV_869	0.006474	0.005977142	0.010293975	0.003511096
ASV_1065	0.005916	0.006209243	0.004988885	0.006450515
ASV_1223	0.005396	0.007434440	0.002919615	0.005481328
ASV_878	0.00605	0.007673014	0.007376777	0.003100182
ASV_882	0.005926	0.0037688313	0.0009793597	0.0127580364
ASV_932	0.005434	0.0135065139	0.0001291539	0.0016516458
ASV_892	0.005385	0.006586079	0.004600509	0.004817792
ASV_1039	0.005566	0.004591233	0.006594146	0.005669704
ASV_1067	0.005823	0.004133399	0.005468528	0.007954422
ASV_877	0.005371	0.001871801	0.010395032	0.004517858
ASV_1054	0.005316	0.006838471	0.007014036	0.002132655
ASV_1069	0.006444	0.005515773	0.008246888	0.005787089
ASV_1055	0.005441	0.003152092	0.006649801	0.006782738
ASV_1001	0.006109	0.005147124	0.007372170	0.005982127
ASV_1142	0.004668	0.004884835	0.001399287	0.007425397
ASV_1176	0.004853	0.0007143102	0.0134514578	0.0014153979
ASV_983	0.00576	0.0008332095	0.0080448432	0.0089407153
ASV_908	0.004962	0.001920085	0.002387741	0.010570629
ASV_843	0.005788	0.0102308059	0.0008826791	0.0055224305
ASV_967	0.005087	0.007871578	0.003976391	0.003123915
ASV_1032	0.005086	0.002167704	0.008392613	0.005183597
ASV_986	0.005682	0.004188258	0.009081126	0.004171002
ASV_1002	0.005189	0.004702324	0.003163534	0.007562710
ASV_924	0.00564	0.009371264	0.002522940	0.004499638
ASV_995	0.005625	0.008193819	0.004941596	0.003500883
ASV_1185	0.00564	0.002022898	0.002639097	0.012254344
ASV_792	0.005894	9.228855e-04	3.381084e-05	1.657256e-02
ASV_1235	0.006076	0.004420666	0.006682497	0.007291303
ASV_1080	0.005627	0.013171342	0.001403921	0.001419875
ASV_1155	0.006488	0.005900797	0.005325676	0.008179038
ASV_895	0.00459	0.005026599	0.002765050	0.005791206
ASV_960	0.005495	0.0112945817	0.0008813784	0.0035104846
ASV_1052	0.005155	0.004007176	0.003528963	0.007869773
ASV_912	0.005579	0.005206026	0.004278826	0.007167618
ASV_993	0.005363	0.008411745	0.002867470	0.004385139
ASV_1157	0.004939	0.008087434	0.001260398	0.004934693
ASV_858	0.00383	0.0088795329	0.0004344706	0.0015337608
ASV_977	0.005378	0.005006816	0.007461313	0.003867959
ASV_1026	0.004955	0.004425487	0.004602793	0.005844548
ASV_1122	0.005272	0.010215306	0.003894739	0.001244077
ASV_952	0.005272	0.005393276	0.004845946	0.005532918
ASV_1027	0.00489	0.003427844	0.008450889	0.003198146
ASV_1240	0.004489	0.0069331961	0.0009110998	0.0051477776
ASV_1234	0.005488	0.004067235	0.009615465	0.003232439
ASV_1035	0.004368	0.002488176	0.002200412	0.008362737
ASV_1226	0.004927	0.007393743	0.003909586	0.003217812
ASV_1108	0.005749	0.0004515811	0.0168334969	0.0012780184
ASV_953	0.007076	0.002582169	0.001913909	0.016605628
ASV_1038	0.005368	0.002969233	0.011126366	0.002667491
ASV_1010	0.004548	0.006512541	0.002826698	0.004019702
ASV_1171	0.004726	0.002727874	0.003759995	0.007745779
ASV_1194	0.004832	0.003532070	0.001616094	0.009165355
ASV_1163	0.005433	5.453975e-04	8.940967e-05	1.554893e-02
ASV_916	0.004229	0.00329942	0.00348000	0.00590801
ASV_1068	0.005349	0.005305385	0.004930672	0.005777157
ASV_1047	0.004502	0.001666996	0.005029346	0.007052187
ASV_931	0.005311	0.001777119	0.001821805	0.012284062
ASV_1071	0.004702	0.005299064	0.004698383	0.004066290
ASV_1081	0.004482	0.004345681	0.002887968	0.006087375
ASV_1233	0.00501	0.004458194	0.003640542	0.006851939
ASV_1030	0.004272	0.0110339143	0.0006154862	0.0003833136
ASV_1025	0.004624	0.001778193	0.006335028	0.006103228
ASV_1132	0.00462	0.001923393	0.007557269	0.004817712
ASV_957	0.004644	0.003388089	0.007126906	0.003717673
ASV_1097	0.006231	0.009056162	0.006080281	0.003346615
ASV_1070	0.004499	0.002596283	0.002608512	0.008262502
ASV_1120	0.004902	0.005605697	0.004427856	0.004583634
ASV_1099	0.004276	0.001654160	0.006176663	0.005341746
ASV_1192	0.005984	0.005984058	0.007467803	0.004626419
ASV_1151	0.004319	0.003789911	0.006244616	0.003123794
ASV_1089	0.003599	0.0002274103	0.0112536017	0.0002033942
ASV_1106	0.003788	0.003623700	0.001250988	0.006283069
ASV_1103	0.005746	0.004267840	0.007850010	0.005401404
ASV_972	0.006065	0.011341341	0.003304025	0.002946340
ASV_1076	0.00384	0.001129212	0.002903378	0.007597895
ASV_1087	0.003467	0.003665231	0.003036680	0.003647685
ASV_1005	0.004879	6.951603e-03	3.581541e-05	7.091130e-03
ASV_1183	0.004258	0.009452391	0.001461616	0.001258718
ASV_1152	0.004556	0.0001350564	0.0000000000	0.0134522065
ASV_1063	0.003901	0.002573222	0.004201929	0.005045500
ASV_1202	0.003836	0.004319363	0.003542551	0.003587960
ASV_1130	0.003992	0.001960857	0.002945894	0.007122685
ASV_1034	0.004788	0.006409584	0.000388544	0.007076878
ASV_1206	0.003083	0.0004746649	0.0089271971	0.0005288724
ASV_1057	0.003657	0.002912359	0.007183930	0.001228392
ASV_1207	0.003413	0.004073018	0.003532716	0.002597804
ASV_1164	0.003562	0.003014429	0.006370748	0.001578964
ASV_1125	0.003679	0.006840883	0.001613230	0.002186914
ASV_1040	0.003267	0.0042661231	0.0006460841	0.0045957968
ASV_1110	0.004365	0.005262964	0.003585190	0.004117181
ASV_1203	0.003643	0.005264030	0.001161634	0.004178357
ASV_1058	0.003379	0.0009049144	0.0010409376	0.0081629528
ASV_1215	0.003931	0.00000000	0.00000000	0.01173254
ASV_1143	0.002972	0.0010591651	0.0004230773	0.0073502921
ASV_1145	0.004425	0.004676911	0.004612730	0.003983327
ASV_1053	0.002449	0.0003543318	0.0001229562	0.0068186233
ASV_1193	0.003225	0.002567765	0.003688556	0.003502660
ASV_926	0.003634	0.00000000	0.00000000	0.01084497
ASV_1028	0.003225	0.0002328356	0.0072059678	0.0027847388
ASV_1205	0.002998	0.001688452	0.003741957	0.003719044
ASV_1166	0.003338	0.0082676819	0.0007951547	0.0003901715
ASV_1162	0.002871	7.786415e-03	2.125365e-04	4.312872e-05
ASV_1201	0.002842	0.001069094	0.004151389	0.003541427
ASV_1236	0.00362	0.0025283105	0.0078630115	0.0009080461
ASV_1188	0.002582	0.003174590	0.001645963	0.002804591
ASV_1190	0.003484	0.004744464	0.004473434	0.001230088
ASV_1220	0.002765	0.002415686	0.002846019	0.003065560
ASV_1149	0.002406	1.760591e-04	7.615896e-03	2.453121e-05
ASV_1086	0.00284	0.0035364291	0.0049585720	0.0001581427
ASV_1167	0.002704	0.0058384054	0.0005724132	0.0013015029
ASV_1168	0.002532	0.001726732	0.002456145	0.003462646
ASV_1173	0.002202	0.0024462441	0.0003319804	0.0036524382
ASV_1239	0.002416	0.0002968341	0.0001790259	0.0067301745
