OTUID	All	med	post	pre
ASV_1	6.982739	8.240069	6.212139	6.543063
ASV_2	5.285408	5.533423	5.950780	4.544779
ASV_3	2.648249	4.003093	3.140659	1.116253
ASV_4	2.601944	2.362824	3.930527	1.739938
ASV_5	2.027319	2.420688	2.278790	1.495712
ASV_8	1.589817	1.625388	1.727217	1.450018
ASV_13	1.57846	1.249458	1.372447	2.019633
ASV_11	1.435216	1.7800551	0.7069092	1.7281958
ASV_14	1.523439	1.338590	1.132946	1.991106
ASV_7	1.504514	1.605147	1.105555	1.739149
ASV_9	1.448983	2.173477	1.185581	1.051130
ASV_10	0.845779	0.4817745	0.3281068	1.5656816
ASV_6	1.287899	1.596333	1.280820	1.034479
ASV_20	1.044194	1.3625769	0.6200338	1.1160797
ASV_18	0.964514	0.8149075	0.7136602	1.2908655
ASV_22	1.087381	0.5968850	2.2701364	0.5531924
ASV_38	0.901492	0.4667351	0.4265853	1.6466120
ASV_15	0.944475	0.8051283	0.8370437	1.1474719
ASV_28	0.868132	1.3983268	0.5071757	0.7115330
ASV_23	0.83287	1.0307025	0.7453444	0.7367116
ASV_35	0.758216	0.4608256	1.4432133	0.4600266
ASV_25	0.901102	0.9694048	1.0033020	0.7619681
ASV_27	0.653551	0.6338792	0.6752926	0.6526811
ASV_52	0.672189	0.4220103	0.6592096	0.8927228
ASV_54	0.634371	0.4095282	0.9062863	0.6057064
ASV_39	0.711038	0.8710302	0.8696574	0.4497478
ASV_57	0.682966	0.1451718	1.0513687	0.8399913
ASV_87	0.569389	0.3427580	0.5922970	0.7414337
ASV_16	0.68639	1.1679377	0.5536246	0.3881014
ASV_69	0.521663	0.7494396	0.5171699	0.3339249
ASV_55	0.558316	0.2747947	0.7955515	0.6066850
ASV_42	0.589331	0.7070454	0.7136302	0.3910125
ASV_26	0.51292	0.5077764	0.4268558	0.5860916
ASV_24	0.470748	0.43648076	0.09397014	0.80095423
ASV_41	0.497867	0.1722515	0.8885961	0.4588000
ASV_17	0.509407	0.2897318	0.3819191	0.7959250
ASV_51	0.435578	0.3065989	0.2568228	0.6869239
ASV_65	0.411405	0.3584406	0.2403700	0.5927238
ASV_60	0.416694	0.2614070	0.3469075	0.6029638
ASV_56	0.421519	0.3767130	0.5089507	0.3892097
ASV_12	0.570914	0.5135806	0.7512950	0.4747689
ASV_118	0.390663	0.5077405	0.4740490	0.2256087
ASV_33	0.513806	0.7971811	0.4312867	0.3417875
ASV_31	0.409174	0.4348086	0.3808573	0.4102930
ASV_62	0.407752	0.5467901	0.2845031	0.3895597
ASV_37	0.470834	0.5199307	0.6639273	0.2751175
ASV_21	0.446593	0.8338656	0.3318561	0.2130734
ASV_137	0.391557	0.10566143	1.10222629	0.06317276
ASV_34	0.374172	0.4184592	0.4954727	0.2399289
ASV_43	0.432804	0.4753296	0.3971498	0.4256055
ASV_72	0.386863	0.6024543	0.2370786	0.3255943
ASV_36	0.436968	0.6800895	0.2995797	0.3426566
ASV_90	0.348836	0.2372112	0.3874237	0.4117309
ASV_29	0.353271	0.2767069	0.3589270	0.4130595
ASV_67	0.32437	0.08603567	0.15932520	0.65660568
ASV_59	0.357382	0.3198163	0.3172561	0.4210369
ASV_109	0.338547	0.90200767	0.07614835	0.07516001
ASV_49	0.329515	0.5016644	0.2981833	0.2099738
ASV_40	0.347474	0.2540843	0.4787130	0.3209290
ASV_119	0.304104	0.19305389	0.03828484	0.61004244
ASV_30	0.400152	0.4424324	0.6258876	0.1840468
ASV_113	0.313292	0.3104116	0.2585490	0.3595069
ASV_124	0.314017	0.1409275	0.4886848	0.3196767
ASV_53	0.298159	0.08289278	0.50802073	0.31109419
ASV_88	0.320526	0.2564183	0.3945446	0.3151612
ASV_94	0.300935	0.1818923	0.3614467	0.3525220
ASV_66	0.240075	0.33058921	0.37684369	0.05462838
ASV_81	0.281321	0.2214427	0.3800355	0.2526483
ASV_99	0.261566	0.1520973	0.3530634	0.2803225
ASV_145	0.232699	0.07766483	0.17939068	0.40557422
ASV_44	0.261044	0.1731657	0.4055191	0.2192809
ASV_89	0.223696	0.3201588	0.1607039	0.1930610
ASV_106	0.221913	0.2165864	0.2593903	0.1964068
ASV_138	0.306107	0.3463966	0.3795630	0.2135000
ASV_122	0.260923	0.1005430	0.5385785	0.1735178
ASV_881	0.311309	0.2352831	0.4925946	0.2301424
ASV_74	0.253283	0.2536505	0.3297661	0.1917867
ASV_61	0.294755	0.5618886	0.1347380	0.1983761
ASV_97	0.242725	0.3075261	0.2119675	0.2128987
ASV_32	0.256659	0.2258343	0.3377363	0.2176886
ASV_96	0.237523	0.08039898	0.06601688	0.50671156
ASV_76	0.243509	0.4008742	0.1821719	0.1603913
ASV_199	0.205908	0.14296402	0.02049811	0.40710918
ASV_159	0.22121	0.1412811	0.3620641	0.1756678
ASV_117	0.242921	0.1876418	0.1435824	0.3688265
ASV_73	0.257485	0.3663009	0.2525820	0.1700008
ASV_156	0.313768	0.14429396	0.07968343	0.64339351
ASV_63	0.244968	0.3008452	0.1961507	0.2370847
ASV_126	0.20189	0.1058938	0.1585894	0.3171667
ASV_83	0.254826	0.3265619	0.2721836	0.1806812
ASV_77	0.246407	0.2360682	0.2949295	0.2162728
ASV_112	0.188557	0.2404663	0.3021645	0.0540677
ASV_209	0.195072	0.1886627	0.1727900	0.2182818
ASV_319	0.177017	0.04589342	0.10333362	0.34610651
ASV_71	0.193625	0.10640442	0.08429908	0.35435211
ASV_46	0.22656	0.3329129	0.1762269	0.1774905
ASV_78	0.188778	0.1559819	0.1132338	0.2767613
ASV_86	0.189451	0.09763239	0.15344965	0.29537970
ASV_58	0.217667	0.3591974	0.1445841	0.1572489
ASV_84	0.218379	0.2221847	0.2581474	0.1833679
ASV_110	0.163979	0.18251929	0.03907432	0.24832937
ASV_101	0.247748	0.60363991	0.07640531	0.08587370
ASV_188	0.170612	0.1093383	0.1347948	0.2507350
ASV_93	0.228417	0.2260669	0.2740520	0.1938820
ASV_116	0.221505	0.3638354	0.1830920	0.1326789
ASV_48	0.175691	0.2480831	0.1671930	0.1216789
ASV_103	0.161769	0.1593178	0.1772598	0.1514353
ASV_79	0.198762	0.2456283	0.1927146	0.1642335
ASV_100	0.157574	0.10362700	0.09760961	0.25086183
ASV_91	0.167599	0.1471175	0.2559225	0.1141453
ASV_75	0.190958	0.3072750	0.1538233	0.1229593
ASV_82	0.187901	0.09147843	0.22649331	0.23802129
ASV_64	0.182184	0.40260289	0.05693197	0.09723269
ASV_129	0.165831	0.16158718	0.26724277	0.08826601
ASV_105	0.150142	0.03199900	0.06040571	0.32117162
ASV_47	0.179808	0.07718675	0.18952695	0.25823347
ASV_281	0.175844	0.12670111	0.34077299	0.08518101
ASV_201	0.160944	0.35943951	0.11738700	0.02905392
ASV_104	0.192696	0.2944964	0.1746227	0.1216414
ASV_95	0.213058	0.39858178	0.17443641	0.08811601
ASV_70	0.181228	0.09744302	0.28176965	0.17117303
ASV_200	0.190908	0.2326837	0.2275195	0.1265275
ASV_132	0.204883	0.1531946	0.1410481	0.2993694
ASV_225	0.147956	0.15462917	0.04501381	0.22470325
ASV_114	0.139474	0.13603281	0.06846211	0.19917283
ASV_167	0.180692	0.1591948	0.1963765	0.1862014
ASV_177	0.141731	0.07387882	0.32676300	0.05070214
ASV_174	0.162619	0.1060100	0.2042216	0.1768879
ASV_185	0.127739	0.1095778	0.1675511	0.1111455
ASV_294	0.138541	0.14425049	0.02952729	0.22095521
ASV_85	0.133739	0.1369943	0.1389794	0.1268128
ASV_247	0.136637	0.25558351	0.07126167	0.08902314
ASV_212	0.128536	0.05662848	0.02396275	0.27259736
ASV_189	0.13757	0.15960904	0.16628167	0.09608793
ASV_255	0.134798	0.16692801	0.16653332	0.08242073
ASV_50	0.185259	0.11951421	0.41956535	0.05303974
ASV_210	0.13001	0.1280617	0.1620858	0.1059856
ASV_144	0.149278	0.12256461	0.07221168	0.23337122
ASV_166	0.179437	0.11211958	0.42416912	0.04019894
ASV_197	0.115532	0.06287758	0.01616424	0.23925581
ASV_206	0.123642	0.24978869	0.06560075	0.06411305
ASV_130	0.149377	0.1451480	0.1897403	0.1206385
ASV_111	0.129647	0.08061720	0.26153242	0.06532378
ASV_162	0.106225	0.20594875	0.08437476	0.03993845
ASV_217	0.111435	0.06241678	0.02286664	0.22346553
ASV_141	0.13346	0.17043815	0.15260089	0.08708589
ASV_142	0.127619	0.05383958	0.21679031	0.11825581
ASV_140	0.159877	0.10624423	0.29906135	0.09358216
ASV_158	0.126865	0.07126051	0.21777886	0.10084125
ASV_143	0.14682	0.2095569	0.1386967	0.1006201
ASV_127	0.109837	0.12367411	0.05566671	0.14154926
ASV_333	0.104546	0.03294833	0.01485606	0.23643910
ASV_208	0.117694	0.1182206	0.1070911	0.1257349
ASV_151	0.144436	0.28744177	0.09622850	0.06287834
ASV_175	0.11529	0.07172613	0.06438706	0.19260658
ASV_203	0.105348	0.03128056	0.09168812	0.17849205
ASV_433	0.099589	0.02521743	0.12205482	0.14408825
ASV_152	0.126065	0.1484621	0.1068704	0.1226068
ASV_870	0.143931	0.14161128	0.22981265	0.07717517
ASV_355	0.101929	0.18796017	0.12170471	0.01384177
ASV_251	0.102952	0.05168022	0.15550221	0.10397921
ASV_309	0.096526	0.02155404	0.06783874	0.18245324
ASV_407	0.103822	0.09665437	0.08013521	0.12879164
ASV_260	0.11166	0.007804324	0.007333393	0.282360280
ASV_147	0.124576	0.17493827	0.09831902	0.10327725
ASV_301	0.100154	0.09606645	0.03169830	0.15835090
ASV_136	0.101529	0.10364382	0.11464814	0.08925814
ASV_483	0.099293	0.05093335	0.07923785	0.15595852
ASV_258	0.150576	0.16338348	0.25451317	0.05666698
ASV_131	0.147086	0.19813372	0.09182452	0.14841450
ASV_253	0.127069	0.19342496	0.06235193	0.12310270
ASV_125	0.087214	0.06960121	0.14816562	0.05324628
ASV_154	0.090851	0.11780392	0.10208242	0.05922615
ASV_171	0.105681	0.023413864	0.005521931	0.254912951
ASV_207	0.091874	0.06396683	0.05246156	0.14684601
ASV_176	0.093103	0.02964427	0.14754284	0.10285768
ASV_134	0.105612	0.18734744	0.07388276	0.06233683
ASV_221	0.082392	0.06014734	0.06284945	0.11671192
ASV_423	0.099147	0.04577908	0.03521367	0.19512155
ASV_246	0.087752	0.07445993	0.06401532	0.11790663
ASV_361	0.084739	0.08616428	0.06346968	0.10055603
ASV_615	0.088624	0.04734937	0.01098539	0.18540449
ASV_223	0.0907	0.04790713	0.18405484	0.05196196
ASV_187	0.08665	0.08039662	0.08494804	0.09326325
ASV_300	0.068181	0.06019564	0.01150762	0.12022616
ASV_178	0.111655	0.16538163	0.16331607	0.02519561
ASV_121	0.101166	0.07825240	0.09903353	0.12211811
ASV_123	0.103963	0.04806232	0.07026635	0.17787587
ASV_202	0.081791	0.09178225	0.05886291	0.09174189
ASV_157	0.08014	0.05393614	0.03202978	0.14063963
ASV_376	0.071168	0.07894616	0.12377295	0.02255036
ASV_149	0.094155	0.15370186	0.08972537	0.04768062
ASV_183	0.121297	0.14151089	0.17928713	0.05792586
ASV_150	0.076556	0.05575862	0.09452409	0.07965067
ASV_173	0.086279	0.06734635	0.08509675	0.10312884
ASV_278	0.073875	0.01708019	0.01257046	0.17062674
ASV_133	0.089219	0.07644792	0.09061833	0.09882764
ASV_783	0.074764	0.007446072	0.012883273	0.180815808
ASV_341	0.076046	0.14118889	0.05761259	0.03607285
ASV_168	0.074736	0.04650099	0.06296855	0.10786638
ASV_196	0.076469	0.10134965	0.03474971	0.08894495
ASV_343	0.087091	0.10221841	0.04253906	0.11002489
ASV_786	0.097383	0.08053670	0.14688673	0.07193123
ASV_228	0.083014	0.15393069	0.07105906	0.03300685
ASV_372	0.093076	0.006634861	0.294702358	0.004386512
ASV_220	0.089123	0.09810037	0.10714007	0.06716746
ASV_163	0.074408	0.09799725	0.08375948	0.04711191
ASV_180	0.099049	0.09076441	0.10567663	0.10070711
ASV_164	0.100714	0.21847412	0.03799492	0.05197031
ASV_279	0.061422	0.03818428	0.13874512	0.01908373
ASV_472	0.063979	0.010865476	0.008516936	0.152964754
ASV_237	0.091482	0.09102528	0.15533559	0.04078386
ASV_120	0.074149	0.05446124	0.10470054	0.06624564
ASV_108	0.089635	0.07991444	0.10944482	0.08195220
ASV_339	0.066787	0.04228013	0.05131676	0.09974987
ASV_262	0.075021	0.13783026	0.03224709	0.05648062
ASV_115	0.093544	0.08679041	0.12340353	0.07532995
ASV_235	0.081911	0.07373297	0.11025544	0.06610475
ASV_265	0.095329	0.10536856	0.15053815	0.04272907
ASV_179	0.077574	0.07713369	0.09261776	0.06590986
ASV_388	0.065114	0.04535010	0.06803757	0.07937792
ASV_211	0.057538	0.04470863	0.01557345	0.10188618
ASV_368	0.070614	0.04970369	0.12203911	0.04703945
ASV_153	0.075978	0.11449520	0.06547701	0.05202539
ASV_570	0.059849	0.01952698	0.01597137	0.12882115
ASV_630	0.060831	0.04666665	0.01900211	0.10619331
ASV_345	0.065599	0.10267760	0.05066272	0.04640309
ASV_107	0.075657	0.04872950	0.09190821	0.08527437
ASV_214	0.062523	0.08177478	0.05087243	0.05567133
ASV_286	0.058787	0.03486933	0.04193358	0.09236117
ASV_414	0.062021	0.02561354	0.10806451	0.05576827
ASV_567	0.053619	0.09366120	0.01435759	0.05139159
ASV_182	0.061168	0.09093085	0.05666111	0.03977285
ASV_205	0.064785	0.08631379	0.06850056	0.04372760
ASV_252	0.069869	0.06034268	0.07325110	0.07516675
ASV_350	0.059537	0.01746579	0.01524947	0.13030566
ASV_292	0.063923	0.05316862	0.04655046	0.08685476
ASV_405	0.061531	0.12807534	0.04925146	0.01545867
ASV_139	0.075506	0.05000528	0.02314386	0.13881705
ASV_305	0.072634	0.03570926	0.15485671	0.03787168
ASV_528	0.060222	0.02136252	0.01870011	0.12608235
ASV_284	0.073597	0.06274590	0.09814423	0.06307319
ASV_754	0.055714	0.01079669	0.01751831	0.12400021
ASV_236	0.059602	0.03629676	0.03100694	0.10205450
ASV_462	0.059016	0.03170299	0.01182925	0.11970857
ASV_311	0.072117	0.08631409	0.07634919	0.05680457
ASV_397	0.06377	0.012459646	0.003744617	0.154889982
ASV_250	0.058628	0.04926798	0.07839152	0.05067849
ASV_198	0.069121	0.09413191	0.08044715	0.03905138
ASV_416	0.060708	0.01966855	0.04844805	0.10498811
ASV_400	0.055869	0.008543852	0.103223951	0.057737905
ASV_184	0.066879	0.08407722	0.05483825	0.06206506
ASV_363	0.052669	0.03870954	0.01220561	0.09676641
ASV_330	0.055745	0.10313573	0.05499677	0.01653429
ASV_146	0.073715	0.07692534	0.07372233	0.07101238
ASV_886	0.050845	0.005276028	0.012298601	0.119959927
ASV_245	0.07131	0.07063666	0.10094608	0.04816798
ASV_392	0.051531	0.01403337	0.02225165	0.10645244
ASV_401	0.063542	0.016313263	0.009058053	0.146801296
ASV_335	0.051722	0.02486259	0.04321724	0.08108870
ASV_148	0.05176	0.10774294	0.03642388	0.01700415
ASV_282	0.058544	0.08244792	0.05661379	0.04000858
ASV_577	0.061698	0.04446490	0.07619467	0.06457702
ASV_449	0.05503	0.01543752	0.01427573	0.12089147
ASV_193	0.054298	0.02780568	0.05963393	0.07228330
ASV_232	0.059741	0.02617838	0.07133280	0.07866059
ASV_578	0.048737	0.002752189	0.016380316	0.113250839
ASV_396	0.057939	0.009732139	0.079215414	0.081412532
ASV_375	0.059914	0.06190199	0.08102052	0.04135838
ASV_92	0.048308	0.06167083	0.06009056	0.02765631
ASV_801	0.047466	0.01841169	0.01223866	0.10005406
ASV_1119	0.045363	0.05851767	0.04736527	0.03271038
ASV_496	0.051926	0.07302416	0.02472827	0.05596042
ASV_270	0.047878	0.01324526	0.11434461	0.02379582
ASV_359	0.049225	0.01792503	0.02899194	0.09170246
ASV_344	0.05003	0.030169736	0.126391195	0.005624981
ASV_195	0.062227	0.07579032	0.06916273	0.04528429
ASV_1084	0.044991	0.02194263	0.02740995	0.07841589
ASV_475	0.05389	0.070197695	0.006259758	0.078294808
ASV_313	0.046188	0.02142152	0.01537276	0.09164351
ASV_186	0.051271	0.05213621	0.05706370	0.04590971
ASV_287	0.040647	0.01692761	0.01623735	0.08009862
ASV_160	0.054804	0.08569177	0.03210019	0.04702105
ASV_98	0.066936	0.07133043	0.08585096	0.04811246
ASV_336	0.039872	0.098183567	0.018478023	0.008005331
ASV_331	0.049923	0.06600773	0.03589725	0.04763175
ASV_346	0.070563	0.04878836	0.15319154	0.02275014
ASV_470	0.051745	0.059971689	0.007487678	0.080239650
ASV_329	0.045864	0.01891295	0.02015182	0.08907276
ASV_161	0.057048	0.05243384	0.08317725	0.04002084
ASV_230	0.059378	0.06672166	0.07890572	0.03758831
ASV_507	0.055781	0.06197419	0.06374584	0.04420785
ASV_303	0.04695	0.02155709	0.01327564	0.09522013
ASV_409	0.045268	0.05938757	0.04706316	0.03197182
ASV_545	0.042879	0.035017587	0.007548129	0.077748472
ASV_412	0.039116	0.075337666	0.009569172	0.032326730
ASV_491	0.058584	0.12630091	0.02329477	0.02993440
ASV_165	0.056276	0.09930094	0.03821863	0.03458001
ASV_590	0.042906	0.024389899	0.009552315	0.085143259
ASV_327	0.041423	0.012253644	0.007489944	0.093072181
ASV_268	0.045703	0.08618986	0.02988708	0.02434797
ASV_417	0.068749	0.15453239	0.02827831	0.02906823
ASV_1219	0.04418	0.01435296	0.01696707	0.09100503
ASV_244	0.053658	0.07028636	0.05012546	0.04251669
ASV_391	0.047129	0.013887381	0.134685188	0.005006955
ASV_393	0.073962	0.183447155	0.044245756	0.005768623
ASV_285	0.048758	0.04514832	0.03685847	0.06131058
ASV_650	0.043338	0.1330090494	0.0009492077	0.0019257831
ASV_793	0.044339	0.05011090	0.04624325	0.03796737
ASV_499	0.03659	0.099542384	0.013243164	0.002386752
ASV_169	0.055477	0.05527614	0.06219072	0.05027556
ASV_347	0.041439	0.04709523	0.03318053	0.04329486
ASV_644	0.042938	0.008618875	0.010987046	0.097326865
ASV_275	0.048215	0.05653122	0.03193792	0.05425117
ASV_1133	0.043497	0.009762734	0.008110563	0.100142279
ASV_135	0.049452	0.08054848	0.05076690	0.02227854
ASV_314	0.048806	0.03050358	0.07396662	0.04405145
ASV_241	0.05294	0.05454532	0.03948622	0.06235486
ASV_328	0.040444	0.06446131	0.02121901	0.03564910
ASV_289	0.043892	0.06092023	0.04030913	0.03245434
ASV_249	0.048442	0.05914714	0.03950843	0.04659643
ASV_342	0.043537	0.02275364	0.05084641	0.05514722
ASV_490	0.036429	0.05660890	0.04499975	0.01262025
ASV_358	0.042509	0.04027790	0.03731227	0.04854035
ASV_581	0.039799	0.01016298	0.01760508	0.08244896
ASV_402	0.045869	0.02103030	0.01540710	0.09110231
ASV_411	0.042144	0.01326743	0.01594161	0.08736196
ASV_276	0.039495	0.02753370	0.01470005	0.06937829
ASV_501	0.036629	0.08068690	0.01584037	0.01625094
ASV_280	0.057187	0.05755973	0.07028122	0.04639960
ASV_467	0.039336	0.07304003	0.02849023	0.01970078
ASV_1044	0.040698	0.02438309	0.03156883	0.06170684
ASV_589	0.037272	0.05529751	0.03259312	0.02587283
ASV_340	0.041081	0.03807263	0.03298658	0.05008287
ASV_1153	0.046324	0.03484100	0.05856214	0.04618027
ASV_474	0.040005	0.03681765	0.01662422	0.06138815
ASV_463	0.050936	0.007897645	0.120543351	0.031401062
ASV_403	0.038665	0.03810332	0.04420193	0.03470845
ASV_297	0.040145	0.03486437	0.06002900	0.02867417
ASV_238	0.054446	0.02671383	0.02935872	0.09781032
ASV_533	0.036141	0.006145326	0.007056129	0.084605842
ASV_945	0.042637	0.02485058	0.08682795	0.02222500
ASV_639	0.046871	0.02629457	0.10838651	0.01494316
ASV_352	0.0416	0.04874564	0.04551299	0.03246736
ASV_386	0.058678	0.03299957	0.07722644	0.06540989
ASV_950	0.042087	0.03170072	0.02678003	0.06305702
ASV_256	0.04601	0.03768279	0.05866052	0.04288556
ASV_222	0.040084	0.03777332	0.04669277	0.03673787
ASV_657	0.035903	0.01272963	0.03048066	0.05970599
ASV_181	0.042267	0.04663270	0.05427825	0.02899111
ASV_833	0.036473	0.00549842	0.01136144	0.08258028
ASV_254	0.041592	0.0357268429	0.0004536403	0.0794298248
ASV_1066	0.036626	0.01352802	0.01953845	0.06969891
ASV_269	0.044739	0.05040731	0.04249266	0.04177591
ASV_194	0.042016	0.04689527	0.02447573	0.05195020
ASV_594	0.031457	0.03582258	0.01204844	0.04331757
ASV_1224	0.035403	0.004172051	0.005687963	0.085408312
ASV_767	0.04632	0.01508209	0.09841751	0.03088272
ASV_565	0.032727	0.000955376	0.105357592	0.001311589
ASV_488	0.046861	0.05037068	0.04283859	0.04713147
ASV_524	0.04368	0.04554513	0.04676881	0.03964296
ASV_426	0.036533	0.04696682	0.04325970	0.02238833
ASV_192	0.041405	0.02843450	0.05825684	0.03881825
ASV_556	0.040458	0.04177947	0.05574530	0.02711824
ASV_670	0.036211	0.00850397	0.02774572	0.06625662
ASV_293	0.037947	0.01517845	0.02270394	0.06926706
ASV_552	0.031225	0.01006130	0.04164553	0.04066503
ASV_481	0.035014	0.01674252	0.03360680	0.05148834
ASV_1182	0.033289	0.003570795	0.023316275	0.066229713
ASV_243	0.044626	0.04051361	0.06171725	0.03440683
ASV_320	0.033564	0.00519206	0.02292820	0.06590598
ASV_561	0.032031	0.006264591	0.056267183	0.034286672
ASV_365	0.033914	0.03779127	0.03433890	0.03031624
ASV_259	0.042388	0.06684428	0.04940475	0.01623056
ASV_438	0.044069	0.04996202	0.05259365	0.03230012
ASV_506	0.033503	0.00453911	0.03693140	0.05508874
ASV_215	0.039576	0.04632571	0.03432352	0.03810713
ASV_1023	0.032221	0.008960906	0.008673704	0.070596755
ASV_891	0.049632	0.04709222	0.07730692	0.02962416
ASV_453	0.043452	0.05552601	0.01777315	0.05385342
ASV_218	0.04389	0.06612866	0.03818785	0.02977152
ASV_348	0.033166	0.009461939	0.011484688	0.070423719
ASV_1147	0.051778	0.04428853	0.07965499	0.03576742
ASV_609	0.042861	0.003699866	0.133420133	0.003308436
ASV_568	0.051914	0.08195184	0.03528093	0.03998991
ASV_530	0.031861	0.01279218	0.01546901	0.06099187
ASV_761	0.033216	0.01279240	0.01197879	0.06736191
ASV_651	0.034601	0.009882534	0.067558834	0.028997076
ASV_283	0.038398	0.04651745	0.03926811	0.03088254
ASV_529	0.035308	0.02853425	0.04364347	0.03433047
ASV_299	0.039737	0.03624694	0.06665127	0.02113773
ASV_656	0.036966	0.010323268	0.008822824	0.081860372
ASV_937	0.035492	0.01507316	0.06091053	0.03230809
ASV_688	0.031147	0.005731757	0.005849044	0.072733534
ASV_661	0.032704	0.03378477	0.02256030	0.03991016
ASV_676	0.028627	0.003124051	0.061293654	0.023915217
ASV_374	0.039541	0.03650013	0.05463241	0.03002232
ASV_979	0.028942	0.011077558	0.008333573	0.060435095
ASV_398	0.036631	0.02698364	0.01716691	0.06030677
ASV_674	0.030305	0.061770964	0.004096381	0.024841693
ASV_257	0.037159	0.07270065	0.02527887	0.01680790
ASV_559	0.029841	0.003697553	0.006922544	0.070136223
ASV_521	0.028688	0.006244251	0.020266676	0.054276874
ASV_729	0.027744	0.042924751	0.008791172	0.030155751
ASV_233	0.037376	0.02695789	0.00404849	0.07278885
ASV_629	0.033812	0.02249019	0.05259356	0.02829609
ASV_880	0.031363	0.007443769	0.033294141	0.049909971
ASV_387	0.033506	0.02990279	0.02959474	0.03966057
ASV_531	0.029677	0.01072887	0.01716991	0.05560022
ASV_466	0.02975	0.007410245	0.024650608	0.052595861
ASV_310	0.030324	0.009250459	0.018226935	0.057704107
ASV_526	0.030382	0.005907118	0.060895057	0.026529669
ASV_273	0.02837	0.02172318	0.01691250	0.04311801
ASV_482	0.032176	0.02739418	0.04970084	0.02217375
ASV_323	0.041964	0.06465908	0.04340961	0.02174385
ASV_427	0.03253	0.01639313	0.04779492	0.03387260
ASV_1000	0.030923	0.03419323	0.01538598	0.04060533
ASV_1189	0.029513	0.02630871	0.01074191	0.04722203
ASV_1160	0.027864	0.001388531	0.002664522	0.070262057
ASV_571	0.029259	0.005858726	0.004218554	0.068948230
ASV_267	0.039244	0.06148022	0.04862264	0.01306288
ASV_394	0.02881	0.01344162	0.01827982	0.05014319
ASV_580	0.033231	0.009808475	0.064113137	0.028200977
ASV_1085	0.035527	0.01613749	0.07300220	0.02183447
ASV_460	0.029082	0.009911808	0.007929362	0.062108266
ASV_601	0.029395	0.011003943	0.007498963	0.062361294
ASV_437	0.029759	0.01515066	0.03481999	0.03798156
ASV_326	0.029467	0.032441501	0.009473607	0.042964319
ASV_242	0.034209	0.05000134	0.02802682	0.02589032
ASV_494	0.02725	0.01693516	0.03889745	0.02659659
ASV_231	0.032909	0.01790645	0.03148884	0.04664811
ASV_422	0.027177	0.023220345	0.005036949	0.048211735
ASV_229	0.030495	0.01804246	0.02980395	0.04150698
ASV_226	0.029854	0.01786436	0.01946074	0.04823986
ASV_360	0.027606	0.01267844	0.05510496	0.01814643
ASV_371	0.028502	0.01420017	0.01427320	0.05189747
ASV_498	0.030087	0.01992294	0.01483050	0.05083059
ASV_399	0.032092	0.01996603	0.03299456	0.04155483
ASV_432	0.026876	0.01254048	0.02475473	0.04061517
ASV_756	0.031799	0.007485915	0.003425974	0.074920153
ASV_693	0.025891	0.016845882	0.001485722	0.053013481
ASV_324	0.032136	0.02404389	0.04101882	0.03182783
ASV_465	0.028215	0.01281561	0.05719082	0.01796942
ASV_730	0.025977	0.047093601	0.023969219	0.009845763
ASV_1231	0.026061	0.0181399951	0.0007506933	0.0529629627
ASV_450	0.024791	0.04036169	0.01178537	0.02211502
ASV_662	0.02886	0.04749675	0.02820163	0.01373140
ASV_749	0.025894	0.007762359	0.030477275	0.037456920
ASV_984	0.025884	0.009694285	0.004661657	0.056460718
ASV_1199	0.03485	0.03242087	0.04809736	0.02629290
ASV_385	0.02901	0.02898425	0.01781137	0.03798974
ASV_277	0.034394	0.03713633	0.03800385	0.02920216
ASV_458	0.030426	0.02306926	0.03465051	0.03322537
ASV_925	0.024562	0.00485208	0.03108678	0.03589850
ASV_750	0.02319	0.065105661	0.003973974	0.003353839
ASV_334	0.031273	0.01307941	0.04209946	0.03789328
ASV_624	0.027176	0.01446957	0.04837908	0.02088693
ASV_337	0.031438	0.02502930	0.02282160	0.04371388
ASV_436	0.032721	0.02627894	0.05194273	0.02275550
ASV_502	0.02875	0.03035367	0.03017432	0.02626400
ASV_234	0.030145	0.01866490	0.02296814	0.04553036
ASV_574	0.026601	0.01153223	0.04207898	0.02687697
ASV_512	0.026741	0.01141322	0.01272670	0.05082796
ASV_456	0.025731	0.01084586	0.02321002	0.04025189
ASV_930	0.025203	0.01379856	0.01063049	0.04644164
ASV_304	0.03548	0.06591410	0.02713140	0.01659309
ASV_419	0.023525	0.012240908	0.004133122	0.048518166
ASV_668	0.024629	0.004899436	0.003493956	0.058109922
ASV_1140	0.022773	0.0006399684	0.0009499721	0.0588233889
ASV_389	0.024965	0.02321248	0.02181657	0.02895541
ASV_587	0.024272	0.048148977	0.005697111	0.019075387
ASV_1228	0.021888	0.01481264	0.00108185	0.04447684
ASV_370	0.026465	0.00352810	0.06626206	0.01389417
ASV_418	0.026944	0.03290540	0.02107411	0.02663355
ASV_1072	0.035442	0.03484660	0.05524639	0.02009736
ASV_464	0.023542	0.01389829	0.01694082	0.03692253
ASV_317	0.02037	0.052424408	0.006206244	0.004774067
ASV_302	0.029264	0.04401847	0.02722124	0.01850517
ASV_410	0.031371	0.02574789	0.04826105	0.02258349
ASV_948	0.024702	0.01548975	0.02355246	0.03335875
ASV_486	0.023766	0.04174966	0.02013332	0.01156622
ASV_809	0.0226	0.045697947	0.004643453	0.017562134
ASV_443	0.025563	0.008960047	0.010895524	0.051244219
ASV_1126	0.022362	0.006213744	0.005975236	0.049037080
ASV_781	0.027305	0.005088014	0.002462730	0.065840285
ASV_1237	0.021708	0.005261310	0.004728362	0.049107046
ASV_224	0.026331	0.02490751	0.03373945	0.02159876
ASV_546	0.02617	0.01552557	0.01827106	0.04142990
ASV_885	0.029778	0.02302626	0.04414982	0.02395090
ASV_1159	0.019703	0.001512237	0.049881084	0.010841965
ASV_751	0.024681	0.01111632	0.01801541	0.04140882
ASV_338	0.035014	0.02090478	0.03977138	0.04305867
ASV_736	0.022981	0.02343715	0.02496000	0.02101473
ASV_619	0.027123	0.02276939	0.02378208	0.03345311
ASV_504	0.025199	0.04187569	0.02085075	0.01466923
ASV_713	0.024955	0.007982064	0.048988128	0.019985427
ASV_721	0.025012	0.02463640	0.02809457	0.02286193
ASV_584	0.022897	0.01682165	0.02706508	0.02466714
ASV_1118	0.023814	0.03308622	0.01931922	0.01962106
ASV_532	0.021967	0.02428028	0.02919339	0.01424192
ASV_291	0.023369	0.01556654	0.03280591	0.02237432
ASV_604	0.021916	0.010468396	0.009420015	0.041528498
ASV_540	0.020125	0.00752374	0.02849715	0.02401314
ASV_1009	0.022459	0.02557036	0.01475222	0.02601211
ASV_555	0.021765	0.01264044	0.03339235	0.02012755
ASV_583	0.021674	0.03520746	0.01321872	0.01707055
ASV_1116	0.020969	0.007464065	0.002263868	0.047277294
ASV_845	0.023501	0.0128148493	0.0008027131	0.0506365952
ASV_746	0.023451	0.007319576	0.019844777	0.039887405
ASV_520	0.022535	0.01857664	0.01661526	0.03059482
ASV_219	0.026246	0.04838096	0.01721263	0.01487986
ASV_1208	0.021149	0.01059675	0.03318048	0.02038718
ASV_172	0.020359	0.01945535	0.01418161	0.02606122
ASV_439	0.022025	0.02028561	0.01395628	0.02994038
ASV_976	0.020985	0.01328003	0.00896818	0.03707146
ASV_455	0.02385	0.01676789	0.01648491	0.03569079
ASV_264	0.021115	0.011028812	0.009825578	0.038619696
ASV_377	0.021646	0.01197409	0.02108725	0.03021855
ASV_855	0.025704	0.002638289	0.072892568	0.007327267
ASV_893	0.020489	0.002621323	0.001325202	0.050829053
ASV_325	0.024287	0.02212221	0.02618440	0.02458771
ASV_996	0.019448	0.005096462	0.007650448	0.040942631
ASV_1186	0.02274	0.01479594	0.02182895	0.03014207
ASV_1061	0.018549	0.006985960	0.002133855	0.041394981
ASV_446	0.02391	0.01287158	0.01848765	0.03752100
ASV_557	0.020196	0.01925995	0.01477071	0.02532208
ASV_685	0.02181	0.033174945	0.004208316	0.026344675
ASV_288	0.023491	0.02418507	0.02345983	0.02293368
ASV_785	0.019292	0.003312197	0.001253782	0.047146268
ASV_596	0.022827	0.01249298	0.01845230	0.03500707
ASV_306	0.021035	0.01292215	0.02069296	0.02812369
ASV_404	0.021455	0.009488709	0.029214074	0.025300059
ASV_505	0.026188	0.02866695	0.01214463	0.03534082
ASV_1184	0.020232	0.003028861	0.007581754	0.044802675
ASV_316	0.023968	0.044441545	0.021287974	0.008914025
ASV_655	0.022069	0.03207128	0.02186059	0.01383437
ASV_759	0.020019	0.02234482	0.01313374	0.02357451
ASV_227	0.032419	0.02620184	0.06589883	0.01085804
ASV_550	0.022561	0.031957381	0.000165074	0.032585082
ASV_527	0.020086	0.02658908	0.01984286	0.01481665
ASV_485	0.019993	0.01180303	0.01440471	0.03134401
ASV_859	0.017824	0.0009169794	0.0569372677	0.0007357291
ASV_519	0.023926	0.03482332	0.02880012	0.01087232
ASV_1090	0.018724	0.007098504	0.014128426	0.032165675
ASV_406	0.032891	0.009514360	0.086867066	0.009346121
ASV_447	0.01784	0.035336426	0.015014250	0.005404071
ASV_586	0.016564	0.0005724368	0.0495384803	0.0036169076
ASV_874	0.018549	0.01644282	0.02058550	0.01868798
ASV_779	0.018552	0.02779394	0.01820675	0.01106426
ASV_503	0.021238	0.01462596	0.01399958	0.03258336
ASV_1150	0.020152	0.02006244	0.02179080	0.01891742
ASV_734	0.022291	0.047093361	0.006335446	0.014220995
ASV_536	0.019113	0.02472339	0.01472985	0.01790661
ASV_408	0.021371	0.008395896	0.013257884	0.038761587
ASV_1079	0.018447	0.01802665	0.01036808	0.02526205
ASV_739	0.019178	0.01130334	0.01662374	0.02783666
ASV_451	0.022864	0.016444970	0.050164719	0.006416523
ASV_357	0.020891	0.00903512	0.04103119	0.01473796
ASV_1138	0.020704	0.007757807	0.006783235	0.042714342
ASV_982	0.020216	0.028677266	0.007419536	0.023344836
ASV_645	0.02727	0.05241416	0.02116047	0.01103630
ASV_777	0.01822	0.01393448	0.01275963	0.02618929
ASV_763	0.02473	0.012437262	0.057306592	0.008993371
ASV_707	0.018015	0.01576687	0.01859618	0.01943838
ASV_497	0.017843	0.018830943	0.009878813	0.023384646
ASV_356	0.019409	0.01392252	0.02861315	0.01665415
ASV_430	0.019242	0.01112703	0.02071036	0.02488281
ASV_1036	0.016854	0.037012931	0.003189744	0.010853097
ASV_366	0.017185	0.014395746	0.031192805	0.008321454
ASV_1161	0.024868	0.015294190	0.056725827	0.007423541
ASV_913	0.01798	0.010802384	0.008792557	0.031359734
ASV_1221	0.016623	0.02129876	0.01720991	0.01222522
ASV_495	0.017952	0.01375983	0.02032938	0.01957182
ASV_588	0.019555	0.009808031	0.013317847	0.032731902
ASV_728	0.019323	0.006355566	0.017921070	0.031335948
ASV_549	0.025072	0.03074167	0.01542206	0.02803033
ASV_558	0.017714	0.007740670	0.007529951	0.034239200
ASV_1232	0.018022	0.007938389	0.027976371	0.018528232
ASV_689	0.017109	0.005547572	0.039978497	0.008525111
ASV_632	0.022953	0.02142681	0.03211075	0.01690782
ASV_733	0.015999	0.001975643	0.049143004	0.001264626
ASV_769	0.022974	0.035039868	0.027892221	0.008903776
ASV_522	0.019567	0.02599048	0.02022185	0.01364794
ASV_1095	0.022927	0.02100370	0.02752870	0.02086031
ASV_80	0.018826	0.040082530	0.013615042	0.005140101
ASV_592	0.021388	0.02004995	0.02461890	0.01992777
ASV_421	0.020288	0.02149660	0.01880737	0.02045653
ASV_312	0.017066	0.034015171	0.010372833	0.008184208
ASV_1021	0.017866	0.01470100	0.02377059	0.01580104
ASV_576	0.022451	0.047979084	0.021723533	0.001589094
ASV_631	0.019029	0.03003213	0.01109927	0.01613136
ASV_382	0.015862	0.006132833	0.011753654	0.027321103
ASV_469	0.015323	0.012295738	0.031878601	0.004622248
ASV_735	0.017588	0.029981078	0.023154132	0.002724857
ASV_725	0.016081	0.006843848	0.003990309	0.033513463
ASV_698	0.021497	0.02891773	0.02719917	0.01070209
ASV_381	0.021996	0.01753075	0.02259893	0.02526457
ASV_659	0.017246	0.001908576	0.004648104	0.040207566
ASV_383	0.015528	0.006466413	0.028219254	0.012985671
ASV_544	0.018817	0.01597834	0.02957834	0.01259294
ASV_448	0.018462	0.0312764735	0.0003095841	0.0222198532
ASV_1216	0.014804	0.006420512	0.002870026	0.031393935
ASV_672	0.018163	0.02580592	0.01721548	0.01250007
ASV_351	0.018699	0.00726800	0.03305427	0.01681730
ASV_514	0.01699	0.007000660	0.004024916	0.035753854
ASV_695	0.019122	0.01130743	0.01414382	0.02966979
ASV_686	0.017694	0.033313939	0.013495690	0.007930697
ASV_473	0.019439	0.01424284	0.02681751	0.01790031
ASV_492	0.01797	0.01738849	0.01529528	0.02059856
ASV_941	0.014014	0.038346503	0.000655158	0.004260580
ASV_755	0.015671	0.022954070	0.005725495	0.017508769
ASV_710	0.015844	0.004452709	0.009335562	0.030619766
ASV_974	0.015282	0.029931112	0.009615406	0.007510426
ASV_579	0.020358	0.01721878	0.02709222	0.01760717
ASV_857	0.015625	0.019972228	0.018510040	0.009664796
ASV_1049	0.014035	0.001457168	0.003125981	0.033327865
ASV_932	0.015559	0.0441144485	0.0001106523	0.0039298847
ASV_744	0.02004	0.02790025	0.02100875	0.01266361
ASV_860	0.015052	0.025644721	0.014107230	0.006909994
ASV_1197	0.014171	0.002476983	0.001180850	0.034384891
ASV_452	0.016312	0.007518882	0.014903572	0.024825361
ASV_1037	0.014432	0.007503647	0.003482540	0.029011469
ASV_1124	0.016326	0.006340452	0.022965266	0.019402498
ASV_390	0.014155	0.005417282	0.009716788	0.025046223
ASV_664	0.021153	0.034685202	0.024917142	0.006775738
ASV_616	0.016134	0.006988522	0.016520535	0.023508213
ASV_844	0.016264	0.01063788	0.01775751	0.01979397
ASV_706	0.0159	0.012662927	0.005080422	0.027274099
ASV_1174	0.021788	0.023340173	0.037216349	0.008140418
ASV_1002	0.014968	0.015383877	0.009304521	0.019148651
ASV_454	0.015719	0.01592837	0.01225711	0.01831179
ASV_1169	0.016043	0.005259867	0.015437229	0.025586500
ASV_903	0.015476	0.031869775	0.003791291	0.011051753
ASV_807	0.013015	0.017204765	0.004802271	0.016066929
ASV_471	0.015285	0.012662247	0.009280065	0.022292759
ASV_1013	0.013503	0.009329879	0.002893810	0.025496091
ASV_1020	0.016609	0.01157127	0.01471331	0.02235670
ASV_724	0.013883	0.007925267	0.010585493	0.021526112
ASV_771	0.014119	0.007080122	0.009074768	0.024066876
ASV_457	0.016113	0.01436329	0.01362885	0.01957006
ASV_962	0.014262	0.006646715	0.005483839	0.027681867
ASV_1006	0.014645	0.005772602	0.016035216	0.020985224
ASV_621	0.019147	0.007936440	0.044945198	0.007924483
ASV_702	0.012877	0.015624373	0.007840213	0.014599398
ASV_906	0.013467	0.025837278	0.011812361	0.004399748
ASV_551	0.014228	0.012234470	0.004853519	0.023402986
ASV_905	0.014161	0.008571571	0.005221820	0.026008651
ASV_832	0.01541	0.005854772	0.011207398	0.026799185
ASV_1073	0.020427	0.025541948	0.032326376	0.006610453
ASV_907	0.011401	0.030431036	0.003350892	0.001856382
ASV_537	0.014215	0.01508654	0.01278155	0.01462950
ASV_849	0.013041	0.004526999	0.001486443	0.029437413
ASV_395	0.014318	0.006147134	0.012021415	0.023019085
ASV_1213	0.01291	0.020351600	0.006917649	0.011452302
ASV_927	0.018166	0.01399926	0.02335351	0.01751578
ASV_790	0.013815	0.007945746	0.021668216	0.012463194
ASV_991	0.013873	0.018467892	0.007354266	0.015227767
ASV_627	0.014113	0.008715045	0.015826994	0.017277331
ASV_1139	0.017446	0.0006973295	0.0550823768	0.0014069583
ASV_384	0.019331	0.023956689	0.030624217	0.006411167
ASV_831	0.01251	0.003380698	0.002578115	0.028124954
ASV_1094	0.013157	0.003605096	0.007269647	0.025891795
ASV_582	0.012191	0.003272902	0.002393974	0.027521094
ASV_1191	0.011575	0.017676569	0.012147293	0.005990574
ASV_315	0.014529	0.009341814	0.021534557	0.013282882
ASV_479	0.012222	0.017865893	0.007512614	0.011247417
ASV_653	0.013171	0.003086327	0.007241483	0.026384694
ASV_743	0.015383	0.026026684	0.014392764	0.007234475
ASV_543	0.017962	0.01140849	0.03403894	0.01060418
ASV_607	0.016871	0.021291687	0.021202727	0.009691683
ASV_934	0.013044	0.009940434	0.012383256	0.016179274
ASV_851	0.012221	0.020324814	0.002033885	0.013564654
ASV_591	0.019321	0.01535919	0.02088028	0.02140064
ASV_508	0.01649	0.008938977	0.018715519	0.021053362
ASV_623	0.012773	0.01018865	0.01840793	0.01043560
ASV_717	0.013013	0.016250553	0.008248107	0.014105228
ASV_816	0.014606	0.004393884	0.038255133	0.004265566
ASV_775	0.019692	0.01529814	0.03390724	0.01201028
ASV_842	0.012026	0.002504732	0.002548825	0.027606643
ASV_1081	0.012931	0.014180522	0.008256034	0.015620930
ASV_272	0.018311	0.015057601	0.034959205	0.007725105
ASV_493	0.013024	0.02197830	0.01207482	0.00626139
ASV_820	0.017758	0.033855269	0.017511470	0.004434528
ASV_1209	0.018039	0.01866680	0.02496425	0.01197274
ASV_1176	0.011535	0.0006370850	0.0363003292	0.0008759455
ASV_637	0.014368	0.005546544	0.018100462	0.018792135
ASV_1012	0.012101	0.004656398	0.008505347	0.021230105
ASV_856	0.015755	0.002301519	0.047012564	0.002050339
ASV_415	0.014497	0.006234746	0.018633668	0.018126708
ASV_1083	0.013875	0.017927767	0.001692047	0.020216877
ASV_509	0.015357	0.030600639	0.008985092	0.007649133
ASV_752	0.01162	0.003358661	0.030585729	0.003385818
ASV_1045	0.011882	0.006595558	0.005508670	0.021420757
ASV_602	0.013988	0.0012531404	0.0438306821	0.0008102985
ASV_1029	0.012549	0.01635368	0.00149335	0.01819831
ASV_535	0.015023	0.01593652	0.01055762	0.01782859
ASV_936	0.009695	0.02617403	0.00296426	0.00123775
ASV_677	0.011469	0.007456794	0.010025331	0.015994006
ASV_887	0.012091	0.002455578	0.007243074	0.024063945
ASV_726	0.014465	0.008114968	0.009226362	0.023989515
ASV_825	0.017076	0.007703689	0.018990536	0.023416881
ASV_1059	0.013571	0.01025393	0.02002505	0.01119372
ASV_894	0.012173	0.006803659	0.008690009	0.019470757
ASV_1031	0.011763	0.012716929	0.013248619	0.009773235
ASV_715	0.014118	0.018303528	0.017338155	0.008026904
ASV_548	0.012992	0.007247471	0.008532313	0.021385320
ASV_190	0.014752	0.009611129	0.015812103	0.018221825
ASV_871	0.012074	0.027134529	0.002684221	0.006935470
ASV_378	0.012658	0.009893760	0.005935896	0.020357939
ASV_608	0.012822	0.002384661	0.006953234	0.026283702
ASV_1227	0.01252	0.007528256	0.014976676	0.014747376
ASV_839	0.013796	0.003592219	0.036705804	0.004038432
ASV_753	0.010839	0.007853936	0.004506149	0.018411617
ASV_722	0.012279	0.006613655	0.024571258	0.007203287
ASV_684	0.011182	0.00615516	0.01074308	0.01575542
ASV_597	0.01092	0.0003959024	0.0098077011	0.0206507558
ASV_822	0.012741	0.005989529	0.010257455	0.020398361
ASV_853	0.009694	0.0263445472	0.0039603912	0.0002940657
ASV_525	0.011729	0.014847666	0.009669797	0.010757801
ASV_719	0.010275	0.007964914	0.007267294	0.014621710
ASV_1238	0.010931	0.007587484	0.005125331	0.018384376
ASV_1089	0.010315	0.0004333581	0.0330735859	0.0004090805
ASV_904	0.015875	0.028260483	0.017492529	0.004178017
ASV_635	0.011901	0.010794768	0.017472662	0.008372448
ASV_897	0.011222	0.006836696	0.006608674	0.018596550
ASV_1131	0.012004	0.00578011	0.00854112	0.02000346
ASV_663	0.011243	0.01241199	0.01088151	0.01054975
ASV_703	0.009839	0.003837019	0.012902505	0.012428615
ASV_613	0.012293	0.002880807	0.034252936	0.002631488
ASV_618	0.013632	0.01465430	0.01216468	0.01394813
ASV_572	0.014453	0.010120374	0.009312799	0.022204663
ASV_1198	0.01159	0.001300144	0.024400624	0.009985325
ASV_723	0.011013	0.013775696	0.008536487	0.010672416
ASV_538	0.015499	0.024514933	0.018256972	0.005719752
ASV_649	0.012308	0.003504054	0.003015539	0.027138173
ASV_1196	0.009957	0.003214041	0.003737878	0.020596434
ASV_716	0.010801	0.005344398	0.004192267	0.020671951
ASV_622	0.012013	0.006209612	0.022599396	0.008418282
ASV_431	0.014897	0.01227325	0.02021950	0.01284165
ASV_958	0.01217	0.003762596	0.022108212	0.011282829
ASV_915	0.009462	0.001238082	0.027176750	0.002199610
ASV_821	0.010057	0.0001928591	0.0004449033	0.0260330805
ASV_709	0.012693	0.014790119	0.016424400	0.007946723
ASV_972	0.016688	0.036192010	0.008345299	0.006978056
ASV_1019	0.011579	0.010496942	0.016007206	0.008945553
ASV_757	0.013932	0.008999499	0.023442168	0.010466342
ASV_554	0.013486	0.02118952	0.00541070	0.01347597
ASV_965	0.011315	0.027631403	0.002810060	0.004413287
ASV_1101	0.012199	0.008179701	0.007034481	0.019706619
ASV_603	0.011826	0.016459458	0.016873447	0.003896179
ASV_671	0.010774	0.003324744	0.024940512	0.005699331
ASV_484	0.013339	0.01487813	0.01130604	0.01367219
ASV_808	0.010717	0.00496081	0.01265215	0.01400316
ASV_1185	0.012111	0.002854679	0.003012679	0.027164924
ASV_593	0.011497	0.008786839	0.009398108	0.015452969
ASV_823	0.012695	0.017876115	0.015017824	0.006484636
ASV_444	0.01062	0.017506483	0.008146531	0.006814354
ASV_1111	0.009889	0.0011934145	0.0008545171	0.0244210180
ASV_802	0.010119	0.002398645	0.004862279	0.020810053
ASV_523	0.01189	0.003842581	0.020340758	0.011889227
ASV_848	0.012491	0.008299466	0.017322208	0.012148117
ASV_379	0.010083	0.003844060	0.001879642	0.021887127
ASV_349	0.010428	0.009017214	0.001476419	0.018774645
ASV_705	0.012553	0.01263871	0.01128363	0.01349694
ASV_1091	0.00996	0.001323032	0.007674713	0.019043890
ASV_1137	0.010655	0.005211308	0.019187841	0.008401839
ASV_614	0.010645	0.007914020	0.020064778	0.005402486
ASV_1075	0.010659	0.002212969	0.002473607	0.024300860
ASV_954	0.011384	0.012331506	0.008897112	0.012578398
ASV_1103	0.015193	0.01203338	0.02262421	0.01190303
ASV_899	0.012335	0.006461323	0.006857186	0.021652278
ASV_575	0.011388	0.01062171	0.01089638	0.01242431
ASV_1148	0.009109	0.010345745	0.014401866	0.003837047
ASV_890	0.012799	0.009566796	0.019235519	0.010364603
ASV_1122	0.011184	0.0307766302	0.0034585485	0.0009065127
ASV_990	0.009183	0.0006825940	0.0288600500	0.0005823069
ASV_1225	0.010586	0.012216989	0.012152584	0.007963929
ASV_994	0.012542	0.002417298	0.036727412	0.001698964
ASV_1229	0.009955	0.001118836	0.003183797	0.022793117
ASV_784	0.01	0.0022528374	0.0006038428	0.0240232301
ASV_944	0.00924	0.001437237	0.002317883	0.021330851
ASV_1065	0.010555	0.012790954	0.006492344	0.011926024
ASV_758	0.011985	0.013260148	0.008584646	0.013634001
ASV_1017	0.010474	0.012516078	0.010704932	0.008574364
ASV_667	0.008513	0.002862164	0.013979984	0.008887103
ASV_911	0.010085	0.004006179	0.005246638	0.019061876
ASV_641	0.010814	0.004471879	0.006000973	0.019992063
ASV_1181	0.010383	0.010724123	0.017922635	0.004064572
ASV_1027	0.009483	0.005239674	0.022529586	0.002610074
ASV_772	0.009829	0.006514984	0.001195842	0.019519426
ASV_1194	0.009915	0.005806474	0.001575654	0.020038624
ASV_636	0.009316	0.004633828	0.005185302	0.016553199
ASV_566	0.014627	0.026449022	0.013539307	0.005567441
ASV_951	0.009544	0.004229277	0.002382957	0.019737847
ASV_647	0.010116	0.008092546	0.008728179	0.012924705
ASV_628	0.012012	0.010127796	0.017592505	0.009130811
ASV_798	0.00896	0.009086636	0.006351584	0.010941292
ASV_1200	0.009046	0.008956270	0.006032023	0.011532514
ASV_923	0.01	0.006150805	0.007835598	0.014963659
ASV_696	0.011735	0.012142863	0.014646082	0.009063053
ASV_489	0.011573	0.019912003	0.004565875	0.010174800
ASV_969	0.010661	0.010490627	0.012905728	0.009009532
ASV_980	0.011368	0.014699944	0.008579475	0.010799511
ASV_1048	0.009579	0.001356942	0.004541243	0.020514742
ASV_943	0.008771	0.001994269	0.001871540	0.019983719
ASV_682	0.010426	0.009961306	0.012880748	0.008851404
ASV_1170	0.010259	0.005736459	0.007711315	0.016097282
ASV_1115	0.009049	0.001986220	0.002023657	0.020600719
ASV_993	0.010327	0.021475260	0.002850129	0.006944573
ASV_307	0.00849	0.003903737	0.007648090	0.013015434
ASV_478	0.010743	0.012023330	0.011629016	0.008959422
ASV_796	0.010519	0.005866825	0.011219071	0.013867734
ASV_956	0.009319	0.004886841	0.009558895	0.012849953
ASV_487	0.009444	0.0100455438	0.0196465746	0.0007762358
ASV_852	0.007997	0.003392258	0.002565422	0.016210453
ASV_673	0.00847	0.001012484	0.001232773	0.020523790
ASV_518	0.009101	0.005971283	0.016343754	0.005935774
ASV_964	0.008688	0.010249732	0.010500257	0.005926532
ASV_867	0.007364	0.011761537	0.001823288	0.008103708
ASV_1214	0.009266	0.004728939	0.012451270	0.010528525
ASV_1082	0.011821	0.019371531	0.006715151	0.009562573
ASV_997	0.010407	0.020522814	0.004674947	0.006496645
ASV_1114	0.008198	0.011284789	0.007737200	0.005973357
ASV_765	0.01055	0.006846782	0.017859542	0.007813853
ASV_1098	0.008973	0.005546279	0.006759156	0.013621397
ASV_847	0.008448	0.004993390	0.016220399	0.005132379
ASV_740	0.010375	0.006163449	0.012835216	0.011945401
ASV_863	0.007741	0.0078604752	0.0009443328	0.0130771034
ASV_683	0.012631	0.017886493	0.004283906	0.014892840
ASV_585	0.008995	0.003040529	0.006043929	0.016357149
ASV_868	0.009704	0.006716411	0.005685972	0.015427694
ASV_542	0.009033	0.008850466	0.006985367	0.010825308
ASV_610	0.008829	0.00430784	0.00621681	0.01471550
ASV_690	0.010801	0.012911605	0.015845285	0.004991947
ASV_955	0.009018	0.003370718	0.005429121	0.016633666
ASV_564	0.010585	0.009933413	0.018509661	0.004793721
ASV_1056	0.00898	0.003376821	0.004121391	0.017572482
ASV_595	0.007709	0.004238572	0.001720120	0.015414019
ASV_704	0.011495	0.020713664	0.009421705	0.005410253
ASV_1144	0.009737	0.018204533	0.004030155	0.007190740
ASV_830	0.008121	0.003013703	0.002718624	0.016733623
ASV_1117	0.007847	0.001206740	0.002798408	0.017464005
ASV_714	0.012643	0.01093062	0.01649161	0.01100337
ASV_981	0.008777	0.011921262	0.004362412	0.009667919
ASV_204	0.007963	0.005923951	0.005032298	0.012020362
ASV_762	0.009141	0.0075387952	0.0214880598	0.0006103599
ASV_425	0.008907	0.003342743	0.016310943	0.007658682
ASV_1062	0.010546	0.007376871	0.014621043	0.009947195
ASV_1014	0.009447	0.0154853132	0.0001697826	0.0117962348
ASV_652	0.009368	0.011197304	0.002552876	0.013283499
ASV_738	0.008412	0.006726562	0.017857471	0.002270235
ASV_353	0.008709	0.011683292	0.009701826	0.005417337
ASV_1165	0.007762	0.008571337	0.005564967	0.008841006
ASV_1136	0.007862	0.002775102	0.003227078	0.015842689
ASV_770	0.009123	0.002045935	0.021382033	0.005259888
ASV_1175	0.007785	0.002634188	0.005533289	0.013914333
ASV_642	0.009233	1.572658e-02	8.357746e-05	1.109823e-02
ASV_1234	0.009749	0.001999213	0.025715821	0.003484246
ASV_1038	0.009377	0.006361492	0.019578802	0.003748935
ASV_500	0.010327	0.005705114	0.010093429	0.014395389
ASV_1162	0.008184	2.551306e-02	1.443306e-04	5.859615e-05
ASV_459	0.008581	0.010540916	0.013250485	0.003198944
ASV_1070	0.008497	0.004049301	0.001727081	0.017649079
ASV_732	0.009013	0.022179703	0.001182496	0.004216571
ASV_741	0.007718	0.006091100	0.013452318	0.004498071
ASV_840	0.00925	0.01068349	0.01134144	0.00637225
ASV_1022	0.008867	0.008820900	0.007556231	0.009954774
ASV_711	0.008806	0.006633060	0.014383147	0.006169581
ASV_1046	0.007095	0.006560131	0.011189791	0.004267900
ASV_290	0.008349	0.005107041	0.007191958	0.011999119
ASV_812	0.010924	0.007990741	0.012083264	0.012461463
ASV_918	0.008773	0.012556123	0.006820321	0.007158549
ASV_1158	0.008676	0.007935793	0.005412889	0.011907425
ASV_914	0.007836	0.009621645	0.006746877	0.007207092
ASV_666	0.009437	0.010269613	0.008879860	0.009182813
ASV_1074	0.009282	0.005174961	0.019274955	0.004737517
ASV_1042	0.009885	0.009507010	0.010445815	0.009754317
ASV_1011	0.010226	0.009609909	0.011998808	0.009326456
ASV_1113	0.007392	0.006617000	0.004928821	0.010012317
ASV_1024	0.009975	0.012867899	0.009131078	0.008219745
ASV_826	0.007987	0.007630713	0.012533534	0.004648750
ASV_605	0.008097	4.881118e-04	2.616798e-02	3.205693e-05
ASV_216	0.010695	0.019185356	0.009828610	0.004256267
ASV_837	0.008879	0.008641311	0.003411044	0.013454142
ASV_420	0.009946	0.005251778	0.014098585	0.010566260
ASV_747	0.009014	0.016488120	0.007513128	0.003937023
ASV_1055	0.007279	0.003795697	0.011893080	0.006514160
ASV_1071	0.007717	0.010405802	0.006034802	0.006805066
ASV_814	0.008054	0.0088965564	0.0001542839	0.0136661993
ASV_1155	0.010271	0.008202614	0.011273866	0.011205546
ASV_128	0.012872	0.016009465	0.017585638	0.006465822
ASV_681	0.008159	0.01175118	0.00881822	0.00461386
ASV_836	0.008463	0.010608365	0.007405014	0.007508007
ASV_1102	0.006744	0.006371479	0.003193832	0.009897060
ASV_764	0.008611	0.012066007	0.010090168	0.004525773
ASV_902	0.006952	0.002600144	0.004691958	0.012415710
ASV_876	0.008268	0.003022167	0.006445778	0.014131782
ASV_1171	0.006787	0.004373710	0.003229033	0.011660727
ASV_239	0.006847	0.001550758	0.006029609	0.011948997
ASV_975	0.006948	0.005969102	0.003005560	0.010924228
ASV_296	0.007262	0.004191357	0.015663084	0.003119540
ASV_665	0.00781	0.001614949	0.004110427	0.015972344
ASV_660	0.010164	0.020180564	0.009651411	0.002159879
ASV_1092	0.006762	0.003743403	0.003740738	0.011715272
ASV_1105	0.010354	0.016252008	0.005725848	0.009101440
ASV_879	0.007312	0.007418486	0.005395589	0.008755735
ASV_1008	0.007141	0.009722717	0.009275449	0.003265270
ASV_1104	0.007086	0.003508039	0.004507358	0.012154055
ASV_889	0.007249	1.568000e-04	2.367663e-02	6.427768e-05
ASV_1043	0.006789	0.001888665	0.003543275	0.013502794
ASV_892	0.006858	0.005226088	0.005618636	0.009220245
ASV_626	0.00753	0.009288868	0.007586616	0.006006707
ASV_967	0.006483	0.007669774	0.005787879	0.006042579
ASV_480	0.008817	0.005644976	0.015182368	0.006389055
ASV_917	0.006695	0.002936519	0.004915259	0.011276703
ASV_1134	0.006617	0.003982891	0.005388801	0.009811617
ASV_929	0.006415	0.002201937	0.002466241	0.013112814
ASV_795	0.008304	0.011476605	0.008919062	0.005147428
ASV_1132	0.007153	0.002947696	0.019559409	0.000760221
ASV_534	0.005949	0.004253086	0.003922456	0.008994097
ASV_691	0.00649	0.007376676	0.004626310	0.007234912
ASV_776	0.006421	0.002801002	0.008429124	0.007856268
ASV_989	0.006929	0.009201877	0.005524119	0.006144570
ASV_884	0.005777	0.003716498	0.003313951	0.009476961
ASV_966	0.006414	0.002527834	0.005496876	0.010411713
ASV_877	0.005778	0.002077943	0.008847882	0.006430331
ASV_1146	0.008932	0.014166272	0.010858435	0.002994656
ASV_1010	0.005796	0.009372079	0.002106989	0.005742132
ASV_720	0.006054	0.002160010	0.008159593	0.007639399
ASV_938	0.005777	0.009652807	0.004870633	0.003246804
ASV_791	0.006596	0.005505815	0.008548376	0.005949970
ASV_708	0.006325	0.003677015	0.006111982	0.008720031
ASV_838	0.006324	0.000000e+00	2.083122e-02	3.119054e-05
ASV_1088	0.006923	0.008920594	0.006014632	0.005972473
ASV_298	0.007441	0.013638936	0.008798040	0.001150119
ASV_940	0.006421	0.005169825	0.000261207	0.012399266
ASV_562	0.007197	0.007574288	0.007340553	0.006766160
ASV_952	0.006777	0.006989457	0.006308869	0.006972008
ASV_773	0.006895	0.0003422395	0.0017786677	0.0164927345
ASV_935	0.006078	0.005637253	0.004794555	0.007474505
ASV_678	0.006154	0.006754875	0.005117965	0.006477442
ASV_824	0.005647	0.001023934	0.001964553	0.012477539
ASV_928	0.006845	0.004856655	0.009741824	0.006196680
ASV_834	0.006169	5.922245e-04	3.957763e-05	1.575605e-02
ASV_1212	0.005838	0.002695368	0.002822258	0.010890433
ASV_699	0.006042	0.007628618	0.006881274	0.004038118
ASV_658	0.005791	0.005257682	0.007144869	0.005155746
ASV_461	0.00568	0.003968071	0.009260345	0.004254937
ASV_321	0.005997	0.003234905	0.003131642	0.010609167
ASV_675	0.0047	0.003995034	0.009682051	0.001307471
ASV_922	0.006716	0.002059052	0.003753836	0.012997367
ASV_843	0.006115	0.0043807136	0.0002161318	0.0122911737
ASV_1240	0.005125	0.002265842	0.001219061	0.010650571
ASV_760	0.006555	0.003916073	0.007963157	0.007645382
ASV_516	0.005607	0.006630287	0.002728628	0.007050138
ASV_441	0.006085	0.010673760	0.003719651	0.004121919
ASV_1179	0.005384	0.002952210	0.002092311	0.010060787
ASV_1025	0.005561	0.003110117	0.007970675	0.005691798
ASV_1123	0.006902	0.008732143	0.011565903	0.001633815
ASV_819	0.006136	0.0008495489	0.0009031714	0.0147616342
ASV_866	0.006264	0.004526811	0.005158284	0.008606493
ASV_1067	0.006375	0.005109104	0.006377517	0.007435283
ASV_373	0.00523	0.005208571	0.008939623	0.002280757
ASV_625	0.005758	0.002704163	0.006084366	0.008062667
ASV_731	0.006151	0.008630319	0.005347456	0.004711623
ASV_1201	0.005533	0.001241127	0.007937891	0.007213280
ASV_1001	0.006352	0.006117682	0.008662538	0.004699230
ASV_909	0.005778	0.005920175	0.005078837	0.006219082
ASV_468	0.005312	0.003142992	0.002752765	0.009180088
ASV_1178	0.005059	0.004535203	0.002356913	0.007660853
ASV_1064	0.00458	0.0009173478	0.0126785029	0.0011785619
ASV_960	0.005519	0.008430397	0.000000000	0.007488143
ASV_440	0.005098	0.005961607	0.004826928	0.004590106
ASV_477	0.006217	0.005227804	0.003308183	0.009375525
ASV_947	0.00602	0.006997339	0.009045227	0.002779881
ASV_701	0.004484	0.001243666	0.005869817	0.006096817
ASV_1099	0.004552	0.001790870	0.011829938	0.001048563
ASV_1054	0.004381	0.0005417265	0.0121811906	0.0013658476
ASV_694	0.004631	0.0011793640	0.0002616653	0.0110257604
ASV_1230	0.006428	0.008413665	0.008034063	0.003473871
ASV_598	0.006318	0.007335630	0.006345266	0.005441102
ASV_1068	0.005886	0.004237387	0.007046059	0.006344092
ASV_1141	0.004955	0.002035028	0.004801727	0.007530451
ASV_797	0.005251	0.008203282	0.007123629	0.001272134
ASV_788	0.00648	0.005248109	0.011252588	0.003696836
ASV_924	0.005179	0.007611942	0.000000000	0.007278983
ASV_787	0.005091	0.005760761	0.006362670	0.003510442
ASV_563	0.005887	0.006343645	0.006344858	0.005137717
ASV_995	0.005224	0.009128194	0.004311988	0.002674664
ASV_295	0.003827	0.005105732	0.002757762	0.003609571
ASV_638	0.00432	0.006891917	0.003630451	0.002711470
ASV_1187	0.005224	0.005388273	0.005281793	0.005038626
ASV_1112	0.004692	0.001781055	0.002736968	0.008702205
ASV_737	0.0048	0.004736285	0.004346150	0.005216847
ASV_828	0.003748	0.003214188	0.001851991	0.005712475
ASV_854	0.004316	0.004837114	0.006487301	0.002140977
ASV_794	0.004147	0.002159857	0.001583437	0.007867427
ASV_804	0.005893	0.006831543	0.008198280	0.003259327
ASV_933	0.004214	0.002557993	0.001616822	0.007682291
ASV_1007	0.005235	0.001451916	0.006878551	0.007097606
ASV_1235	0.005533	0.006031576	0.006400021	0.004420573
ASV_983	0.004626	0.0008257116	0.0132659537	0.0009067015
ASV_898	0.005799	0.007712508	0.007400946	0.002910816
ASV_829	0.00476	0.004664347	0.004590255	0.004975866
ASV_248	0.004719	0.005871293	0.005982666	0.002739054
ASV_942	0.004166	0.002511022	0.001943609	0.007332842
ASV_1004	0.004329	0.003992493	0.003760049	0.005065520
ASV_910	0.004164	0.005198751	0.006258411	0.001620251
ASV_861	0.004474	0.002640824	0.001441572	0.008438918
ASV_633	0.004448	0.005609905	0.005135665	0.002922074
ASV_1026	0.00378	0.001627324	0.002676529	0.006469965
ASV_1151	0.004791	0.004215167	0.009058989	0.001860769
ASV_900	0.004282	0.005474848	0.002073774	0.005047147
ASV_1041	0.003906	0.0008707554	0.0023141443	0.0077302178
ASV_1195	0.004406	0.006483196	0.005353497	0.001902768
ASV_1217	0.003962	0.001505316	0.006804763	0.003751162
ASV_1063	0.003845	0.003296101	0.002850033	0.005102449
ASV_1093	0.004253	0.001896339	0.007449196	0.003675836
ASV_968	0.004054	0.001741949	0.003352320	0.006556578
ASV_600	0.005288	0.001382975	0.006353829	0.007714271
ASV_1100	0.004419	0.002334105	0.001307334	0.008658942
ASV_878	0.003921	0.007689020	0.003497535	0.001093682
ASV_766	0.004481	0.007317339	0.003013885	0.003272367
ASV_428	0.003957	0.002586502	0.003754737	0.005270585
ASV_957	0.004396	0.002699386	0.007310263	0.003490711
ASV_1110	0.005377	0.008732702	0.003847558	0.003780870
ASV_835	0.003864	0.002406868	0.007062621	0.002530072
ASV_712	0.00389	0.004137632	0.004225345	0.003412567
ASV_1218	0.00366	0.003201110	0.003283832	0.004346572
ASV_896	0.004806	0.004771175	0.006968675	0.003105180
ASV_1193	0.003835	0.003185620	0.002983940	0.005060718
ASV_1107	0.004205	0.006958781	0.002427785	0.003313702
ASV_803	0.003197	0.001992842	0.006578743	0.001503062
ASV_700	0.003617	0.004123997	0.003583365	0.003217184
ASV_1052	0.003864	0.003168516	0.003687515	0.004589773
ASV_620	0.00366	0.002915745	0.005812640	0.002562578
ASV_692	0.004785	0.004851413	0.008730525	0.001571735
ASV_1223	0.003612	0.002025420	0.002711023	0.005664884
ASV_510	0.003735	0.002774379	0.006944397	0.001974197
ASV_846	0.003683	0.002012880	0.007225900	0.002252189
ASV_1203	0.003501	0.001174812	0.000000000	0.008256876
ASV_1121	0.003565	0.005704671	0.001988544	0.003028594
ASV_1145	0.005004	0.006062176	0.005514689	0.003707258
ASV_369	0.003596	0.002796121	0.006726219	0.001762406
ASV_1039	0.003363	0.002698642	0.002815896	0.004357466
ASV_1028	0.003432	0.000000e+00	1.128677e-02	3.119054e-05
ASV_818	0.003399	0.002570702	0.004302135	0.003372979
ASV_799	0.003529	0.0090191546	0.0009444925	0.0009853873
ASV_1226	0.002923	0.0002161146	0.0076193971	0.0014388761
ASV_949	0.003056	0.004896916	0.003510289	0.001145770
ASV_1120	0.003501	0.002254275	0.003361554	0.004658725
ASV_1154	0.002823	0.0008589405	0.0012748451	0.0057103227
ASV_778	0.002963	0.003067579	0.001889258	0.003735210
ASV_872	0.003139	0.002562812	0.005052733	0.002092172
ASV_362	0.00296	0.004248503	0.004023564	0.001027065
ASV_986	0.003234	0.003169862	0.005388795	0.001562913
ASV_882	0.002644	0.0063954026	0.0001103252	0.0015194528
ASV_1167	0.003138	7.087984e-03	3.957763e-05	2.298720e-03
ASV_513	0.002886	0.002042562	0.002535545	0.003875919
ASV_977	0.003308	0.002783147	0.006449915	0.001234405
ASV_1016	0.002735	0.0009964531	0.0007613758	0.0057740452
ASV_901	0.003329	0.003293357	0.003504914	0.003217047
ASV_961	0.002684	0.001663013	0.002830369	0.003424484
ASV_1035	0.002373	0.000000000	0.000000000	0.006265402
ASV_1149	0.002652	1.040943e-04	8.601850e-03	3.213884e-05
ASV_680	0.002062	0.002936369	0.002438263	0.001026475
ASV_988	0.003053	0.001959264	0.005617093	0.001920296
ASV_1202	0.002305	0.002172916	0.001921289	0.002721999
ASV_1106	0.002569	0.002430693	0.002964655	0.002367885
ASV_970	0.002575	0.003451262	0.003339403	0.001226827
ASV_1177	0.003049	0.001509934	0.003225919	0.004200047
ASV_1097	0.002358	0.0021429049	0.0009031852	0.0037017996
ASV_1003	0.002475	0.001573819	0.003218989	0.002637653
ASV_869	0.002169	0.002703382	0.001991544	0.001862714
ASV_1047	0.001914	7.333228e-05	8.639060e-05	4.921665e-03
ASV_774	0.001998	0.0006278048	0.0008009794	0.0041065090
ASV_1233	0.003019	0.002621688	0.005367217	0.001475466
ASV_813	0.001979	0.0005448078	0.0015942433	0.0034926780
ASV_1032	0.001861	0.0025180633	0.0023223458	0.0009412347
ASV_266	0.002105	0.002292600	0.001984569	0.002043103
ASV_1207	0.001997	0.002073442	0.001872764	0.002033002
ASV_1157	0.00199	0.0005159584	0.0016670225	0.0034867505
ASV_1205	0.002014	0.0003981695	0.0007790665	0.0043587940
ASV_806	0.001805	0.001312538	0.001549767	0.002422786
ASV_1078	0.001864	0.001413488	0.001590745	0.002461645
ASV_895	0.001687	0.0001291585	0.0000000000	0.0043452399
ASV_810	0.002002	0.0008688328	0.0010265164	0.0037346769
ASV_1076	0.001902	0.001104952	0.003832265	0.001026918
ASV_1188	0.001608	0.0004274424	0.0011977228	0.0029277539
ASV_1080	0.001888	0.002899954	0.001767872	0.001133613
ASV_1164	0.001868	0.0022986724	0.0033423524	0.0003277601
ASV_612	0.001673	0.0006166269	0.0025882438	0.0018271514
ASV_1135	0.002213	0.002202017	0.002195624	0.002237276
ASV_987	0.001843	0.001468881	0.001358556	0.002543839
ASV_919	0.001774	0.001581655	0.001192674	0.002401803
ASV_815	0.001848	0.001929861	0.001506022	0.002052877
ASV_1125	0.001476	0.0002568319	0.0013263774	0.0026205957
ASV_742	0.001803	0.001530885	0.002702993	0.001311074
ASV_875	0.001648	0.0005009978	0.0029745282	0.0015508208
ASV_1057	0.001657	0.0017095468	0.0033240693	0.0002784203
ASV_1220	0.00181	0.001243336	0.001366668	0.002641157
ASV_434	0.001522	0.0029276411	0.0008316752	0.0008940980
ASV_921	0.00178	0.0007160384	0.0009787044	0.0033139085
ASV_654	0.001558	0.0004681122	0.0011746858	0.0027804003
ASV_1069	0.001433	0.0018782071	0.0009339664	0.0014574704
ASV_916	0.001322	0.000000000	0.000000000	0.003488928
ASV_308	0.002136	0.0025177203	0.0038066827	0.0004795832
ASV_1130	0.001251	0.0001861758	0.0007944101	0.0025117008
ASV_1142	0.001279	0.0002984595	0.0005053968	0.0027210040
ASV_862	0.001338	0.0008953267	0.0008307760	0.0021158305
ASV_912	0.001254	0.0023062878	0.0006521457	0.0008521434
ASV_648	0.001091	0.001524423	0.000617735	0.001104502
ASV_718	0.001483	0.001900885	0.001614854	0.001025472
ASV_1206	0.001074	0.0009207764	0.0011819820	0.0011165617
ASV_1168	0.001256	0.0016901587	0.0009445881	0.0011416780
ASV_573	0.001077	0.0011904804	0.0016196489	0.0005477884
ASV_1108	0.001206	8.153388e-05	1.139396e-03	2.205052e-03
ASV_946	0.000892	0.0002259869	0.0000000000	0.0021638453
ASV_1030	0.000874	0.0009358983	0.0007969644	0.0008838868
ASV_1060	0.000948	0.0014512071	0.0003119372	0.0010350822
ASV_263	0.001106	0.0008395801	0.0022488244	0.0004157906
ASV_850	0.000931	0.0008085183	0.0014203930	0.0006433883
ASV_1183	0.000842	0.0012094948	0.0002628269	0.0009974517
ASV_354	0.000748	0.0010484168	0.0002129847	0.0009247168
ASV_908	0.000843	0.0014121897	0.0002690848	0.0008246237
ASV_640	0.000805	0.0006620479	0.0014743040	0.0003893431
ASV_1166	0.000899	0.001642902	0.001242051	0.000000000
ASV_864	0.000891	0.0012658796	0.0005901319	0.0008168658
ASV_888	0.000636	0.0010025945	0.0004780053	0.0004537599
ASV_992	0.000675	0.0002986338	0.0006314358	0.0010265668
ASV_1239	0.000466	0.0005393734	0.0003688847	0.0004818644
ASV_1190	0.00054	0.0000000000	0.0003060161	0.0011811083
ASV_998	0.00053	0.0002652827	0.0002902141	0.0009441985
ASV_569	0.000493	0.0003828441	0.0010189302	0.0001648572
ASV_1236	0.000646	0.0006200395	0.0007635001	0.0005726133
ASV_800	0.000624	0.0008482067	0.0005919981	0.0004616628
ASV_1087	0.000421	0.0002016253	0.0004379437	0.0005919874
ASV_511	0.000334	0.0001171521	0.0003237582	0.0005249612
ASV_817	0.000307	0.0002636750	0.0001034234	0.0005060576
ASV_442	0.000406	0.0001416848	0.0006075851	0.0004661704
ASV_1040	0.000271	1.485294e-04	5.329127e-05	5.469257e-04
ASV_1143	0.000324	0.0007318327	0.0001589850	0.0001131190
ASV_1053	0.000299	5.160949e-05	5.495593e-05	7.020010e-04
ASV_1129	0.000301	0.0003664490	0.0002974393	0.0002489037
ASV_748	0.000232	2.799309e-05	5.260380e-04	1.672444e-04
ASV_858	0.000196	2.151431e-04	3.520494e-04	5.516872e-05
ASV_1173	0.000107	3.608105e-05	0.000000e+00	2.522137e-04
ASV_429	0.000125	8.047722e-05	1.817498e-04	1.159409e-04
ASV_611	9.2e-05	5.419384e-05	0.000000e+00	1.969556e-04
ASV_322	0.000109	5.966402e-05	0.000000e+00	2.387847e-04
ASV_768	7.2e-05	0.000000e+00	5.496922e-05	1.468953e-04
ASV_727	5.4e-05	6.656247e-05	7.627765e-05	2.573903e-05
ASV_1192	4.5e-05	4.289927e-05	0.000000e+00	8.205980e-05
ASV_1005	4e-05	0.0000000000	0.0000000000	0.0001046886
ASV_1034	4.9e-05	2.970213e-05	1.312655e-04	0.000000e+00
ASV_617	6.2e-05	6.482839e-05	7.875256e-05	4.603310e-05
ASV_1086	3.4e-05	0.000000e+00	3.472608e-05	6.176934e-05
ASV_792	1.9e-05	0.000000e+00	6.286936e-05	0.000000e+00
ASV_931	4.2e-05	5.966402e-05	7.463578e-05	0.000000e+00
ASV_435	1.6e-05	5.049633e-05	0.000000e+00	0.000000e+00
ASV_1163	1.1e-05	0.000000e+00	3.472608e-05	0.000000e+00
ASV_1058	1.2e-05	3.72606e-05	0.00000e+00	0.00000e+00
