OTUID	All	D	H	I
ASV_1	9.2306	12.356905	 8.899193	 7.329114
ASV_2	8.860687	 5.650604	10.301262	 5.449230
ASV_4	4.108396	5.572609	3.522717	5.316345
ASV_3	3.10714	2.167564	3.321039	3.121401
ASV_6	1.748814	1.180397	1.550447	3.355322
ASV_5	1.665373	2.943735	1.407481	1.484439
ASV_7	1.87259	1.154296	1.791519	3.075894
ASV_21	1.553369	0.9079819	1.8026763	1.0640591
ASV_12	1.378226	0.7002944	1.6225685	0.9497325
ASV_11	1.495274	4.0913729	1.0132016	0.9247632
ASV_9	1.47054	1.2496011	1.6719375	0.7372854
ASV_15	1.393559	3.185832	1.021280	1.192110
ASV_46	1.239802	1.6400564	0.8042365	2.9128982
ASV_17	1.042137	0.480721	1.131724	1.236992
ASV_14	1.046021	1.5566984	0.9927315	0.7312931
ASV_8	0.922328	0.4887318	1.1133514	0.4788878
ASV_13	0.960582	0.6385777	1.1482182	0.4081089
ASV_25	0.803646	0.7448455	0.7740933	1.0138646
ASV_23	0.838876	0.8450154	0.9492514	0.2938913
ASV_48	0.764283	1.7640278	0.4632822	1.1069462
ASV_20	0.699902	0.3324508	0.8601516	0.3320694
ASV_40	0.762802	0.4889072	0.9106716	0.3500710
ASV_113	0.688821	2.2224841	0.4264117	0.2426986
ASV_24	0.61352	0.21224328	0.82955165	0.01180165
ASV_31	0.619539	0.6140849	0.5263180	1.0801301
ASV_26	0.548255	0.4597056	0.5358511	0.7083419
ASV_43	0.489118	0.4309143	0.4778473	0.6095423
ASV_47	0.449092	0.3594974	0.2913528	1.3188672
ASV_66	0.483822	0.04650604	0.06545479	3.01534372
ASV_16	0.485078	0.4958514	0.5381475	0.2142457
ASV_65	0.545113	0.5184749	0.5865729	0.3729657
ASV_36	0.434345	0.8213768	0.3674943	0.3248331
ASV_27	0.477676	0.6860856	0.4427698	0.4133844
ASV_44	0.487248	0.4019227	0.5083796	0.4802206
ASV_37	0.418764	0.5699933	0.2959931	0.8471388
ASV_18	0.443975	0.3466007	0.5072435	0.2450891
ASV_50	0.419239	0.3151932	0.4867192	0.2073261
ASV_86	0.457998	0.07505576	0.62613484	0.06914177
ASV_32	0.488519	0.5608121	0.3350825	1.1551915
ASV_85	0.448593	0.1672901	0.5612080	0.2160614
ASV_138	0.397075	0.08257134	0.30321914	1.20844130
ASV_30	0.413648	0.2566214	0.4698094	0.3165139
ASV_100	0.418296	1.4099970	0.2185322	0.2764844
ASV_73	0.480507	0.8919569	0.3982421	0.4186691
ASV_55	0.386861	0.9077892	0.2930761	0.2580186
ASV_96	0.441101	0.03786767	0.61779362	0.03336447
ASV_74	0.403447	0.4055008	0.3365207	0.7274029
ASV_33	0.386341	0.4439102	0.4312795	0.1025038
ASV_56	0.420088	0.20042333	0.54023753	0.08147844
ASV_29	0.422612	0.3266585	0.4629750	0.3337917
ASV_63	0.369486	0.4240361	0.3446555	0.4291689
ASV_79	0.39248	0.3301546	0.3766177	0.5399280
ASV_58	0.321803	0.6855705	0.2693340	0.1683503
ASV_54	0.355059	0.3132978	0.3914696	0.2245420
ASV_35	0.379318	0.2531880	0.4524100	0.1648897
ASV_22	0.339537	0.2302890	0.3255172	0.5307851
ASV_60	0.334358	0.5197223	0.2896124	0.3439599
ASV_146	0.301856	0.1681687	0.3478510	0.2280321
ASV_51	0.36363	0.1399489	0.4193049	0.3438546
ASV_34	0.325044	0.2263525	0.3727340	0.2035855
ASV_77	0.277429	0.4173446	0.2240081	0.3804485
ASV_72	0.372223	0.05183684	0.50113011	0.10423453
ASV_130	0.272499	0.1204029	0.2728075	0.4421008
ASV_49	0.284369	0.2018316	0.2427227	0.5802465
ASV_93	0.267379	0.3982450	0.2698270	0.1082233
ASV_42	0.318503	0.1347615	0.3316077	0.4613264
ASV_41	0.278925	0.1538023	0.3091580	0.2723009
ASV_59	0.300661	0.1664304	0.3101720	0.4053018
ASV_87	0.325985	0.1336578	0.3477297	0.4363475
ASV_75	0.292929	0.1353833	0.3462392	0.2102791
ASV_70	0.252213	0.1137712	0.2910225	0.2187663
ASV_83	0.289454	0.2585268	0.2899602	0.3217778
ASV_115	0.2533	0.08618128	0.29868499	0.22005911
ASV_881	0.260108	0.3809675	0.2235424	0.3023983
ASV_76	0.285731	0.2169844	0.3326489	0.1343490
ASV_61	0.232598	0.26154383	0.26104577	0.06135184
ASV_78	0.246848	0.05556293	0.28771790	0.26279982
ASV_84	0.210435	0.1341777	0.1346347	0.6657513
ASV_81	0.276525	0.3248119	0.2769424	0.2201683
ASV_88	0.23854	0.12534006	0.30483103	0.04272082
ASV_160	0.236244	0.50067662	0.20325147	0.09959303
ASV_373	0.195489	1.122380037	0.021265946	0.002070702
ASV_308	0.320324	0.0003727076	0.4597187588	0.0007189831
ASV_154	0.219568	0.2320396	0.2280512	0.1641794
ASV_124	0.256368	0.06181177	0.32367457	0.14712613
ASV_67	0.255473	0.08824581	0.32916373	0.08436283
ASV_82	0.197244	0.3530798	0.1107943	0.4433719
ASV_245	0.183069	0.07482353	0.07199761	0.84632167
ASV_248	0.307907	0.0008267566	0.4359114452	0.0293517012
ASV_39	0.200857	0.1162223	0.1943501	0.3277918
ASV_158	0.257381	0.07088554	0.34855146	0.02273269
ASV_97	0.208061	0.1667699	0.2297984	0.1485439
ASV_38	0.225128	0.1384264	0.2389245	0.2554097
ASV_189	0.204309	0.2051632	0.1966901	0.2404911
ASV_176	0.222419	0.24829949	0.05730935	0.99821321
ASV_220	0.197915	0.3991457	0.1671171	0.1216728
ASV_62	0.21335	0.1907282	0.2206567	0.2031825
ASV_128	0.158675	0.04066171	0.20668159	0.05741101
ASV_94	0.200871	0.2652901	0.1734210	0.2622151
ASV_190	0.156946	0.01476049	0.11126210	0.53961395
ASV_140	0.167473	0.30025778	0.06314338	0.52669919
ASV_69	0.194327	0.1396082	0.2191661	0.1347974
ASV_52	0.193313	0.26600467	0.19697209	0.09369604
ASV_90	0.196406	0.09401568	0.24268246	0.08599475
ASV_127	0.213917	0.06634123	0.26928450	0.11002446
ASV_1119	0.148572	0.77728721	0.03070246	0.01588479
ASV_428	0.167729	0.02139783	0.23590304	0.00000000
ASV_311	0.157202	0.05844525	0.18875064	0.11450547
ASV_147	0.149048	0.1686847	0.1358982	0.1910642
ASV_111	0.146447	0.1849913	0.1316289	0.1753209
ASV_152	0.157324	0.1252240	0.1660392	0.1509488
ASV_135	0.166451	0.2060551	0.1698983	0.1050936
ASV_161	0.153334	0.06965658	0.16244880	0.20303926
ASV_101	0.129889	0.001609728	0.037777016	0.723247202
ASV_133	0.141481	0.10862353	0.16082787	0.08412902
ASV_195	0.133172	0.06778412	0.15113566	0.11916184
ASV_106	0.149731	0.07894174	0.06428519	0.64592050
ASV_57	0.127608	0.369332365	0.097064704	0.004563366
ASV_144	0.131496	0.07232644	0.07960934	0.45101078
ASV_216	0.242545	0.001130755	0.327371605	0.100606566
ASV_230	0.128173	0.06087133	0.15532402	0.07152740
ASV_120	0.154355	0.04735567	0.20383807	0.03349735
ASV_200	0.135347	0.1499127	0.1391097	0.1006155
ASV_91	0.127935	0.04098271	0.04054582	0.65177632
ASV_224	0.129111	0.04457845	0.17025907	0.02361195
ASV_193	0.15593	0.13449786	0.02892276	0.79920210
ASV_167	0.134731	0.0609872	0.1204962	0.2870909
ASV_143	0.134679	0.11592032	0.15092750	0.07657377
ASV_180	0.121493	0.21165668	0.11261781	0.06332636
ASV_149	0.136029	0.1102866	0.1487025	0.1032035
ASV_235	0.133698	0.08291697	0.15464880	0.08869004
ASV_284	0.127008	0.08015047	0.14747846	0.07992874
ASV_315	0.134055	0.70433409	0.01949306	0.05097893
ASV_129	0.13588	0.35202955	0.10287745	0.05360059
ASV_103	0.138731	0.04419914	0.17048772	0.09026300
ASV_116	0.125715	0.19204679	0.12004115	0.07875403
ASV_194	0.136791	0.10467429	0.16519269	0.03446085
ASV_89	0.125203	0.1104824	0.1163644	0.1848502
ASV_121	0.117555	0.09888643	0.12018214	0.12574676
ASV_141	0.113883	0.11309895	0.12503008	0.06042426
ASV_95	0.115208	0.09310969	0.13630294	0.03722934
ASV_142	0.149166	0.01621371	0.13610560	0.36241008
ASV_196	0.157245	0.01765400	0.21467809	0.03430135
ASV_272	0.099018	0.01031839	0.05225597	0.42676709
ASV_186	0.101964	0.05637970	0.12484422	0.04170763
ASV_293	0.124266	0.007172467	0.172553459	0.020596966
ASV_184	0.110113	0.08546258	0.12254858	0.07722278
ASV_151	0.108656	0.14318099	0.11194731	0.05377289
ASV_104	0.130933	0.1184268	0.1360443	0.1200865
ASV_222	0.099232	0.009044306	0.088875104	0.251185725
ASV_870	0.09571	0.08591809	0.05978563	0.28185884
ASV_131	0.113072	0.2728844	0.0180776	0.3963775
ASV_148	0.123522	0.177351308	0.136073632	0.001777732
ASV_446	0.095653	0.02893900	0.12548586	0.02527374
ASV_174	0.125474	0.17317083	0.13096594	0.04503928
ASV_177	0.102636	0.04365639	0.07577230	0.29995069
ASV_221	0.10833	0.19731216	0.08348608	0.12934156
ASV_577	0.100405	0.10567523	0.09583766	0.11674218
ASV_163	0.107761	0.1244565	0.1171864	0.0430328
ASV_112	0.117158	0.21806456	0.11059407	0.03563955
ASV_210	0.100866	0.04925874	0.12802577	0.02652173
ASV_214	0.100845	0.04911570	0.12755116	0.02885071
ASV_181	0.092983	0.08804917	0.05906163	0.26389870
ASV_227	0.099329	0.15761835	0.10319591	0.01490225
ASV_108	0.08652	0.08885116	0.05744097	0.22565584
ASV_485	0.095134	0.013337542	0.132145857	0.006719089
ASV_488	0.088608	0.06125990	0.07473952	0.18698564
ASV_218	0.087045	0.17641305	0.07535358	0.04349979
ASV_259	0.080282	0.15125250	0.07109939	0.04520750
ASV_173	0.087739	0.05251537	0.09695585	0.08243635
ASV_153	0.096884	0.09857383	0.11030672	0.02954688
ASV_205	0.0989	0.09637472	0.10083186	0.09232460
ASV_324	0.083549	0.03970467	0.09664725	0.06902059
ASV_653	0.088495	0.01176029	0.12218514	0.01058281
ASV_118	0.08186	0.09449386	0.09260561	0.01526289
ASV_159	0.09549	0.14041990	0.08707276	0.08597452
ASV_92	0.083262	0.04028063	0.10807499	0.01065562
ASV_507	0.092011	0.05135050	0.09072256	0.14403867
ASV_117	0.088242	0.03109973	0.11499819	0.02209295
ASV_99	0.088515	0.04730397	0.10131007	0.07250361
ASV_338	0.119934	0.06425318	0.15327831	0.02002482
ASV_211	0.098064	0.006782868	0.133054678	0.030175809
ASV_122	0.101823	0.04184489	0.12819717	0.04072258
ASV_280	0.077984	0.07013574	0.08586305	0.04840239
ASV_134	0.080555	0.11020329	0.08032503	0.04832183
ASV_150	0.088092	0.33637036	0.04104641	0.03812408
ASV_192	0.077608	0.04373646	0.09075279	0.05163600
ASV_269	0.073574	0.04903745	0.07891784	0.07512356
ASV_209	0.088891	0.05029843	0.10148832	0.07089851
ASV_337	0.068007	0.01820986	0.08935115	0.01997915
ASV_132	0.079572	0.17852830	0.05237631	0.10082678
ASV_187	0.081345	0.05051831	0.09223835	0.06292042
ASV_281	0.094126	0.02242609	0.12761305	0.01153742
ASV_182	0.07507	0.02219027	0.08928082	0.06528077
ASV_175	0.073973	0.15728607	0.05997384	0.04849245
ASV_471	0.07974	0.296866218	0.045080109	0.004439599
ASV_123	0.074799	0.17777316	0.05724424	0.04453522
ASV_71	0.077189	0.04506756	0.06624752	0.16666754
ASV_252	0.067608	0.02268597	0.04390363	0.23370610
ASV_256	0.069313	0.17087009	0.05124773	0.04313200
ASV_277	0.071515	0.06264661	0.08126291	0.03396907
ASV_793	0.069445	0.03581086	0.08276634	0.04233901
ASV_242	0.067369	0.02943935	0.04694340	0.20961622
ASV_270	0.07543	0.39333664	0.01445894	0.01501912
ASV_302	0.06677	0.03201149	0.08541010	0.01500099
ASV_391	0.097711	0.002904264	0.138035015	0.007786227
ASV_436	0.062722	0.04786333	0.07487734	0.02017822
ASV_236	0.062959	0.03803315	0.05004312	0.15396565
ASV_53	0.075403	0.02702066	0.09138478	0.05192241
ASV_207	0.089389	0.02425247	0.10287104	0.09694002
ASV_254	0.07052	0.0013017106	0.1009213630	0.0001856445
ASV_110	0.070904	0.21544422	0.04350037	0.04188845
ASV_550	0.069428	0.0007786070	0.0994743493	0.0001856445
ASV_171	0.06734	0.06237769	0.07833497	0.01932076
ASV_410	0.060446	0.007745615	0.028802322	0.273996908
ASV_894	0.065733	0.0073490016	0.0925311346	0.0007720749
ASV_439	0.066818	0.004459255	0.094179268	0.003586584
ASV_234	0.064728	0.15100746	0.03995029	0.08845738
ASV_299	0.075846	0.03329243	0.09353950	0.03746562
ASV_617	0.078298	0.000000000	0.004174763	0.527733574
ASV_228	0.066387	0.06932295	0.06868867	0.05186497
ASV_556	0.078826	0.03159300	0.09916567	0.03280839
ASV_404	0.067659	0.02938608	0.08713839	0.01575520
ASV_237	0.079218	0.00735994	0.10357362	0.04132573
ASV_98	0.061639	0.05440380	0.06888280	0.03446218
ASV_244	0.058983	0.10149894	0.05039757	0.05300876
ASV_145	0.063407	0.002365873	0.089391691	0.005400074
ASV_168	0.062434	0.07019147	0.05843423	0.07320703
ASV_247	0.073722	0.02358757	0.09634595	0.01983161
ASV_276	0.056883	0.03525099	0.05323217	0.09901342
ASV_257	0.0604	0.08783672	0.04273243	0.11566116
ASV_265	0.05462	0.07122020	0.01825676	0.21321515
ASV_321	0.070173	0.03995803	0.01165170	0.38945891
ASV_198	0.057692	0.05169047	0.06247632	0.04111789
ASV_223	0.056873	0.12901958	0.04304911	0.04309744
ASV_119	0.064056	0.10141315	0.05047990	0.08821539
ASV_179	0.05669	0.04900193	0.04245851	0.13471812
ASV_202	0.065749	0.03540309	0.07285858	0.06523188
ASV_885	0.058913	0.01006841	0.05218959	0.14664218
ASV_231	0.053042	0.16027585	0.03314047	0.02942238
ASV_241	0.053817	0.11899334	0.03889432	0.05324493
ASV_292	0.050737	0.02137432	0.05327815	0.07138428
ASV_448	0.056724	0.0001824814	0.0813699265	0.0001856445
ASV_355	0.052923	0.0454085248	0.0653242483	0.0009220442
ASV_169	0.054398	0.02476248	0.06902771	0.01641848
ASV_136	0.055119	0.030115311	0.071573948	0.003030661
ASV_418	0.064608	0.005330528	0.089413891	0.010368299
ASV_114	0.051581	0.02748059	0.06209284	0.02744903
ASV_267	0.051174	0.02666753	0.05912871	0.03996532
ASV_268	0.047026	0.01874623	0.05727608	0.02886983
ASV_206	0.057334	0.01878475	0.05109679	0.13110892
ASV_285	0.054274	0.04992725	0.06067641	0.02795487
ASV_275	0.056154	0.01902505	0.06914336	0.03460363
ASV_620	0.074056	0.001052090	0.104666441	0.006961097
ASV_1153	0.047387	0.03472712	0.04937771	0.05192599
ASV_786	0.044027	0.06862826	0.02419218	0.11304636
ASV_510	0.054195	0.309954896	0.004901470	0.006768261
ASV_536	0.046124	0.005143844	0.062154806	0.014075733
ASV_390	0.059607	0.001270099	0.071754401	0.066014149
ASV_988	0.046269	0.004720985	0.065050910	0.001447746
ASV_1199	0.059246	0.02705787	0.07353371	0.02580822
ASV_208	0.051392	0.02579003	0.06506040	0.01356311
ASV_326	0.047728	0.01871356	0.05861162	0.02731103
ASV_385	0.045237	0.04451571	0.04368896	0.05359634
ASV_493	0.049105	0.0005917733	0.0696087739	0.0037229973
ASV_243	0.044714	0.09088782	0.03289120	0.05040789
ASV_188	0.048892	0.03658824	0.05458354	0.03498896
ASV_249	0.047911	0.04361670	0.05327347	0.02660074
ASV_737	0.046757	0.21846016	0.01015526	0.03202527
ASV_891	0.039332	0.04046290	0.02995059	0.08379352
ASV_137	0.05899	0.02355351	0.07459468	0.02278424
ASV_282	0.044382	0.03320572	0.04951624	0.03192715
ASV_592	0.03871	0.01038707	0.04440966	0.04278859
ASV_258	0.041145	0.237648024	0.004139357	0.000479322
ASV_316	0.050205	0.14133399	0.03703135	0.01190385
ASV_165	0.046504	0.08349047	0.04545215	0.01002002
ASV_415	0.037728	0.01378089	0.04879286	0.01072879
ASV_162	0.040635	0.01267295	0.05185844	0.01737723
ASV_219	0.047276	0.009364873	0.059833408	0.028706197
ASV_166	0.046596	0.160771922	0.029364423	0.002149323
ASV_290	0.04419	0.09780015	0.03135688	0.04643769
ASV_484	0.041231	0.0003804524	0.0571811937	0.0094327613
ASV_105	0.038741	0.006924649	0.052549480	0.007215404
ASV_563	0.048706	0.004241617	0.010979132	0.282648636
ASV_323	0.040077	0.04657696	0.03581170	0.05355521
ASV_203	0.043111	0.02776679	0.04748313	0.03905678
ASV_262	0.043591	0.01636977	0.04591652	0.06287898
ASV_443	0.043985	0.01307202	0.04781502	0.06008888
ASV_358	0.040949	0.09406410	0.03317236	0.01910277
ASV_491	0.039892	0.02852910	0.02050391	0.14719247
ASV_378	0.03914	0.004824725	0.046124237	0.043695599
ASV_353	0.040018	0.03021749	0.04432352	0.03005443
ASV_341	0.038879	0.0198490	0.0474338	0.0185848
ASV_164	0.03371	0.09916883	0.01805656	0.03637592
ASV_310	0.04231	0.007623789	0.045567737	0.065448303
ASV_529	0.039288	0.114050360	0.028272152	0.008882056
ASV_686	0.037563	0.00831114	0.04978289	0.01089844
ASV_309	0.040369	0.12514672	0.02607701	0.01466667
ASV_109	0.041637	0.01359463	0.05093097	0.02787354
ASV_178	0.033736	0.01017047	0.03560138	0.05115255
ASV_361	0.038861	0.02011102	0.03669484	0.07051388
ASV_305	0.045508	0.02086919	0.05769398	0.01382311
ASV_388	0.036836	0.00934483	0.04867845	0.01003195
ASV_286	0.040515	0.05609607	0.03826850	0.03394008
ASV_430	0.045113	0.004057525	0.062628895	0.005908460
ASV_314	0.032916	0.04385711	0.02822679	0.04346513
ASV_294	0.037754	0.03705228	0.03787335	0.03796032
ASV_408	0.037205	0.030744433	0.044661406	0.008121302
ASV_664	0.040814	0.065322122	0.042160461	0.006679933
ASV_225	0.032485	0.04071264	0.03438922	0.01394278
ASV_457	0.038731	0.002075667	0.052860564	0.011089850
ASV_591	0.034925	0.01573084	0.04433308	0.01065271
ASV_381	0.029622	0.01387704	0.01216544	0.13243295
ASV_524	0.048997	0.01547732	0.05961616	0.03493684
ASV_368	0.033721	0.01325243	0.03865983	0.03267072
ASV_583	0.035493	0.01345951	0.04556458	0.01118312
ASV_297	0.037078	0.02313672	0.04537629	0.01230562
ASV_317	0.03047	0.09536252	0.01762497	0.02008833
ASV_125	0.041598	0.002273554	0.041203015	0.087762099
ASV_399	0.032217	0.04545651	0.03257800	0.01556480
ASV_325	0.029547	0.03824369	0.02944135	0.02027754
ASV_969	0.027097	0.008760258	0.034250408	0.012854920
ASV_921	0.028956	0.003849363	0.040580324	0.000533828
ASV_374	0.029476	0.04392958	0.02253482	0.04705608
ASV_107	0.027146	0.02184833	0.02140932	0.06107080
ASV_1078	0.025002	0.138937330	0.003305329	0.002597375
ASV_250	0.03439	0.01833788	0.03901234	0.02991316
ASV_420	0.030422	0.06104858	0.02314540	0.03144199
ASV_812	0.046127	0.008178835	0.062914966	0.006975067
ASV_387	0.033598	0.012262271	0.044208692	0.005872123
ASV_126	0.032439	0.05525240	0.02892204	0.02392214
ASV_283	0.03121	0.01490771	0.03805452	0.01618504
ASV_1072	0.025017	0.02074284	0.01496214	0.07884346
ASV_742	0.023928	0.002577643	0.033164379	0.002919807
ASV_255	0.02911	0.03076937	0.03186876	0.01379345
ASV_215	0.032809	0.02649843	0.03450388	0.03164267
ASV_398	0.032758	0.001201639	0.042366295	0.021420485
ASV_637	0.023787	0.094889639	0.009075406	0.015516458
ASV_774	0.035571	0.006375003	0.002110921	0.231535178
ASV_642	0.030042	0.00000000	0.04313679	0.00000000
ASV_449	0.031912	0.02151104	0.03412765	0.03281418
ASV_291	0.030133	0.01998655	0.02687921	0.05741252
ASV_229	0.029624	0.03184020	0.02208226	0.06389853
ASV_346	0.030773	0.06431990	0.02680424	0.01237736
ASV_298	0.027507	0.0006094255	0.0380849051	0.0061969203
ASV_232	0.028327	0.015988378	0.035690198	0.006309493
ASV_273	0.027393	0.005572436	0.015579320	0.109534389
ASV_246	0.031911	0.02373132	0.03404320	0.03071641
ASV_1209	0.02347	0.008895883	0.010548176	0.102858608
ASV_473	0.02554	0.06645118	0.01359746	0.03773500
ASV_233	0.025897	0.08988136	0.00728805	0.04463347
ASV_319	0.029484	0.138678267	0.008490078	0.008986443
ASV_833	0.025635	0.105022022	0.011513460	0.005165349
ASV_427	0.027701	0.03391353	0.02325965	0.04236410
ASV_546	0.027249	0.009386059	0.026952767	0.048788948
ASV_989	0.03236	0.02782414	0.03873716	0.00637226
ASV_375	0.02763	0.05945636	0.02375262	0.01072921
ASV_365	0.026674	0.05255692	0.02147111	0.02292269
ASV_438	0.025623	0.06451548	0.01722729	0.02279852
ASV_1080	0.028995	0.000000000	0.040491426	0.005569335
ASV_683	0.025183	0.01691868	0.01949867	0.06219318
ASV_301	0.030373	0.01288329	0.03657528	0.01981134
ASV_356	0.027602	0.01504822	0.03175157	0.02149820
ASV_328	0.031415	0.002433584	0.028382873	0.078797432
ASV_744	0.027331	0.03667183	0.02731378	0.01690774
ASV_498	0.023739	0.03599790	0.01311017	0.06176675
ASV_458	0.024246	0.03357220	0.02025157	0.03322532
ASV_139	0.026073	0.009284403	0.034368967	0.004516636
ASV_183	0.023445	0.040506674	0.023140293	0.005734032
ASV_414	0.029851	0.003443188	0.041337824	0.003564768
ASV_483	0.027665	0.01609719	0.03117725	0.02355906
ASV_598	0.02515	0.032742963	0.027651904	0.004413806
ASV_522	0.024456	0.01769293	0.01948277	0.05631114
ASV_279	0.023826	0.0097090298	0.0318696540	0.0004938317
ASV_727	0.034227	0.00000000	0.04708147	0.01006576
ASV_342	0.025298	0.04947198	0.01770728	0.03510498
ASV_791	0.042106	0.001468173	0.059749908	0.001808146
ASV_333	0.028132	0.01872122	0.02240952	0.06661353
ASV_409	0.026512	0.05682966	0.02225120	0.01317509
ASV_1044	0.026538	0.01682310	0.02953337	0.02286210
ASV_296	0.023226	0.03264035	0.01672408	0.04433446
ASV_421	0.024899	0.004998898	0.029989471	0.022468579
ASV_344	0.021207	0.002421660	0.028399928	0.007272863
ASV_594	0.024462	0.00524591	0.02149535	0.06054408
ASV_347	0.02648	0.01536145	0.03225830	0.01082009
ASV_658	0.02836	0.001411444	0.003301596	0.180836040
ASV_528	0.02252	0.01643449	0.02410319	0.02164611
ASV_899	0.031131	0.0007609047	0.0362479405	0.0403509537
ASV_400	0.028148	0.004012451	0.038622048	0.004237264
ASV_459	0.022155	0.00244528	0.02593417	0.02590235
ASV_452	0.02591	0.03570008	0.02119930	0.03785780
ASV_384	0.031104	0.002250629	0.043294146	0.004140393
ASV_394	0.029385	0.003961589	0.039167929	0.010294879
ASV_226	0.021834	0.02320630	0.02382441	0.01058352
ASV_489	0.025015	0.007875672	0.033894466	0.001011682
ASV_304	0.018192	0.077928519	0.004769338	0.016425160
ASV_313	0.030119	0.009158652	0.037496558	0.017733317
ASV_721	0.023631	0.002645235	0.032779498	0.002640354
ASV_1157	0.019432	0.11353683	0.00170094	0.00000000
ASV_665	0.020402	0.01471927	0.02552958	0.00180114
ASV_251	0.024307	0.01618436	0.02359445	0.03691764
ASV_846	0.039818	0.0003804524	0.0565909668	0.0024146049
ASV_217	0.022111	0.02582711	0.01920519	0.03209688
ASV_1011	0.019456	0.01093913	0.02110637	0.02099374
ASV_482	0.023463	0.01664008	0.02687754	0.01449361
ASV_407	0.018649	0.016468374	0.022548792	0.002088894
ASV_714	0.023014	0.000000000	0.031712904	0.006497557
ASV_772	0.018199	0.009280334	0.021922647	0.010078555
ASV_392	0.020995	0.005801129	0.026891544	0.009340256
ASV_426	0.022731	0.011928731	0.028276465	0.007851432
ASV_369	0.01984	0.004447540	0.027076700	0.001875874
ASV_289	0.020675	0.007549025	0.019522699	0.041056828
ASV_212	0.02273	0.012166750	0.027972947	0.009050991
ASV_477	0.025397	0.014613336	0.031526062	0.007649766
ASV_340	0.019904	0.01863171	0.02143111	0.01389025
ASV_1088	0.026351	0.009138967	0.034583810	0.005578129
ASV_423	0.019734	0.02258080	0.01805388	0.02472486
ASV_288	0.02111	0.01303838	0.01945860	0.03824369
ASV_503	0.021292	0.002489529	0.028704466	0.006308493
ASV_474	0.021249	0.03934554	0.01170356	0.04742697
ASV_575	0.02165	0.01426865	0.02427118	0.01717425
ASV_478	0.023536	0.013851396	0.028824960	0.008649141
ASV_357	0.020772	0.01643956	0.02397909	0.01001361
ASV_362	0.021258	0.001795693	0.029772360	0.001647205
ASV_709	0.020301	0.008599354	0.019593706	0.036914921
ASV_456	0.020421	0.01766525	0.02040204	0.02361327
ASV_564	0.022504	0.023054641	0.025690978	0.006346042
ASV_64	0.020854	0.013136146	0.025539841	0.006689799
ASV_402	0.020489	0.013470604	0.024485774	0.008899436
ASV_383	0.024547	0.002818914	0.014322966	0.098831843
ASV_411	0.018245	0.001767277	0.025101002	0.003356706
ASV_918	0.019954	0.01594778	0.02146856	0.01707763
ASV_804	0.016749	0.002884909	0.008396911	0.073062418
ASV_641	0.017749	0.003414228	0.023713901	0.004798779
ASV_566	0.016904	0.034407216	0.007542625	0.042849467
ASV_703	0.018626	0.010908179	0.022910922	0.006418363
ASV_662	0.02042	0.01552178	0.01956230	0.03011441
ASV_335	0.019702	0.01620964	0.01998384	0.02225522
ASV_542	0.019896	0.01706956	0.02086823	0.01833349
ASV_350	0.020479	0.003991749	0.024380836	0.020003241
ASV_334	0.018064	0.010370149	0.022451335	0.005332293
ASV_719	0.025105	0.006114197	0.033987089	0.003171637
ASV_760	0.015346	0.012713977	0.003257358	0.077237942
ASV_747	0.019857	0.0005504859	0.0281948255	0.0009282224
ASV_823	0.016883	0.01840644	0.01173731	0.04025658
ASV_465	0.018116	0.02219987	0.01898351	0.00929000
ASV_743	0.018751	0.005133302	0.020833546	0.023915567
ASV_352	0.018194	0.028348141	0.019316743	0.001295395
ASV_172	0.019153	0.002733813	0.014436284	0.060616721
ASV_431	0.021184	0.01103192	0.01304722	0.07227123
ASV_466	0.019369	0.016213036	0.022138908	0.009416325
ASV_432	0.022285	0.005840716	0.024895813	0.028059538
ASV_806	0.020427	0.001264614	0.028264362	0.003780254
ASV_359	0.018489	0.01588487	0.01772942	0.02512111
ASV_80	0.01642	0.0009670946	0.0228960325	0.0022304895
ASV_1014	0.018385	0.0001824814	0.0263572354	0.0000000000
ASV_1042	0.016519	0.010212914	0.021017778	0.001681059
ASV_619	0.021974	0.007524213	0.026028581	0.018467343
ASV_803	0.017162	0.00000000	0.01291939	0.05715456
ASV_531	0.019303	0.003305734	0.024084895	0.013984854
ASV_472	0.01683	0.005138087	0.021752868	0.005986689
ASV_345	0.01666	0.0449326332	0.0134756807	0.0003771934
ASV_711	0.01991	0.024171144	0.005078818	0.087418740
ASV_464	0.015215	0.009247265	0.008901189	0.052705877
ASV_1166	0.018912	0.00000000	0.02715619	0.00000000
ASV_501	0.019784	0.001955771	0.027656472	0.001463435
ASV_562	0.019008	0.01847055	0.02052626	0.01221142
ASV_622	0.016624	0.016254470	0.019147239	0.004736475
ASV_306	0.017513	0.01129036	0.01650962	0.02940169
ASV_879	0.016178	0.043894499	0.011337240	0.008598293
ASV_698	0.016066	0.009949415	0.014504995	0.030559634
ASV_584	0.017924	0.01038588	0.01860398	0.02308975
ASV_980	0.021526	0.0003260117	0.0256129437	0.0254541205
ASV_1024	0.015921	0.007638328	0.017167188	0.019166859
ASV_495	0.018333	0.016616431	0.021226693	0.006158032
ASV_201	0.020038	0.02046567	0.01873463	0.02591133
ASV_538	0.0144	0.009655477	0.010902965	0.036783291
ASV_157	0.019613	0.005665523	0.021202003	0.027558218
ASV_769	0.016746	0.008116757	0.014270918	0.038517127
ASV_533	0.016434	0.053631772	0.007489636	0.018193540
ASV_500	0.015158	0.006892704	0.019154603	0.004976357
ASV_264	0.018091	0.003489591	0.022998906	0.010594685
ASV_199	0.014398	0.036892564	0.010482354	0.008182837
ASV_707	0.017904	0.002690535	0.014618363	0.051035983
ASV_576	0.020664	0.0023208339	0.0290344076	0.0004929926
ASV_725	0.019915	0.01248618	0.02308354	0.01282921
ASV_278	0.016432	0.008340407	0.018425040	0.015820726
ASV_377	0.018596	0.01058269	0.02123649	0.01473596
ASV_372	0.020812	0.000000000	0.029358815	0.002560212
ASV_462	0.016273	0.006929085	0.019110742	0.012949143
ASV_366	0.016262	0.002406681	0.022028245	0.003740570
ASV_1017	0.019543	0.004461491	0.025744394	0.006279752
ASV_960	0.016198	0.0000000	0.0232591	0.0000000
ASV_1125	0.016268	0.08835419	0.00262660	0.00167080
ASV_1020	0.022405	0.008998902	0.027963600	0.010385299
ASV_640	0.015728	0.033474078	0.007471296	0.036015030
ASV_479	0.014761	0.006285715	0.007030466	0.061985197
ASV_455	0.01547	0.00152563	0.01268251	0.04474834
ASV_1090	0.014715	0.004853311	0.017335593	0.013031415
ASV_829	0.014202	0.01166323	0.01466162	0.01481796
ASV_738	0.017495	0.016956500	0.020419737	0.003840137
ASV_580	0.018657	0.004728321	0.024978484	0.003510604
ASV_481	0.019034	0.03710869	0.01491561	0.01877475
ASV_1066	0.015151	0.050372781	0.005202554	0.024024854
ASV_185	0.016089	0.01133473	0.01826081	0.01085123
ASV_1093	0.014593	0.0001902262	0.0111249334	0.0477005334
ASV_1131	0.01553	0.087423610	0.001741893	0.001868658
ASV_1144	0.014706	0.007201305	0.018100620	0.006601112
ASV_238	0.014975	0.015096169	0.016855421	0.005668835
ASV_900	0.015664	0.006698054	0.020018035	0.004527252
ASV_1195	0.013253	0.004201072	0.017342044	0.003503543
ASV_582	0.018715	0.001287752	0.021914404	0.022720815
ASV_1000	0.01536	0.009175088	0.017700315	0.010906424
ASV_530	0.013027	0.01098336	0.01249334	0.01792839
ASV_636	0.015739	0.005571987	0.021036898	0.001351979
ASV_924	0.01454	0.0003771332	0.0207915451	0.0000000000
ASV_601	0.015832	0.006239523	0.020055288	0.006037526
ASV_389	0.013877	0.010356239	0.009749391	0.037958793
ASV_1097	0.020232	0.0004898463	0.0286879383	0.0012162998
ASV_329	0.016219	0.005970705	0.020850480	0.005169184
ASV_763	0.01263	0.018907703	0.007179073	0.032138097
ASV_639	0.01353	0.004646270	0.016315493	0.009948222
ASV_468	0.012969	0.0092276873	0.0163280054	0.0008024989
ASV_705	0.013363	0.00014981	0.01217364	0.03402603
ASV_518	0.018798	0.001353394	0.020293604	0.031134368
ASV_339	0.015823	0.01427030	0.01720479	0.01083705
ASV_450	0.012969	0.0009670946	0.0182839128	0.0005594510
ASV_871	0.01407	0.012135530	0.015658646	0.008500754
ASV_631	0.014056	0.005006521	0.017757634	0.006187918
ASV_981	0.013058	0.01559808	0.01404169	0.00540660
ASV_663	0.016296	0.011621720	0.020261062	0.002221909
ASV_876	0.01354	0.009004922	0.014501260	0.013958563
ASV_757	0.014277	0.034324464	0.009620972	0.014421986
ASV_628	0.01449	0.004729328	0.018533534	0.005761409
ASV_1181	0.013341	0.006479444	0.013777852	0.018927610
ASV_574	0.013993	0.008053823	0.015685520	0.012423655
ASV_535	0.012045	0.026848810	0.009817686	0.006251412
ASV_28	0.012423	0.047359803	0.006908677	0.000000000
ASV_549	0.013122	0.019410012	0.013454367	0.004429132
ASV_537	0.014483	0.007000883	0.015945769	0.015768771
ASV_795	0.01529	0.004665084	0.019817525	0.005169125
ASV_570	0.015595	0.007131693	0.015198118	0.027047616
ASV_974	0.013259	0.02323323	0.01156289	0.01030912
ASV_330	0.016192	0.0001946517	0.0232046762	0.0000000000
ASV_627	0.012208	0.00845061	0.01268077	0.01412794
ASV_623	0.014237	0.003153980	0.019034449	0.003315373
ASV_970	0.01823	0.006917907	0.024276773	0.001479730
ASV_704	0.01449	0.02753487	0.01248157	0.00960606
ASV_954	0.013876	0.01295127	0.01200450	0.02403801
ASV_1187	0.011625	0.021942440	0.008222899	0.016603671
ASV_453	0.012832	0.002807677	0.016452260	0.006461283
ASV_557	0.011834	0.01707049	0.01062790	0.01182494
ASV_506	0.012641	0.002670360	0.016167274	0.006668843
ASV_635	0.014449	0.009976355	0.012405142	0.029447334
ASV_1226	0.01242	0.000000000	0.009494107	0.040656142
ASV_682	0.016397	0.003130203	0.009637300	0.064274611
ASV_764	0.013252	0.004578255	0.014245043	0.018169325
ASV_1182	0.01405	0.001859941	0.018201539	0.007521771
ASV_1118	0.013704	0.01010092	0.01507741	0.01106265
ASV_497	0.012665	0.001996581	0.011012505	0.032721845
ASV_523	0.012152	0.017120379	0.012638651	0.004188927
ASV_935	0.014857	0.004599722	0.005612626	0.071460784
ASV_303	0.014598	0.003576788	0.018178654	0.009538483
ASV_751	0.013649	0.005850788	0.015366056	0.014050965
ASV_447	0.012443	0.002365925	0.012402185	0.023975263
ASV_816	0.011874	0.021797024	0.011407122	0.002985073
ASV_659	0.011001	0.001762124	0.013670158	0.008384851
ASV_607	0.012781	0.01006766	0.01186839	0.02028565
ASV_700	0.016064	0.0004298441	0.0091896792	0.0671632158
ASV_718	0.010785	0.0008652108	0.0078743066	0.0361321026
ASV_706	0.012748	0.005696033	0.014200055	0.013605140
ASV_343	0.012135	0.005412114	0.015511161	0.003241323
ASV_579	0.011897	0.011176938	0.009511087	0.024340136
ASV_808	0.012259	0.002001313	0.014248937	0.014100177
ASV_647	0.012406	0.007787222	0.014141393	0.009143105
ASV_843	0.012638	0.0003649628	0.0180624206	0.0000000000
ASV_715	0.012233	0.01208504	0.01267329	0.01025139
ASV_360	0.011607	0.009294614	0.013226151	0.006311912
ASV_713	0.014394	0.002303358	0.019237298	0.004387283
ASV_614	0.013807	0.005951661	0.016802572	0.008042698
ASV_878	0.01182	0.005146192	0.015119575	0.003240104
ASV_527	0.012648	0.002384468	0.014864757	0.013390370
ASV_618	0.011218	0.007824069	0.013486818	0.003974017
ASV_1005	0.017131	0.00000000	0.02459798	0.00000000
ASV_348	0.012958	0.007118255	0.015290736	0.008158101
ASV_451	0.012045	0.024312219	0.009630686	0.010016622
ASV_692	0.014639	0.011099845	0.017512987	0.004608755
ASV_1098	0.011123	0.0007643474	0.0143144344	0.0072164060
ASV_492	0.010367	0.020827433	0.006336447	0.018248441
ASV_504	0.012264	0.008135129	0.013287678	0.011921297
ASV_781	0.010931	0.0008000992	0.0155113548	0.0000000000
ASV_654	0.012097	0.04177696	0.00513855	0.01262973
ASV_480	0.012641	0.013836741	0.008939005	0.029340685
ASV_995	0.011779	0.002466996	0.010340270	0.029265976
ASV_544	0.01368	0.01250481	0.01417381	0.01259786
ASV_260	0.010942	0.01212458	0.01079666	0.01032205
ASV_454	0.011856	0.008871958	0.012951454	0.009870033
ASV_940	0.012067	0.0003804524	0.0171760348	0.0003073481
ASV_494	0.011854	0.004233996	0.014771208	0.006202522
ASV_934	0.012984	0.010066123	0.015532587	0.003843229
ASV_746	0.010405	0.007947330	0.007847187	0.025642105
ASV_197	0.011629	0.003072254	0.013877248	0.010297516
ASV_327	0.012118	0.005179451	0.012678145	0.017192287
ASV_1114	0.014505	0.004710272	0.012088388	0.037305057
ASV_675	0.009807	0.016402034	0.008155237	0.010443085
ASV_761	0.012063	0.003842087	0.014455216	0.009648460
ASV_796	0.010436	0.003607626	0.007178843	0.033998548
ASV_604	0.011951	0.003813503	0.014823306	0.007102396
ASV_1034	0.015773	0.0000000000	0.0225349491	0.0005515078
ASV_331	0.011697	0.003534255	0.013494565	0.012114669
ASV_1059	0.010849	0.017716395	0.009839642	0.008040582
ASV_1016	0.010925	0.0001824814	0.0088280850	0.0332315252
ASV_525	0.011619	0.013293877	0.008642202	0.024243221
ASV_616	0.011616	0.004326133	0.011718419	0.019315248
ASV_597	0.013517	0.0005706785	0.0153765693	0.0190193416
ASV_749	0.011123	0.005594732	0.013105804	0.007673756
ASV_759	0.011302	0.005085489	0.014709075	0.001689353
ASV_519	0.012422	0.002134022	0.016521175	0.004013212
ASV_710	0.011263	0.026409617	0.008873583	0.005870302
ASV_783	0.012699	0.006405792	0.009373902	0.035985871
ASV_771	0.01192	0.008926558	0.011035723	0.019595704
ASV_869	0.011691	0.0016053715	0.0163014672	0.0005607248
ASV_840	0.009668	0.014714752	0.006593877	0.018974774
ASV_965	0.011198	0.002350927	0.013743080	0.008745362
ASV_671	0.010193	0.0057947548	0.0131972606	0.0004959448
ASV_1031	0.011356	0.016055662	0.011744829	0.004171108
ASV_1074	0.014229	0.002625402	0.017893258	0.009416611
ASV_724	0.010654	0.004420919	0.011921274	0.011485313
ASV_728	0.0101	0.009070999	0.011406434	0.004886956
ASV_463	0.012955	0.007801431	0.015906665	0.004364762
ASV_765	0.011252	0.009144221	0.012180825	0.009092167
ASV_437	0.010471	0.005952191	0.010011254	0.017795509
ASV_834	0.011226	0.00000000	0.01612005	0.00000000
ASV_405	0.012505	0.01559548	0.01165068	0.01318975
ASV_1165	0.011718	0.009076147	0.010038417	0.022877742
ASV_937	0.011851	0.013719312	0.012864822	0.004804242
ASV_1192	0.014688	0.00000000	0.01853408	0.01246237
ASV_681	0.010665	0.007740606	0.012330871	0.005834244
ASV_621	0.011498	0.0003223649	0.0159682120	0.0022788231
ASV_440	0.010765	0.01750683	0.01141778	0.00000000
ASV_723	0.010122	0.008693226	0.009671368	0.013928837
ASV_944	0.010683	0.003385631	0.008374479	0.030149511
ASV_363	0.011759	0.01414278	0.01153768	0.01015745
ASV_545	0.010513	0.020261284	0.009410189	0.004920065
ASV_1104	0.009502	0.031713311	0.003167409	0.015391908
ASV_603	0.010735	0.025833790	0.008424460	0.005012401
ASV_425	0.009399	0.017254789	0.009053526	0.002242370
ASV_625	0.012415	0.004962789	0.015494241	0.005788621
ASV_910	0.009762	0.0004760988	0.0115472348	0.0115043981
ASV_572	0.009576	0.001816818	0.012145882	0.005777069
ASV_717	0.011985	0.007049806	0.012967598	0.012744416
ASV_847	0.011976	0.002670801	0.013818275	0.013461403
ASV_1229	0.011708	0.004251505	0.007669360	0.039782903
ASV_433	0.011244	0.007723131	0.013302561	0.005169123
ASV_678	0.008379	0.0381333161	0.0030305925	0.0009793418
ASV_716	0.01088	0.006703047	0.012632968	0.007033189
ASV_1207	0.008235	0.0003047127	0.0115763606	0.0008642815
ASV_652	0.010375	0.0017347424	0.0143428047	0.0007514346
ASV_1079	0.010006	0.002719406	0.011201340	0.012379040
ASV_844	0.010734	0.019562891	0.009626714	0.006200491
ASV_300	0.010589	0.003310098	0.008631232	0.028323413
ASV_837	0.009895	0.004220114	0.011071505	0.010543985
ASV_739	0.009538	0.005184883	0.010703842	0.008751521
ASV_543	0.00964	0.007329415	0.010692050	0.007107436
ASV_422	0.009265	0.01239501	0.00614086	0.02097250
ASV_1208	0.009771	0.003873992	0.011993647	0.005570823
ASV_670	0.009483	0.0024800011	0.0128667485	0.0008651207
ASV_1218	0.013025	0.001287848	0.011204117	0.035106898
ASV_1190	0.01167	0.0013315833	0.0009414888	0.0755990213
ASV_1008	0.01001	0.018548586	0.008082884	0.009797911
ASV_651	0.009563	0.015422632	0.008905928	0.006171046
ASV_508	0.008585	0.01592259	0.00657701	0.01011811
ASV_699	0.009442	0.014605016	0.009174855	0.004934790
ASV_349	0.009106	0.004110473	0.006562858	0.027126210
ASV_684	0.009314	0.004160182	0.010232826	0.010629875
ASV_585	0.010466	0.0001435303	0.0122940560	0.0131683027
ASV_1158	0.008445	0.009543339	0.008904998	0.004966932
ASV_320	0.009349	0.005539027	0.010084349	0.010052449
ASV_419	0.010688	0.002301793	0.012753820	0.010049293
ASV_888	0.00893	0.004881325	0.006765928	0.024035437
ASV_912	0.00926	0.005194369	0.011475932	0.003031779
ASV_930	0.009489	0.009642905	0.009354892	0.009966241
ASV_558	0.01005	0.002042621	0.011368559	0.012632652
ASV_555	0.009644	0.012009447	0.009548825	0.007446445
ASV_807	0.010189	0.005495532	0.012133709	0.005990135
ASV_593	0.008107	0.00312474	0.00858195	0.01139348
ASV_1082	0.008832	0.009996639	0.006980052	0.016546656
ASV_798	0.009113	0.007631086	0.006438264	0.023816820
ASV_857	0.01082	0.0029928172	0.0148068982	0.0001864837
ASV_1133	0.009314	0.026455708	0.006711880	0.002714541
ASV_505	0.008541	0.012338026	0.007961970	0.007094675
ASV_945	0.01009	0.005399396	0.011405572	0.008951519
ASV_1101	0.008231	0.007506855	0.005267408	0.023496517
ASV_1135	0.009275	0.0017478792	0.0127906514	0.0006052854
ASV_896	0.008002	0.011457892	0.005557852	0.016029966
ASV_928	0.008113	0.013192428	0.006599284	0.009774833
ASV_626	0.009758	0.0003771332	0.0130235097	0.0043888601
ASV_754	0.009329	0.014229883	0.007040804	0.014973293
ASV_412	0.01077	0.00203244	0.01122249	0.01839356
ASV_814	0.008935	0.0001946517	0.0126844668	0.0004883194
ASV_788	0.009343	0.033415958	0.005088053	0.003002322
ASV_848	0.008836	0.008376073	0.009685261	0.005212807
ASV_469	0.008031	0.017197231	0.006357499	0.005875732
ASV_609	0.010751	0.006642353	0.013446001	0.002232962
ASV_1219	0.008859	0.005966879	0.010339911	0.004891095
ASV_987	0.010135	0.019452563	0.009806696	0.001249944
ASV_1039	0.008088	0.005496248	0.007420603	0.014257871
ASV_909	0.008016	0.010640960	0.008194549	0.004191435
ASV_470	0.00862	0.001713175	0.011067605	0.004459967
ASV_691	0.008444	0.003225192	0.007473010	0.019049659
ASV_851	0.008116	0.0001902262	0.0066204999	0.0243227840
ASV_655	0.00787	0.011683465	0.007996636	0.002959385
ASV_787	0.009822	0.004097571	0.012028721	0.005505012
ASV_632	0.00751	0.004926258	0.008207148	0.007019020
ASV_1064	0.007958	0.000000000	0.005601166	0.028403606
ASV_615	0.008872	0.005304811	0.011242179	0.001333639
ASV_801	0.009441	0.006081066	0.010181215	0.009610841
ASV_802	0.007921	0.01926603	0.00465778	0.01106824
ASV_1026	0.007714	0.013120530	0.006737645	0.006388610
ASV_1167	0.008552	0.00000000	0.01227926	0.00000000
ASV_589	0.008371	0.0005101006	0.0119022776	0.0000000000
ASV_866	0.009333	0.022425139	0.007221623	0.004894473
ASV_836	0.009594	0.001748651	0.012803952	0.002771821
ASV_777	0.009513	0.002276594	0.011647342	0.007252350
ASV_540	0.007575	0.008074963	0.007878651	0.005535705
ASV_554	0.007932	0.017348493	0.005500004	0.009197496
ASV_797	0.008703	0.0060340572	0.0109893696	0.0005569335
ASV_1095	0.008465	0.006315475	0.009302500	0.006801969
ASV_949	0.008357	0.040013452	0.002025973	0.003604526
ASV_696	0.009704	0.001056130	0.012140128	0.007557337
ASV_1178	0.007681	0.001034083	0.010300779	0.002387002
ASV_656	0.00678	0.002044196	0.009049058	0.001047009
ASV_1217	0.007748	0.001773485	0.010422600	0.001431138
ASV_312	0.008921	0.001222424	0.007119702	0.026362713
ASV_952	0.00715	0.0006447297	0.0096781646	0.0021434662
ASV_509	0.007139	0.002344965	0.009051777	0.003206144
ASV_962	0.008022	0.0005706785	0.0080666634	0.0161856759
ASV_1213	0.007556	0.002475367	0.008378609	0.009263688
ASV_1238	0.008234	0.006022225	0.007410226	0.014741149
ASV_874	0.007992	0.001848735	0.009712175	0.006514579
ASV_395	0.008499	0.004805429	0.008378371	0.013239479
ASV_927	0.007974	0.0007609047	0.0071530806	0.0200894580
ASV_1129	0.006518	0.0000000000	0.0092648809	0.0004610221
ASV_730	0.008441	0.010441577	0.008506968	0.005869324
ASV_977	0.007918	0.006443747	0.008082204	0.008776695
ASV_573	0.008425	0.032907507	0.003919920	0.002843133
ASV_936	0.00609	0.023879807	0.003011161	0.001085068
ASV_511	0.010911	0.0001333499	0.0155976895	0.0001864837
ASV_1138	0.008793	0.010116637	0.008951560	0.006533344
ASV_578	0.008038	0.009479971	0.007431231	0.009376658
ASV_722	0.009016	0.005482823	0.010138542	0.007515991
ASV_672	0.007057	0.009713332	0.005745143	0.010467169
ASV_904	0.008179	0.01365630	0.00571900	0.01401054
ASV_532	0.007084	0.003531223	0.008870153	0.002374414
ASV_677	0.007653	0.008564406	0.006460146	0.012440549
ASV_1023	0.00863	0.005440135	0.008672145	0.012012858
ASV_1012	0.00852	0.008288303	0.007415854	0.014163839
ASV_1175	0.007382	0.000000000	0.007184951	0.016644063
ASV_403	0.006811	0.014211800	0.006026686	0.002310044
ASV_1233	0.006541	0.0001611824	0.0092407208	0.0005594510
ASV_467	0.007524	0.004436128	0.009401453	0.001842021
ASV_396	0.009452	0.009265071	0.011181567	0.001227804
ASV_657	0.009156	0.002043050	0.009016796	0.017833814
ASV_762	0.006781	0.0000000000	0.0095470871	0.0009282224
ASV_1069	0.009347	0.0001435303	0.0119803245	0.0068610458
ASV_587	0.007166	0.018222921	0.005395290	0.003358821
ASV_596	0.006884	0.003923674	0.007971512	0.004914545
ASV_1189	0.007763	0.0025606029	0.0103693678	0.0009075798
ASV_799	0.007222	0.016710990	0.005778844	0.003585760
ASV_590	0.007921	0.002714367	0.009720142	0.005008982
ASV_638	0.006925	0.0077327029	0.0081277378	0.0001505371
ASV_860	0.007455	0.005587855	0.006997311	0.011785128
ASV_740	0.006477	0.018347907	0.003494377	0.007662974
ASV_487	0.00685	0.000000000	0.009835248	0.000000000
ASV_1227	0.007128	0.001626745	0.008638225	0.005953003
ASV_490	0.006694	0.005910261	0.006187305	0.010047985
ASV_789	0.009503	0.00000000	0.01364495	0.00000000
ASV_1113	0.008214	0.0005629338	0.0105772382	0.0053040329
ASV_548	0.006286	0.010282306	0.004268685	0.011628040
ASV_633	0.006613	0.007026645	0.007455116	0.002042089
ASV_371	0.006393	0.0028708638	0.0083858578	0.0006403928
ASV_729	0.008117	0.001834445	0.008853430	0.011592227
ASV_956	0.007557	0.003066082	0.007840731	0.011225524
ASV_712	0.006952	0.008157151	0.007816204	0.001383950
ASV_950	0.007358	0.002670905	0.008601599	0.006570460
ASV_666	0.007043	0.007438495	0.007791851	0.002945212
ASV_1148	0.006981	0.0002870606	0.0096568201	0.0014649582
ASV_688	0.006726	0.003177745	0.008605538	0.001557022
ASV_1139	0.00582	0.0003444676	0.0080483169	0.0011189020
ASV_1203	0.00677	0.0001946517	0.0096757974	0.0000000000
ASV_868	0.006723	0.003141317	0.008147939	0.003804790
ASV_946	0.009117	0.00000000	0.01309065	0.00000000
ASV_1046	0.007084	0.016498320	0.004694176	0.008142291
ASV_818	0.006206	0.004853199	0.007098122	0.003382030
ASV_768	0.008983	0.00000000	0.01289832	0.00000000
ASV_967	0.00613	0.0001902262	0.0047597417	0.0194926708
ASV_996	0.00643	0.001749135	0.006777118	0.010005832
ASV_734	0.006241	0.0061702660	0.0073679997	0.0008229545
ASV_513	0.006151	0.009120267	0.004747501	0.009653513
ASV_726	0.005985	0.005597290	0.006647200	0.003194732
ASV_1117	0.008066	0.001907417	0.010540791	0.002929916
ASV_976	0.006222	0.002532566	0.006527564	0.008880513
ASV_1147	0.005983	0.0001902262	0.0055389444	0.0146659142
ASV_824	0.007214	0.001291773	0.008340448	0.008388136
ASV_1073	0.005299	0.002277205	0.001699990	0.026242506
ASV_612	0.005553	0.013842181	0.003919651	0.004189466
ASV_986	0.006822	0.006552835	0.006930567	0.006595649
ASV_512	0.00684	0.0003337565	0.0095100170	0.0011430118
ASV_588	0.005916	0.0003848779	0.0046627083	0.0182516746
ASV_676	0.006285	0.0007561329	0.0079262700	0.0045011079
ASV_382	0.006357	0.001831923	0.007401873	0.006352880
ASV_775	0.01037	0.000000000	0.014688845	0.000982239
ASV_629	0.006431	0.008129335	0.007112075	0.001198305
ASV_613	0.007889	0.000000000	0.010699833	0.003064529
ASV_486	0.006788	0.002392828	0.008752172	0.002155753
ASV_673	0.006645	0.003524023	0.002567519	0.030031036
ASV_964	0.006727	0.005887591	0.007885410	0.002025945
ASV_351	0.005498	0.003206452	0.006792868	0.001762635
ASV_336	0.005485	0.002154862	0.007117965	0.001267541
ASV_645	0.007203	0.002737077	0.007995578	0.008360188
ASV_826	0.005933	0.006493564	0.005861319	0.005650194
ASV_982	0.00672	0.0008696364	0.0088258150	0.0030372565
ASV_1202	0.005923	0.0003665703	0.0041950072	0.0205964388
ASV_1150	0.006146	0.001071897	0.008031107	0.002663885
ASV_1001	0.006092	0.006267956	0.005554594	0.008511250
ASV_1186	0.005673	0.0006094255	0.0067474098	0.0061293243
ASV_701	0.005233	0.001004712	0.007045428	0.001153364
ASV_1004	0.005401	0.011949985	0.004722051	0.001340244
ASV_835	0.00562	0.005054131	0.005405932	0.007297099
ASV_526	0.005765	0.001267025	0.006731262	0.006115914
ASV_1159	0.005264	0.005089727	0.005087380	0.006318626
ASV_776	0.005224	0.014746264	0.002547251	0.007561371
ASV_887	0.005276	0.001727525	0.004810102	0.011539609
ASV_610	0.005608	0.010720853	0.004458213	0.005459248
ASV_1169	0.005562	0.005672136	0.004878737	0.008771044
ASV_867	0.004891	0.002069884	0.006314017	0.001126025
ASV_266	0.00519	0.0004835473	0.0068508205	0.0023852402
ASV_1174	0.004726	0.004894196	0.001883983	0.018392756
ASV_1234	0.00503	0.0010726119	0.0068982987	0.0003729673
ASV_886	0.005604	0.003735627	0.005477857	0.008323523
ASV_872	0.005331	0.010452272	0.003706513	0.007491605
ASV_660	0.005504	0.0100542233	0.0054511184	0.0006419934
ASV_1068	0.005657	0.0003804524	0.0060302605	0.0097705436
ASV_1136	0.004997	0.003804546	0.005351787	0.004608145
ASV_1151	0.005625	0.0009029700	0.0077794246	0.0004327564
ASV_779	0.00533	0.003387370	0.006332948	0.002629076
ASV_854	0.005707	0.001658578	0.004743432	0.014958456
ASV_991	0.004775	0.0023170907	0.0062521261	0.0003361816
ASV_997	0.005382	0.001487104	0.007182129	0.000990787
ASV_1057	0.005232	0.004659398	0.005168372	0.006187111
ASV_520	0.005186	0.006312140	0.005647634	0.001670800
ASV_1237	0.005927	0.002276067	0.006241441	0.008500307
ASV_850	0.00502	0.0057281369	0.0057325971	0.0007526856
ASV_644	0.004859	0.004463390	0.005535761	0.002007408
ASV_559	0.004667	0.007050856	0.003565218	0.007359346
ASV_733	0.007214	0.0003047127	0.0101375145	0.0007324791
ASV_863	0.006932	0.0007542663	0.0092443520	0.0026058496
ASV_1230	0.005629	0.010009392	0.003150045	0.012788721
ASV_693	0.006078	0.0009396381	0.0075259348	0.0048009926
ASV_735	0.004992	0.007664220	0.004936512	0.002258057
ASV_1145	0.006037	0.001821430	0.001140777	0.034648837
ASV_1224	0.006416	0.008418486	0.004900457	0.011550919
ASV_755	0.004843	0.007110435	0.003854061	0.007113377
ASV_911	0.00514	0.003620097	0.003607973	0.014321328
ASV_1067	0.004984	0.001538112	0.006401978	0.001950189
ASV_608	0.004846	0.005963520	0.003189598	0.011662944
ASV_514	0.005351	0.0001631444	0.0063975493	0.0060858726
ASV_370	0.005304	0.017716187	0.003000159	0.002568726
ASV_732	0.004998	0.011055948	0.003839518	0.003831456
ASV_376	0.005102	0.005508558	0.005415220	0.003120849
ASV_1126	0.004746	0.002934502	0.005293462	0.004116041
ASV_581	0.004349	0.0013793058	0.0058496114	0.0003771934
ASV_1164	0.004667	0.004294435	0.004148398	0.007611424
ASV_668	0.005337	0.008892585	0.004317535	0.006308776
ASV_624	0.004967	0.003757709	0.005574280	0.003365823
ASV_741	0.005034	0.0006506156	0.0065040276	0.0027969638
ASV_752	0.004394	0.008852566	0.003625371	0.003121737
ASV_521	0.004384	0.003109266	0.005330239	0.001205998
ASV_702	0.005009	0.005617125	0.004567019	0.006477753
ASV_630	0.004719	0.001150208	0.004804738	0.008319076
ASV_401	0.005531	0.0030824221	0.0071433463	0.0004282577
ASV_1124	0.005621	0.0005189786	0.0055422705	0.0117460680
ASV_561	0.004613	0.002532206	0.004646211	0.006790604
ASV_766	0.004377	0.0007514482	0.0060167918	0.0004610221
ASV_1235	0.004329	0.001716677	0.005422367	0.001939010
ASV_685	0.005088	0.003945841	0.005083176	0.006396351
ASV_1084	0.004717	0.001473255	0.005770726	0.003226926
ASV_820	0.004235	0.012934937	0.002685290	0.002003976
ASV_1054	0.006071	0.0003066747	0.0080221467	0.0030423936
ASV_830	0.004457	0.006822294	0.004046275	0.003796814
ASV_1160	0.004908	0.006203480	0.003707662	0.009301421
ASV_957	0.004617	0.005895486	0.004009145	0.006140111
ASV_1019	0.005033	0.003727989	0.004335001	0.009900953
ASV_1177	0.004138	0.0118992442	0.0031332976	0.0003042112
ASV_204	0.004104	0.004307963	0.003759014	0.005556766
ASV_778	0.004754	0.0008308580	0.0065661591	0.0003361816
ASV_815	0.004542	0.009087781	0.002406574	0.009839158
ASV_953	0.006363	0.0000000000	0.0090738592	0.0003073481
ASV_794	0.005048	0.001719478	0.004520108	0.011363640
ASV_1146	0.004095	0.0001333499	0.0024332740	0.0166509655
ASV_1173	0.00365	0.0000000000	0.0006777551	0.0222468445
ASV_534	0.004778	0.0004993645	0.0063710948	0.0018281643
ASV_893	0.004979	0.003582790	0.001412143	0.023936075
ASV_1184	0.004572	0.003480274	0.005483662	0.001353528
ASV_1183	0.004233	0.011047245	0.002500872	0.005013240
ASV_1179	0.004116	0.003746070	0.003865726	0.005749528
ASV_1155	0.00447	0.000000000	0.005042288	0.006709746
ASV_853	0.003824	0.002183609	0.004683996	0.001477519
ASV_460	0.004681	0.0007066065	0.0063776714	0.0008785175
ASV_993	0.00363	0.002588930	0.004130965	0.002355515
ASV_287	0.003883	0.000750247	0.004789814	0.002983739
ASV_1110	0.00387	0.007997050	0.002311982	0.006823655
ASV_832	0.00449	0.007260306	0.003305954	0.007142537
ASV_905	0.004375	0.005093170	0.004470118	0.003102441
ASV_720	0.003804	0.0008646044	0.0031309302	0.0103893748
ASV_1010	0.003972	0.0001902262	0.0039556196	0.0083065068
ASV_1105	0.003444	0.0004000496	0.0046928317	0.0007827435
ASV_855	0.004037	0.0003727076	0.0044001713	0.0063890693
ASV_790	0.004873	0.001625955	0.004776807	0.008992259
ASV_938	0.003688	0.003603677	0.003225838	0.006033782
ASV_736	0.00395	0.002389904	0.004568712	0.002686353
ASV_567	0.00424	0.003184922	0.003632472	0.008388157
ASV_852	0.003794	0.001331106	0.004377215	0.003724012
ASV_947	0.003884	0.001824814	0.004683491	0.002301617
ASV_875	0.003754	0.001557214	0.003062254	0.009596157
ASV_1106	0.005013	0.0004894331	0.0069584321	0.0006146962
ASV_416	0.00368	0.0009990070	0.0049764823	0.0003729673
ASV_958	0.0039	0.001381517	0.003575324	0.008315693
ASV_295	0.004378	0.000000000	0.001184401	0.024871569
ASV_552	0.003312	0.003447582	0.002660973	0.006335858
ASV_156	0.00355	0.001345056	0.003288021	0.007308094
ASV_897	0.003863	0.000338182	0.004842648	0.003055890
ASV_708	0.003821	0.005378754	0.003331066	0.004459299
ASV_1115	0.003616	0.004155158	0.003393049	0.004097976
ASV_1107	0.00501	0.000000000	0.004954675	0.010916374
ASV_502	0.003948	0.001253884	0.003971502	0.006863420
ASV_822	0.003644	0.0005048463	0.0050140807	0.0004938317
ASV_990	0.003149	0.0013800334	0.0041645409	0.0001885967
ASV_1216	0.003761	0.0009959923	0.0044093136	0.0037086412
ASV_475	0.003954	0.001503221	0.002355221	0.014504035
ASV_979	0.004083	0.001377462	0.003954338	0.007755871
ASV_689	0.003476	0.002076844	0.003578337	0.004551418
ASV_1123	0.003291	0.0032508825	0.0038485488	0.0006154487
ASV_1071	0.003605	0.009784013	0.002538121	0.001856445
ASV_948	0.003551	0.005493572	0.002437444	0.006792148
ASV_1006	0.00388	0.0036786071	0.0046839161	0.0001856445
ASV_1041	0.004198	0.001330377	0.004716790	0.004891705
ASV_10	0.003504	0.0001631444	0.0042871591	0.0034458211
ASV_1140	0.002964	0.001082614	0.002494272	0.007373217
ASV_1193	0.003451	0.0144410472	0.0004275463	0.0058245897
ASV_922	0.003506	0.003125640	0.001874825	0.011883156
ASV_856	0.003935	0.005425908	0.003579410	0.003994154
ASV_809	0.003714	0.0004494301	0.0046646280	0.0027522157
ASV_998	0.003698	0.007493982	0.001462096	0.010324363
ASV_690	0.003845	0.0085135527	0.0034867982	0.0003393185
ASV_862	0.004496	0.0007652614	0.0062410533	0.0001856445
ASV_551	0.003399	0.001992079	0.003877349	0.002650391
ASV_906	0.003037	0.0008276152	0.0017181208	0.0119544726
ASV_1052	0.003175	0.0006679907	0.0039022251	0.0024487880
ASV_496	0.003785	0.001737307	0.004471522	0.002740834
ASV_984	0.003205	0.004568439	0.002632654	0.004458420
ASV_933	0.003627	0.003453559	0.002568361	0.008981634
ASV_767	0.004049	0.0009032784	0.0050733646	0.0025928875
ASV_1121	0.003347	0.0012616269	0.0044449137	0.0003401577
ASV_1027	0.003685	0.000000000	0.005291078	0.000000000
ASV_1228	0.00313	0.002583545	0.003308636	0.002876798
ASV_1021	0.0035	0.002911210	0.003703715	0.003172357
ASV_731	0.002985	0.001898236	0.003347577	0.002443305
ASV_758	0.003245	0.0001824814	0.0044144842	0.0009867376
ASV_890	0.003142	0.002706536	0.003070974	0.003977204
ASV_903	0.003091	0.005845176	0.002398872	0.003369034
ASV_931	0.004335	0.000000000	0.005388273	0.004074237
ASV_898	0.002791	0.004522185	0.002528533	0.002122421
ASV_908	0.003045	0.001739695	0.002420045	0.007559505
ASV_516	0.003244	0.004285765	0.002834758	0.004066241
ASV_785	0.002947	0.002591017	0.003403985	0.001122852
ASV_1100	0.003006	0.0107455565	0.0009660302	0.0042419735
ASV_586	0.002913	0.0001435303	0.0037105933	0.0021421367
ASV_649	0.003029	0.002079989	0.003192972	0.003299769
ASV_1037	0.003264	0.003468651	0.003404913	0.002348461
ASV_923	0.003487	0.0025303040	0.0042649096	0.0007691227
ASV_961	0.003004	0.0017223636	0.0038770153	0.0001885967
ASV_1154	0.002778	0.007185408	0.002090831	0.001166204
ASV_1029	0.003696	0.0006542904	0.0033404159	0.0088529274
ASV_571	0.002711	0.006705373	0.001452508	0.004351643
ASV_914	0.003268	0.004176248	0.003105459	0.003036974
ASV_1112	0.002823	0.001354881	0.002825383	0.004461349
ASV_1225	0.003052	0.0025507483	0.0036509887	0.0006975462
ASV_917	0.002981	0.001657067	0.003705980	0.000937079
ASV_913	0.002909	0.002264820	0.003294366	0.001757756
ASV_1092	0.003675	0.007637439	0.002780559	0.003576888
ASV_1170	0.003093	0.011195611	0.001565716	0.001425398
ASV_968	0.002761	0.0015253756	0.0034814663	0.0006372558
ASV_880	0.002537	0.001925178	0.003197975	0.000000000
ASV_1212	0.003026	0.002757136	0.002784634	0.004505462
ASV_1055	0.003194	0.005987288	0.002328530	0.004269823
ASV_1063	0.003003	0.0021809952	0.0036370460	0.0008394977
ASV_1040	0.002156	0.000000e+00	3.828847e-05	1.490638e-02
ASV_1236	0.003566	0.000000000	0.002089045	0.014780183
ASV_1220	0.002578	0.0003223649	0.0033782806	0.0012146205
ASV_1223	0.002726	0.002919703	0.002510470	0.003557302
ASV_406	0.002534	0.004508552	0.001482377	0.005440956
ASV_1200	0.002655	0.0004165098	0.0034191331	0.0014500047
ASV_992	0.002795	0.003588850	0.001473247	0.008344061
ASV_397	0.002527	0.001514153	0.002357000	0.004492202
ASV_849	0.002418	0.002440015	0.002596300	0.001525976
ASV_892	0.002673	0.0003804524	0.0021571862	0.0077650979
ASV_1056	0.003258	0.0001435303	0.0040462631	0.0029156711
ASV_1142	0.002436	0.0004894331	0.0033848529	0.0000000000
ASV_1171	0.0025	0.001587517	0.002877170	0.001687217
ASV_966	0.00237	0.0005402775	0.0019070044	0.0066832014
ASV_441	0.002313	0.0001435303	0.0015552105	0.0084489352
ASV_1111	0.002442	0.001922177	0.001905792	0.005643201
ASV_1060	0.002992	0.005228020	0.003089383	0.000000000
ASV_1185	0.002035	0.0003514086	0.0026643172	0.0008612867
ASV_1130	0.002741	0.003118194	0.001831049	0.006755370
ASV_1058	0.002202	0.000000000	0.003130355	0.000153674
ASV_831	0.002264	0.0006779173	0.0024579637	0.0031042667
ASV_1013	0.002405	0.002189646	0.001768491	0.005748380
ASV_955	0.002602	0.002739529	0.001993020	0.005412830
ASV_379	0.002317	0.001369675	0.001869802	0.005564096
ASV_756	0.002618	0.002824205	0.002383760	0.003524582
ASV_1091	0.002512	0.0000000000	0.0035763045	0.0001505371
ASV_434	0.002047	0.0015788333	0.0025438102	0.0001505371
ASV_1141	0.002282	0.001034638	0.002545358	0.002401195
ASV_994	0.001985	0.0000000000	0.0027349594	0.0005598857
ASV_1070	0.002336	0.0004993645	0.0027221050	0.0025204278
ASV_819	0.002538	0.001102633	0.001203016	0.010662640
ASV_1032	0.002739	0.000323576	0.002707468	0.005609563
ASV_499	0.001953	0.002801913	0.001745166	0.002008660
ASV_1197	0.002579	0.0009356414	0.0026362317	0.0041507149
ASV_902	0.002187	0.000000000	0.002571460	0.002774568
ASV_882	0.001836	0.0000000000	0.0007448047	0.0092204423
ASV_595	0.002028	0.002903031	0.001428866	0.003961923
ASV_1085	0.002311	0.0003893035	0.0026283986	0.0029276633
ASV_1196	0.002108	0.001062217	0.002393870	0.001893390
ASV_1043	0.001962	0.001958025	0.001378968	0.004809451
ASV_901	0.002122	0.001752290	0.002057047	0.002851896
ASV_1221	0.002015	0.0005498554	0.0027271367	0.0001885967
ASV_828	0.001734	0.0007166846	0.0007618838	0.0076166346
ASV_1120	0.002407	0.0002870606	0.0032397328	0.0007324791
ASV_784	0.001845	0.0000000000	0.0025858354	0.0003073481
ASV_1065	0.0017	0.0041521983	0.0008019563	0.0033224114
ASV_1198	0.001829	0.002440855	0.001796919	0.001299511
ASV_1134	0.001857	0.0088443502	0.0004790273	0.0007104228
ASV_825	0.002168	0.0005629338	0.0027122778	0.0013189095
ASV_907	0.001758	0.0000000000	0.0004243144	0.0102352856
ASV_307	0.002212	0.0000000000	0.0030392857	0.0006679187
ASV_925	0.001777	0.0009124071	0.0023407452	0.0000000000
ASV_1049	0.001622	0.0004695420	0.0021275925	0.0004547483
ASV_889	0.001808	1.058392e-02	7.754616e-05	3.712890e-04
ASV_839	0.001714	0.002433110	0.001253268	0.003150731
ASV_1022	0.001806	0.001901866	0.001823858	0.001607918
ASV_877	0.001868	0.001079771	0.002433704	0.000000000
ASV_1205	0.001799	0.0005504859	0.0023791946	0.0003729673
ASV_1168	0.001754	0.0069586346	0.0008114777	0.0004929926
ASV_975	0.001743	0.0001902262	0.0022585683	0.0009766388
ASV_1062	0.002098	0.0005706785	0.0026139353	0.0012995114
ASV_929	0.001629	0.0005474443	0.0018218495	0.0019072806
ASV_1075	0.0019	0.0005138022	0.0023558186	0.0012355279
ASV_884	0.0017	0.001100266	0.001788661	0.001941098
ASV_1099	0.001801	0.0003577961	0.0024267385	0.0003712890
ASV_1094	0.00145	0.002009424	0.001362684	0.001247195
ASV_1036	0.001381	0.0001611824	0.0017694378	0.0008612867
ASV_1122	0.001577	0.0075841008	0.0004643415	0.0002441597
ASV_694	0.001617	0.0001631444	0.0022836394	0.0000000000
ASV_942	0.001704	0.0007831674	0.0022165182	0.0002441597
ASV_1132	0.001855	0.0009511309	0.0024123139	0.0001536740
ASV_1137	0.001556	0.000000000	0.002234868	0.000000000
ASV_1194	0.001437	0.0002768802	0.0018275167	0.0008418095
ASV_1038	0.001537	0.000000000	0.001185476	0.004983026
ASV_444	0.001388	0.0005751041	0.0017345708	0.0006154487
ASV_1007	0.00161	0.0002996201	0.0018908347	0.0017130309
ASV_864	0.001459	0.001723018	0.001697638	0.000000000
ASV_568	0.001275	0.001878259	0.001397791	0.000000000
ASV_813	0.001281	0.0006520234	0.0015061017	0.0008916655
ASV_1191	0.001256	0.000000000	0.001578646	0.001093705
ASV_1232	0.001269	0.0015167838	0.0013945711	0.0003771934
ASV_750	0.001161	0.0001333499	0.0012735701	0.0017704522
ASV_605	0.001237	0.0067518125	0.0002180183	0.0000000000
ASV_1076	0.001307	0.0008722203	0.0016141742	0.0003010742
ASV_919	0.001023	0.0002666997	0.0002457174	0.0056600013
ASV_1231	0.000996	0.0007236257	0.0009453375	0.0015511136
ASV_674	0.00106	0.0013631744	0.0010812526	0.0006126284
ASV_861	0.001372	0.0000000000	0.0018323500	0.0006679187
ASV_1214	0.001181	0.000720797	0.001088005	0.002150122
ASV_842	0.001103	0.001199364	0.001059823	0.001204738
ASV_1045	0.001065	0.0034793173	0.0005522345	0.0008506110
ASV_1161	0.000981	0.000000000	0.001165293	0.001187632
ASV_1083	0.000924	0.0006270776	0.0011821830	0.0000000000
ASV_983	0.001053	0.0027737323	0.0007223267	0.0007324791
ASV_667	0.001129	0.0001902262	0.0015448393	0.0001608607
ASV_1201	0.000948	0.000000000	0.001360902	0.000000000
ASV_753	0.001001	0.0001824814	0.0011499310	0.0011956492
ASV_951	0.000935	0.0009154488	0.0009738689	0.0007683702
ASV_1025	0.00093	0.0000000000	0.0009612924	0.0018220009
ASV_461	0.00087	0.0003436639	0.0011312624	0.0001885967
ASV_1240	0.000903	0.0007086267	0.0010243964	0.0005329888
ASV_602	0.001006	0.0006929645	0.0012461845	0.0001856445
ASV_1102	0.000847	0.0001902262	0.0007151681	0.0022277338
ASV_915	0.000958	0.0004898463	0.0001613775	0.0053670147
ASV_1087	0.000893	0.0002870606	0.0011540474	0.0003010742
ASV_1061	0.000681	0.0000000000	0.0004503505	0.0025748247
ASV_941	0.000719	0.0008349559	0.0008078790	0.0001536740
ASV_1003	0.00084	0.0002870606	0.0010418431	0.0004793220
ASV_1009	0.00067	0.0003109925	0.0008520384	0.0001864837
ASV_1176	0.00065	0.0008102796	0.0007087052	0.0001864837
ASV_770	0.000767	0.0001824814	0.0010094203	0.0002441597
ASV_239	0.000625	0.0001611824	0.0006197484	0.0011720793
ASV_386	0.000632	0.0000000000	0.0007946264	0.0005515078
ASV_773	0.000661	0.0006796593	0.0007925221	0.0000000000
ASV_661	0.000507	0.0001611824	0.0006522268	0.0001856445
ASV_845	0.000554	0.0005866807	0.0004013617	0.0012597183
ASV_253	0.000481	0.0000000000	0.0006905901	0.0000000000
ASV_1048	0.000435	0.0013353187	0.0003169511	0.0000000000
ASV_1028	0.000491	2.737221e-03	7.361048e-05	0.000000e+00
ASV_1103	0.000575	0.0000000000	0.0007113977	0.0005569335
ASV_1143	0.000493	0.0005596146	0.0004636546	0.0005628379
ASV_1116	0.000442	0.0005209405	0.0004323742	0.0004005217
ASV_1086	0.000394	0.0013532038	0.0002530288	0.0000000000
ASV_611	0.000352	0.0000000000	0.0002771206	0.0011138669
ASV_817	0.000505	0.0000000000	0.0007250224	0.0000000000
ASV_263	0.000355	0.0003804524	0.0002337954	0.0009181236
ASV_354	0.000283	0.0000000000	0.0004063229	0.0000000000
ASV_1149	0.000325	1.642333e-03	8.796493e-05	0.000000e+00
ASV_821	0.000345	0.0000000000	0.0004955585	0.0000000000
ASV_810	0.00029	0.0005302624	0.0002432977	0.0002441597
ASV_442	0.000249	0.0000000000	0.0001479731	0.0010204731
ASV_393	0.000414	0.0000000000	0.0005449021	0.0002441597
ASV_569	0.000272	0.0000000000	0.0003907696	0.0000000000
ASV_1047	0.000283	0.0000000000	0.0002057836	0.0009766388
ASV_943	0.000255	0.0000000000	0.0003661773	0.0000000000
ASV_838	0.000218	0.0001824814	0.0001948169	0.0003712890
ASV_858	0.000214	0.0000000000	0.0002299931	0.0003771934
ASV_748	0.000285	0.0000000000	0.0003602543	0.0002396610
ASV_1206	0.000177	7.372656e-04	8.343351e-05	0.000000e+00
ASV_1188	0.000188	0.0000000000	0.0002703039	0.0000000000
ASV_600	0.000165	0.0001824814	0.0001946932	0.0000000000
ASV_648	0.000127	0.0003223649	0.0001081780	0.0000000000
ASV_932	0.000155	0.0000000000	0.0001228580	0.0004883194
ASV_895	0.000133	0.0000000000	0.0001904541	0.0000000000
ASV_680	5.6e-05	0.000000e+00	8.078963e-05	0.000000e+00
ASV_1002	5e-05	0.000000e+00	7.174121e-05	0.000000e+00
ASV_1030	6.7e-05	0.000000e+00	9.633854e-05	0.000000e+00
ASV_1053	6.3e-05	0.000000e+00	5.744987e-05	1.608607e-04
ASV_1162	5.3e-05	0.000000e+00	3.763599e-05	1.885967e-04
ASV_1239	5.3e-05	0.000000e+00	7.650933e-05	0.000000e+00
ASV_322	2.6e-05	0.000000e+00	3.773625e-05	0.000000e+00
ASV_565	3.1e-05	0.000000e+00	4.421019e-05	0.000000e+00
ASV_1081	3.1e-05	0.000000e+00	4.421019e-05	0.000000e+00
ASV_972	2.3e-05	0.000000e+00	3.358309e-05	0.000000e+00
