SampleID	richness	chao1	ACE	shannon	simpson	invsimpson
DE03P016	505	638.287671232877	640.168686437487	4.70094437655449	0.98048274	51.2367002335369
DE03P017	437	572.015151515152	576.819244251421	4.28694235094319	0.96466078	28.2971723767531
DE03P049	328	450.625	458.157065754799	3.24396325226631	0.8492561	6.63376760187311
DE03P054	405	518.533333333333	555.602400847134	3.35683336463024	0.83186624	5.94764549368313
DE03P060	495	634.014084507042	632.9085	4.53991426103189	0.97243892	36.2830484146485
DE03P065	498	657.038961038961	657.607416406106	4.3650818648857	0.96598048	29.3948885816143
DE03P076	305	446.272727272727	465.128290013123	2.89066707721764	0.7958225	4.89769930575112
DE03P081	341	474.775510204082	476.117248992565	3.34802741497266	0.86957452	7.66721349233294
DE03P083	285	412.95652173913	420.313395279415	3.21200981171201	0.90892556	10.980029083901
DE07P016	510	649.569620253165	654.017753811332	4.45996462358962	0.97245288	36.3014355039656
DE07P049	302	445.083333333333	423.873370271717	3.59422711470575	0.93242018	14.7973167137764
DE07P054	391	482.818181818182	490.063351075807	3.9683116018728	0.94565416	18.4006724341734
DE07P060	440	619.406779661017	603.764190100133	3.84478669326944	0.91148774	11.2978699222006
DE07P065	550	676.538461538462	670.284749258815	4.7032524475283	0.97418164	38.7321270599682
DE07P076	356	490.692307692308	462.279046068753	3.84959352258269	0.9318843	14.6809032278902
DE08P017	590	697.628865979381	706.725905375624	4.74642476764163	0.97226428	36.05458953292
DE10P016	327	426.6	398.513384776748	3.9696938341721	0.9498771	19.9509605389952
DG00P016	453	592.333333333333	585.118816906947	4.42190677281269	0.96474578	28.3653985253397
DG00P017	515	674.642857142857	659.210820920857	4.47952520167579	0.95919634	24.5076054451978
DG00P049	349	441.75	460.620802742938	3.33558636179872	0.85571932	6.93093489717404
DG00P054	431	604.775510204082	563.26868370429	4.19567837860469	0.95494932	22.1972232161645
DG00P060	396	519	532.659648970248	3.88227151035531	0.93258728	14.8339957206889
DG00P076	485	659.508474576271	634.624539263679	4.52141851091632	0.9716299	35.2483776934167
DG00P081	358	477.790697674419	464.194439821941	4.1677869001796	0.96548516	28.9730446381904
DG00P083	310	407.5	436.683673469388	3.38778183437794	0.8967358	9.68389819511505
DS00P030	459	592.140845070423	602.774000883376	4.2219152891476	0.95880892	24.277100770361
DS00P037	508	661.3	648.581661349417	4.42569233683339	0.9641633	27.90435503269
DS00P049	337	485.222222222222	470.333956258032	3.77756413655077	0.95102436	20.418314084308
DS00P054	374	524.06	508.054425741879	3.70203326319109	0.9136596	11.5820635530991
DS00P060	316	454.489795918367	478.479264363416	3.87879169832358	0.95613098	22.7951296837723
DS00P065	312	453	405.299149607776	3.59269438655532	0.91435624	11.6762739048356
DS00P076	307	436.893617021277	448.518343177489	3.65718151773315	0.94149706	17.0931580532534
DS00P119	341	404.033333333333	390.441606434646	4.59573449482894	0.97269598	36.6246435506566
DS00P138	373	433.153846153846	423.021963177592	4.58734617156619	0.9739494	38.3868317812258
DS00P140	209	271.666666666667	256.088623896691	3.71789943520381	0.94104476	16.9620206787387
DS00P166	302	346.675675675676	351.984641975459	4.48031454822215	0.97938302	48.5037090786332
DS00P172	218	273.3125	288.804749340369	3.60422849180715	0.91503522	11.7695826435377
DS00P180	343	400.096774193548	396.803729950254	4.88347491854804	0.9860413	71.6399091605952
DS00P191	351	409.717391304348	413.081496430732	4.30575796966181	0.96813456	31.3819611466215
DS00P193	361	427.071428571429	423.216332586394	4.63176867574538	0.9790363	47.7015030743619
DS00P194	374	421.458333333333	427.691407987827	4.82077624696166	0.98573442	70.0987972448369
DS00P196	279	340.176470588235	338.589319313926	4.26085282208128	0.97572096	41.1877899620413
DS03P016	500	611.211764705882	633.078841741161	4.44729613604732	0.96329374	27.2433094518483
DS03P017	527	678	675.919320469963	4.60395139398582	0.97220728	35.9806452912849
DS03P030	461	558.573170731707	592.914442478916	4.28485833696633	0.96191914	26.2599111469646
DS03P037	500	688.4	669.739406762032	4.42946246879502	0.96333896	27.2769130390191
DS03P049	434	603.630769230769	617.037594804149	4.01977292084367	0.9537423	21.6180225130086
DS03P054	364	492.037735849057	501.541584280771	3.77481616775488	0.91278638	11.4660989877499
DS03P060	295	387.5	359.380624304408	3.68929519703474	0.9355142	15.5072899770182
DS03P065	251	349.75	344.473850916028	3.23411284228293	0.90829846	10.9049422725071
DS03P076	342	618.857142857143	578.810300576687	3.31963357683574	0.90895368	10.9834203073776
DS03P237	302	421.181818181818	445.436039347327	2.68087894004214	0.80284096	5.07204741917997
DS03P239	374	476.238095238095	497.361605058066	4.12092894605855	0.96381808	27.638113179179
DS03P245	380	485.019607843137	473.297714463588	3.9398505497454	0.93559554	15.5268750021349
DS03P272	420	511.714285714286	519.792309418718	4.53579917244084	0.9748191	39.7126393417233
DS03P279	422	529.053571428571	520.388977270998	4.34325370748273	0.96098172	25.629012862689
DS03P288	420	488.884057971014	508.193437204306	4.55825168147014	0.97799462	45.443432469696
DS03P295	140	206.111111111111	175.749505478324	3.30140668789536	0.9266343	13.6303476965394
DS03P298	323	360.885714285714	360.189790312856	4.62286217926425	0.981873	55.1663264743201
DS03P312	349	470.916666666667	415.299540047246	4.76648409321622	0.9837188	61.4205341129647
DS03P313	373	435.255319148936	437.816695836243	4.70027548241176	0.9829709	58.7230094367876
DS04P138	285	354.666666666667	364.431393130432	3.85382927973281	0.94840344	19.3811370370428
DS04P194	255	304.344827586207	300.703736993201	3.85548387135794	0.95641046	22.9412836198776
DS04P86	319	380.176470588235	372.987613738345	4.47844104569121	0.97414776	38.6813676493797
DS05P114	247	300.636363636364	297.038091244517	3.34302185083748	0.90872028	10.9553359716704
DS05P196	332	415.27027027027	395.459830430329	4.18345648164356	0.96516288	28.7050135028384
DS06P140	177	222.230769230769	229.948809455423	3.23692026883717	0.91940984	12.4084627701446
DS06P180	159	200.4	208.277225871186	2.81452305909435	0.88134514	8.42780481136634
DS07P016	396	472.515151515152	488.287701918257	3.52076342291859	0.8861705	8.78506889690282
DS07P037	520	684.114754098361	639.308611455817	4.44290480221251	0.96049536	25.3134821631079
DS07P049	424	542.098591549296	563.602047349247	4.28622167106475	0.97046222	33.854947799056
DS07P054	430	590.875	580.910157692496	3.72009012223799	0.91770296	12.1511053131437
DS07P060	298	418.731707317073	415.587586120244	3.75679671488203	0.9443372	17.9653197467609
DS07P065	239	336.9	351.581875942369	2.42987068602686	0.77301764	4.40562870171938
DS07P076	316	453.042553191489	464.011073397535	3.66358457418277	0.94350508	17.7007065414023
DS07P172	259	327.44	314.490101106397	3.50887574489032	0.90693184	10.7448132637413
DS07P193	248	367	362.367313152177	3.82236481252451	0.96121736	25.7847325504401
DS08P017	521	644.633802816901	635.540824468817	4.51842187704758	0.96460954	28.2562023777029
DS08P191	222	293.869565217391	283.591053789061	4.0173759653476	0.96861862	31.8660301108492
DS10P016	556	675.720930232558	680.151643613579	4.36799135863911	0.94925274	19.7054974002537
DS10P049	483	631.516666666667	611.493595209293	4.75202203010874	0.98306802	59.059838246915
DS10P054	411	530.01724137931	530.517214636815	4.30677715715701	0.96632544	29.6960079062651
DS10P166	278	317.84375	315.535207041373	3.94693398503329	0.95315242	21.3458197840742
HE02P026	375	509.444444444444	504.0917051858	3.68980552461698	0.9193866	12.4048855401211
HE03P003	401	505.21875	507.044504914522	3.7627870143435	0.91734086	12.0978756856169
HE03P004	457	604.013888888889	618.59825296827	4.07031818061392	0.94260326	17.4225922935693
HE03P005	405	553.166666666667	537.0794162225	3.94550524800408	0.93869966	16.3131232224813
HE03P010	502	684.397058823529	658.946912198817	4.54477294847526	0.9734285	37.6343074346574
HE03P011	390	552.555555555556	561.549978188031	4.19806434598249	0.9648762	28.4707235549684
HE03P012	412	517.590163934426	520.633356241681	4.45799121739058	0.97307886	37.1455294983793
HE03P014	406	530.090909090909	501.325432922859	4.27346218934268	0.95623568	22.8496638357456
HE03P019	472	656.347826086957	648.526200739967	4.00380716071493	0.92789146	13.8679829046601
HE03P021	399	510.245901639344	517.382885605588	4.17237258206709	0.96689692	30.2086694047805
HE03P022	381	541.45652173913	511.55064962334	3.90646910694144	0.93985168	16.6255682619232
HE03P023	367	486.022222222222	475.79063864381	4.12569073171818	0.9581383	23.8881841874554
HE03P024	426	586.220338983051	579.724655309271	4.07859196348859	0.9484017	19.3804834655405
HE03P025	406	539.245901639344	542.768769170684	3.77602821841746	0.90396302	10.4126556249478
HE03P028	344	455	461.62742544041	3.80899519116703	0.94137964	17.0589194607471
HE03P046	445	594.385964912281	579.12603679855	4.40992712330902	0.96790164	31.1542396558578
HE03P047	366	534.489795918367	526.775219109813	3.32350845829125	0.85223094	6.76731651402533
HE03P048	425	536.342465753425	557.083287358135	4.05572379360166	0.93764774	16.0379110556698
HE03P050	389	529	518.968977873869	3.57112508688893	0.90883884	10.9695839763338
HE03P051	460	585.891891891892	593.897076068396	3.88642768336317	0.9385418	16.2712217409556
HE03P055	341	513.92	499.8079627969	2.86330082941922	0.85071246	6.69848267310185
HE03P056	462	657.642857142857	663.998555444902	3.96637763628446	0.94811938	19.2750202291337
HE03P057	352	467.05	494.556222409949	3.20614157773152	0.86503388	7.40926685897172
HE03P058	368	459	471.95992409287	3.82447542068961	0.92796848	13.8828113026075
HE03P059	355	491.178571428571	514.883688016197	3.78719291890938	0.9317034	14.6420173185781
HE03P061	399	493.322033898305	497.677146324247	4.21056716489004	0.96125018	25.8065714885901
HE03P063	376	483.714285714286	502.937172249898	3.79538057454766	0.9346422	15.3003926080743
HE03P064	569	695.247058823529	699.895004264301	4.83312003531487	0.97775786	44.959702618543
HE03P066	391	538.521739130435	512.283740442484	4.13434271619265	0.95439144	21.925708682756
HE03P067	525	637.79746835443	642.768161649465	4.74741291553658	0.97730884	44.0700255077308
HE03P068	519	637.621621621622	635.290150544075	4.59299806022965	0.96642992	29.7884306501504
HE03P071	502	641.041666666667	646.143279181873	4.49882723989308	0.96257508	26.7201639976786
HE03P072	424	547.223880597015	550.371254399458	3.82187363783484	0.93286216	14.8947300062081
HE03P073	379	619.731707317073	572.153751726254	3.88335812545701	0.94133384	17.0456017574697
HE03P074	419	556.014285714286	573.086362417885	3.69886791793	0.91274888	11.4611709282356
HE03P075	473	581.181818181818	583.608979361387	4.33829031197173	0.94483906	18.1287701043528
HE03P077	386	535.382978723404	506.366642252969	3.68003434511996	0.91678984	12.0177632154535
HE03P078	276	427.666666666667	414.090990774168	3.12638095875966	0.90676606	10.7257078269995
HE03P082	297	392.021739130435	396.230979943718	3.68390756453041	0.94766004	19.1058609903408
HE05P026	373	496.016666666667	509.933587340059	3.24966149163626	0.84228856	6.34069411832141
HE07P004	445	626.303571428571	592.549631797108	4.13546391539896	0.95872316	24.2266607618219
HE07P010	431	614.957446808511	575.237828089512	4.42673591204592	0.96252746	26.6862080873087
HE07P012	409	488.071428571429	466.354144148584	4.67507723195669	0.97948878	48.7538040155583
HE07P019	488	621.085714285714	613.685234557169	4.6562046051736	0.9797849	49.4679719615535
HE07P021	422	524	546.872624035825	3.7506815143319	0.8905471	9.13634997336754
HE07P022	433	623.842105263158	607.509054280931	4.07264724489538	0.95400206	21.7401040133536
HE07P023	442	574	555.061876772212	4.11826704867947	0.93830588	16.2090001445843
HE07P024	369	537.132075471698	539.271270770394	3.48991892542406	0.89504724	9.52809625968864
HE07P025	444	542.347826086957	549.625608579999	4.3978115781951	0.96998438	33.3159868095345
HE07P028	337	475.06	476.420636797195	3.6211312937305	0.91398844	11.6263441797823
HE07P046	283	400.283018867925	435.009057561963	2.8102359598884	0.87791726	8.1911660894898
HE07P047	369	533.411764705882	526.469773318734	3.41924187044622	0.90559298	10.5924326390135
HE07P048	457	636.3125	632.350437965256	4.24530128125344	0.96160972	26.0482601325127
HE07P051	394	531.238095238095	537.64246540318	3.50207377685986	0.88481778	8.68189552172202
HE07P055	368	506.392857142857	505.836443744659	3.07377009989061	0.82602276	5.7478782856884
HE07P056	397	504.714285714286	508.567941155104	3.47518853126194	0.90339686	10.3516303921384
HE07P057	308	436.269230769231	450.565268190336	2.83967302996262	0.83232162	5.96379807581633
HE07P058	429	544.671641791045	555.355375388286	3.99599390528701	0.92937682	14.1596569285042
HE07P059	475	618.725806451613	613.527374265549	4.33772220359569	0.94883916	19.5461997887447
HE07P061	318	465.567567567568	444.03684685447	3.5409930815396	0.90657316	10.7035622739675
HE07P063	351	500.790697674419	481.474400913248	3.92245004943008	0.94753118	19.0589382417977
HE07P064	366	534.132075471698	530.27942587965	3.51756033111189	0.92598494	13.5107638904839
HE07P066	461	594.095238095238	588.036025041651	4.28293417149209	0.9606614	25.4203250751171
HE07P068	406	556.75	551.998781786346	3.8560470073937	0.94149164	17.0915746057487
HE07P071	443	582.014084507042	582.814927276504	3.89116994320273	0.94566734	18.4051360636494
HE07P072	398	497.620689655172	504.361573734651	4.14916665101529	0.95565358	22.5497345670744
HE07P073	442	591.545454545455	602.43929072323	3.81396047341837	0.89061216	9.14178394966022
HE07P074	420	581.803278688525	566.276451234728	3.65701220163606	0.91241884	11.4179807620726
HE07P075	414	533.01724137931	533.335155659786	4.244395271332	0.96591324	29.3369038301088
HE07P077	376	463.549295774648	496.731053639088	4.16899740731103	0.967798	31.0539718029936
HE07P078	312	444.5	436.020913048539	3.83495347647666	0.95461522	22.0338183858113
HE10P003	439	539.649350649351	564.017858110308	4.13262311403792	0.94937204	19.7519315413854
HE10P049	253	352.340909090909	370.379969084544	2.13009485504953	0.66236754	2.96180053304117
HE10P054	373	484.101694915254	504.432545342391	3.80907128698994	0.9273055	13.7561988871235
HG00P003	555	736.6875	734.71633557313	4.72350477586003	0.97621924	42.0508007313475
HG00P010	452	577.4	583.266622007242	4.28977621880016	0.96546512	28.9562320760923
HG00P011	531	630.683544303797	642.872241446117	4.90793056978009	0.98015058	50.3793057933179
HG00P012	380	500.659574468085	483.003242877489	4.29026746426241	0.96852652	31.772781401993
HG00P014	487	604.467532467532	614.98714953271	4.60103269701233	0.97770198	44.8470312610716
HG00P021	450	609.970588235294	615.163063833565	4.07284940455217	0.94711896	18.9103693875915
HG00P022	480	629.692307692308	620.261321921773	4.58800265481349	0.97574218	41.2238197826515
HG00P023	342	431.266666666667	465.205339089969	3.8012415123102	0.92516434	13.362613492017
HG00P024	375	513.958333333333	517.114830639613	4.47132899045456	0.9773817	44.2119876383283
HG00P025	444	549.054545454545	533.587306351713	4.70983703974399	0.98026296	50.6661586539826
HG00P026	385	498.050847457627	519.566860949042	4.34832270354574	0.9743926	39.0512117591009
HG00P028	406	559.637931034483	569.46007635512	4.15964201736692	0.96076398	25.4867848471889
HG00P046	327	440.192307692308	451.749273639086	3.35354356737358	0.89939966	9.9403242573534
HG00P047	335	438.018867924528	444.632926654963	3.42545531089429	0.87384612	7.92682714158296
HG00P048	404	512.544117647059	521.123189020868	3.27421847338209	0.85246106	6.77787165883122
HG00P050	364	525.333333333333	505.080065146882	3.61095603736741	0.89619028	9.63300931743193
HG00P051	477	575.413333333333	585.011197373143	4.46647877513421	0.9631138	27.1104098551762
HG00P055	343	477.2	484.908447560362	3.11502646701906	0.88008366	8.33914710872597
HG00P056	412	613.333333333333	598.101843797899	3.44272362354786	0.88801178	8.92951062174218
HG00P058	325	424.916666666667	459.589161518137	3.34328509575724	0.88662466	8.82026020826046
HG00P059	348	485.565217391304	481.281311796921	3.83659503069432	0.93912824	16.4279790825828
HG00P061	399	536.307692307692	527.339101486793	4.20399937323622	0.96210782	26.3906695260077
HG00P063	404	513.103448275862	523.725998825288	4.34540327191874	0.96440758	28.0958698509402
HG00P064	563	694.723684210526	681.029466629107	4.82476307324091	0.9768725	43.2385688033726
HG00P066	454	637.196721311475	634.132551127165	4.19224717923881	0.94631296	18.6264692558949
HG00P071	480	592.31884057971	594.709327489947	4.56971116603753	0.96647314	29.8268313823603
HG00P072	409	630.033898305085	626.046397643227	3.47074399899744	0.92274442	12.9440488311653
HG00P073	369	512.285714285714	493.948157556445	3.63356737244102	0.91393952	11.6197353303165
HG00P074	514	648.1375	668.418145257098	4.53390389461108	0.96823596	31.4821414404465
HG00P075	425	562.15625	555.910933865789	4.01492932760863	0.94719192	18.9364960816602
HG00P077	411	565	561.804329511053	3.79367067314051	0.9226244	12.9239708642001
HG00P078	436	559.904109589041	574.557842738236	4.03067855438146	0.94781366	19.1621025732021
HG00P082	441	599.904761904762	608.562781287799	4.40802364463091	0.96735052	30.6283591652915
HS00P003	369	452.898305084746	468.559723065929	3.94074594379414	0.93637058	15.7160005544605
HS00P004	391	480.679245283019	478.624182532766	4.24265870025069	0.96550656	28.9910197417248
HS00P010	482	735.903846153846	661.302196011418	4.07255228148872	0.94061332	16.8387928067371
HS00P011	408	513.054545454545	510.3637346212	4.22672121254029	0.95467296	22.0618862383248
HS00P012	374	456.078431372549	449.30509729904	3.358721553802	0.84340332	6.38583142375688
HS00P014	651	790.359550561798	781.518488614354	5.03005850966615	0.9751784	40.2874915396268
HS00P019	467	646.3125	657.85247719257	4.28513533160779	0.94757662	19.0754583164992
HS00P025	452	553.901639344262	548.470500952321	4.64779472267267	0.97707048	43.6119029094373
HS00P029	516	655	638.198126083832	4.58288371150452	0.96860016	31.8472960371773
HS00P034	544	687.131578947368	680.091566159048	4.80541000056541	0.97682566	43.1511749633431
HS00P036	402	519.234375	525.417203395871	3.47041819490043	0.88016974	8.34513753037004
HS00P040	488	635.013333333333	633.297147641011	4.28507423381553	0.96008164	25.0511293550136
HS00P041	488	615.743243243243	616.511105046094	4.22630777278888	0.94349048	17.6961333240842
HS00P042	524	683.388888888889	667.449510931367	4.28443842814612	0.94203348	17.2513374961961
HS00P044	423	562.333333333333	564.753252638368	3.51972634642752	0.87891922	8.25894910819042
HS00P045	398	542.725490196078	521.864586111569	3.56768924922402	0.87392498	7.93178537667494
HS00P046	386	536.109090909091	544.637966815425	3.94866669949035	0.94644194	18.6713260338407
HS00P047	413	566.833333333333	590.824321598437	3.75963685725136	0.93181946	14.6669416229323
HS00P048	301	400.019607843137	417.679465280753	3.4508919013101	0.91146018	11.2943532074043
HS00P050	415	627	602.536335581974	2.44550968317834	0.60349346	2.52202649671302
HS00P051	283	460	453.103482347339	3.68821586270668	0.95084366	20.3432558241724
HS00P055	369	488.181818181818	508.347106522106	4.05547443974632	0.95190848	20.7936867040177
HS00P056	417	558.444444444444	556.986825905085	3.75335285364811	0.92560236	13.4412865784452
HS00P057	311	410.340909090909	414.56536828359	3.63905329447073	0.9135283	11.5644771642052
HS00P058	288	429.976744186047	434.71965073144	2.85539881217566	0.85456318	6.87583790679692
HS00P059	336	437.333333333333	447.042746378744	4.32199484694531	0.97491014	39.8567389375628
HS00P061	394	519.849056603774	508.939060593435	4.1020947697058	0.95247954	21.0435673392051
HS00P063	254	405.5	399.728392714202	3.3146761432902	0.92643434	13.593298829916
HS00P064	310	501.052631578947	468.540831878735	2.96915197611178	0.83026038	5.89137645058944
HS00P068	316	413.5	413.495372244235	3.67107492615304	0.92463496	13.2687516652283
HS00P071	368	522.468085106383	509.025398578696	3.61353276677021	0.88639448	8.80238917968071
HS00P072	351	491.42	507.284238697767	3.59119984646834	0.8854591	8.73050587170172
HS00P073	566	700.166666666667	719.734551460009	4.72790212447375	0.97483412	39.7363414273612
HS00P074	418	601.584905660377	594.719380214541	3.87060982093071	0.89923162	9.9237479058411
HS00P075	318	443.849056603774	470.737662584218	3.42815829436558	0.91360002	11.5740767532585
HS00P077	360	561.666666666667	502.340183960736	4.02945893895267	0.9540721	21.7732576494897
HS00P082	403	493.718309859155	517.836245721492	4.29132195600625	0.97028078	33.6482586016726
HS00P109	209	260.041666666667	267.691741159274	3.97375751883971	0.9649899	28.563186052025
HS00P110	278	368.230769230769	343.146535547301	4.23763011057014	0.9733221	37.4842097766316
HS00P118	252	319.535714285714	316.67186364237	4.04841310998127	0.95732318	23.4319239343512
HS00P137	238	334.315789473684	309.654129323043	3.98430788228327	0.9580771	23.8533116745263
HS00P142	310	371.116279069767	371.52042797098	3.68006150055521	0.89064502	9.14453095780366
HS00P167	223	287.166666666667	283.39979973287	3.83409542803722	0.94911802	19.6533232393865
HS00P176	234	309.136363636364	296.208918189978	3.93964590274768	0.95318772	21.3619161467888
HS00P179	333	445.588235294118	418.793596837966	4.3375422926614	0.97322966	37.3547739774691
HS00P192	258	329.1875	335.44904120731	3.91756869598095	0.9536311	21.5661790553582
HS00P198	333	381.617647058824	374.255164527077	4.73101626982711	0.983958	62.3363670365291
HS00P201	280	368.44	349.369089696113	4.30214371441727	0.96826214	31.5081105027245
HS00P93	248	300.783783783784	310.593755186722	3.76054969584179	0.95446328	21.960299292527
HS00P96	334	395.736842105263	396.069289693961	4.71695466053879	0.98482916	65.9159281885512
HS03P003	419	538	523.167803434589	3.5705066142768	0.89199946	9.25921296319444
HS03P004	375	502.045454545455	546.025682292952	3.79097329717176	0.94322698	17.6140004530321
HS03P005	456	589.48	615.047996443746	3.9265077747456	0.93009964	14.3060779658359
HS03P010	411	612.428571428571	579.229119560341	3.99590469221021	0.94425504	17.9388414665649
HS03P011	432	606.508474576271	589.108347779663	3.39492245862494	0.83006496	5.88460155127512
HS03P012	354	499.916666666667	446.398206082579	3.14347563391213	0.80407096	5.10388863233342
HS03P014	507	666.012820512821	673.56291630981	4.12983093890653	0.94148254	17.0889167096453
HS03P019	427	617.568181818182	555.871362385014	4.09134265036454	0.94688818	18.8282005775739
HS03P024	410	499.458333333333	518.962395628007	3.94913253761202	0.94033584	16.7604806637687
HS03P025	381	464.571428571429	452.230929251136	4.1453032569329	0.95639122	22.9311620274633
HS03P026	541	707.791044776119	687.473748493209	4.93352346648978	0.98433064	63.8188158291085
HS03P029	490	653.125	637.44509001438	4.68670566460103	0.9785919	46.7112915204992
HS03P031	533	686.529411764706	667.783610773072	4.45063045968836	0.94341822	17.6735337771276
HS03P034	492	677.119402985075	664.075651029622	4.48063660020455	0.972471	36.3253296523666
HS03P035	416	541.101694915254	536.680843367161	3.87204979423017	0.9343738	15.2378166037345
HS03P040	436	575.044776119403	575.331286503637	4.26034416152354	0.96640032	29.7621882113163
HS03P041	474	587.333333333333	580.368055848594	4.57371070207042	0.97046306	33.8559105987282
HS03P042	519	598.81914893617	622.688786907254	4.67961477953095	0.97447908	39.1835404052832
HS03P044	391	496.107142857143	490.527587374386	3.74258475543011	0.91951586	12.4248081671743
HS03P045	359	519.53488372093	473.537403558243	3.50012097133121	0.92299864	12.9867836100557
HS03P046	310	434.885714285714	421.474149649697	4.07704703112133	0.95905534	24.4232092780841
HS03P047	354	438.654545454545	458.091692691159	3.72369922606977	0.90175112	10.1782330750233
HS03P048	381	463.078125	481.113467494498	4.05003150705174	0.9421338	17.2812453556653
HS03P050	293	382.756756756757	376.335565317308	3.58433467767849	0.92211288	12.8390932929604
HS03P051	317	447.326086956522	458.880419116167	3.3757360852651	0.88804298	8.93199908321961
HS03P055	318	536.75	520.448101185718	3.82024669147586	0.95230964	20.9685982659808
HS03P056	297	378.734693877551	393.332773810618	3.93651493766301	0.9576053	23.5878541421451
HS03P057	302	427.837837837838	409.161462727588	3.96946952707236	0.96357462	27.4533855240494
HS03P058	316	409.193548387097	434.745637742115	3.04117956571556	0.8670615	7.52227533784419
HS03P059	284	389.333333333333	361.971043110735	4.02997195746287	0.96171798	26.121923555758
HS03P061	260	347.022222222222	363.434126220601	2.97422081186411	0.9006275	10.0631462426728
HS03P063	505	644.569620253165	652.434824017522	4.4649060264304	0.96939492	32.6743141988193
HS03P064	336	498.272727272727	507.343427293659	3.90911533661628	0.95179742	20.7457775081749
HS03P066	324	448.090909090909	442.37659415498	3.6373426687383	0.92747634	13.7886036088085
HS03P067	308	413.31914893617	418.494260577442	4.02755603402779	0.96531964	28.8347641143287
HS03P068	471	584.095890410959	583.389526356739	3.94156383906915	0.9348246	15.3432123163034
HS03P071	315	420.122448979592	418.488108869764	3.06790845757256	0.80352746	5.08976979683777
HS03P072	266	378.5	407.54634292859	2.55730844107774	0.68875104	3.21286214096908
HS03P073	326	480.411764705882	506.801384571335	3.79076584658363	0.94980538	19.9224538406706
HS03P074	366	525.6	547.94886025837	4.15422378122445	0.96827882	31.524678464042
HS03P075	353	458.258620689655	465.424806589161	2.78734669731414	0.71623526	3.52404601079049
HS03P077	390	509	531.958630724505	4.3434743862431	0.96957992	32.8730233451063
HS07P004	425	616.949152542373	601.704082092181	3.4731266609713	0.87606702	8.06887722703029
HS07P010	474	634.615384615385	618.547016610843	4.19410958585825	0.95142848	20.5881965398653
HS07P011	472	627.208333333333	654.745436782741	4.16355074949833	0.93787916	16.0976574045039
HS07P012	512	642.166666666667	644.084654189763	4.31787292188322	0.95064766	20.2624637453867
HS07P014	553	678.345679012346	675.75360243724	4.63385613253801	0.9651611	28.7035468972901
HS07P019	457	567.164179104478	572.841039383045	4.29416313332744	0.94946038	19.7864566453013
HS07P024	455	590.352941176471	559.530864679061	4.66889306644927	0.97750374	44.4518333269619
HS07P025	483	630.013888888889	630.623030910486	4.2425379415811	0.95808736	23.8591508432778
HS07P026	462	563.278481012658	583.322058630913	4.29211954944772	0.94568766	18.4120220193054
HS07P029	522	642.789473684211	645.273542489996	4.59479620760324	0.96822166	31.4679747274401
HS07P031	571	764.246153846154	718.112144769307	4.82176074081782	0.97112958	34.6375286538956
HS07P034	406	561	531.339110854583	4.08097797595266	0.95507728	22.2604508364587
HS07P035	436	579.04347826087	592.933999372019	3.61209590497167	0.89610634	9.62522640938822
HS07P036	442	561.013157894737	584.202831404235	4.05102531518361	0.95280572	21.1890084984875
HS07P040	473	618	625.620108729181	4.40378172940062	0.96799086	31.2410767674483
HS07P041	484	621.15625	605.351411188526	4.46709040973662	0.9663599	29.7264276860057
HS07P042	467	583.837837837838	590.467724709186	4.25814333450843	0.95780722	23.7007374247442
HS07P045	429	608.478260869565	571.362564522462	4.22828283763917	0.95443594	21.9471223591576
HS07P046	393	590.4	560.227946067962	4.04751258101746	0.95878172	24.2610802779738
HS07P047	341	466.634146341463	454.872361414667	4.36463703270046	0.97316688	37.2673770325627
HS07P048	371	512.222222222222	512.362449179058	3.51516434306333	0.92426462	13.2038685222151
HS07P050	315	448.222222222222	448.226808260748	3.86525369006798	0.9582832	23.9711579028113
HS07P051	413	544.723684210526	578.144555924334	3.70453289692749	0.92453766	13.2516431374908
HS07P055	327	495.837209302326	459.776839151695	3.50997416254161	0.93235138	14.7822675466255
HS07P056	293	372.222222222222	395.917987022621	3.30500582695087	0.8832099	8.56236958440827
HS07P057	369	519.518518518518	533.771329827521	3.99782410108573	0.95676558	23.1297193301078
HS07P058	369	484.734693877551	484.976344935976	4.24781722366552	0.96879556	32.0467215562913
HS07P059	305	411.046511627907	407.211948121766	3.63092156652166	0.94269952	17.4518607872046
HS07P061	189	306.037037037037	303.71677301506	1.73486786873863	0.53668672	2.15836679665215
HS07P063	308	446.133333333333	442.509036626461	2.93719956368028	0.82303652	5.65088344781646
HS07P064	351	526.055555555556	539.432085472035	3.20089721906241	0.88234378	8.49933815653775
HS07P066	280	425.7	390.316203176073	3.07297735558811	0.83555526	6.08107015159013
HS07P068	335	436.217391304348	428.865722848929	4.08609100856753	0.96581522	29.2527844262856
HS07P071	492	655.774647887324	646.816138459768	4.13286723093739	0.93209064	14.7255105923543
HS07P072	466	617	626.496228253083	3.93410997973448	0.9363622	15.7139310284139
HS07P073	386	488.238095238095	504.712430142642	4.02688027237118	0.94341092	17.6712538885594
HS07P074	317	443.294117647059	465.524442937938	3.74517027063549	0.95278742	21.1807954574819
HS07P075	419	550	561.510648665661	4.20984083305542	0.9676422	30.9044496226567
HS07P077	373	574.444444444444	603.630157845771	3.90978471887126	0.94655172	18.7096759708638
HS10P003	365	433.018181818182	441.638619900898	4.14728960627692	0.95039048	20.157421398151
IE03P013	406	597.25	549.582925240563	3.48330376160591	0.89121104	9.19210919931581
IE03P020	485	644.078947368421	652.311103113553	4.17731753931765	0.94510556	18.216781153064
IE03P027	415	591.448979591837	564.316425643147	4.27980359820777	0.9671615	30.4520608432176
IE03P052	384	548.454545454545	560.181634862984	3.98660473485557	0.9548435	22.1452061165059
IE03P053	452	621.677966101695	594.268953944675	3.93577235176256	0.93410804	15.1763583903104
IE03P062	258	331	326.332356343375	3.22740469968193	0.90697408	10.7496921288174
IE03P069	450	561.567567567568	565.843477057442	4.13226809622627	0.9577287	23.6567127105152
IE03P070	482	629.105263157895	589.713388758223	4.52403826501192	0.97253882	36.415041159921
IE07P013	440	581.044117647059	586.017899392403	3.96495711693748	0.9403027	16.7511763513593
IE07P020	480	593.310810810811	606.482634984917	4.70165924675445	0.97972062	49.3111722350486
IE07P027	370	566.9375	566.154948594227	4.05699236684667	0.95604398	22.7500123987568
IE07P052	404	509.35593220339	517.018850768781	4.23590884644953	0.96356882	27.4490148274088
IE07P053	399	553.468085106383	524.613494827529	3.92098933650018	0.9353131	15.4590805866412
IE07P062	270	347.142857142857	354.81599403304	3.52379066221508	0.9391189	16.425458804128
IE07P069	467	618.033898305085	603.294842811659	4.55514940546843	0.97285366	36.8373784458605
IE07P070	270	359.146341463415	372.248220011481	2.96482467382125	0.8216267	5.60622021345123
IG00P013	482	627.430769230769	621.595855426357	4.73197531041778	0.97936348	48.457782610634
IG00P020	513	625.147058823529	611.295680316933	4.8091081874864	0.97896426	47.538142228417
IG00P052	433	586.637931034483	572.570545805487	3.81991440636434	0.9037082	10.3851002889135
IG00P053	369	470.181818181818	479.659730469085	4.03868997593574	0.94730536	18.9772622035182
IG00P062	269	353.090909090909	344.061249556214	3.58015507785285	0.93489562	15.3599496685169
IG00P069	437	572.283783783784	585.383069486477	4.0352267483649	0.96089092	25.56950968931
IG00P070	513	606.428571428571	596.365515348136	4.90690253357102	0.97974306	49.3657975982552
IS00P013	437	553.45	572.47041940298	3.51147476315382	0.89045734	9.12886358611339
IS00P020	478	634	623.481326392635	4.19033710981125	0.93719568	15.9224715752037
IS00P027	366	495.642857142857	501.158640762682	3.59247783022009	0.90050178	10.0504310529374
IS00P033	595	719.322916666667	736.931882198803	4.95403282127065	0.98184604	55.0844003181675
IS00P038	495	630.042857142857	622.091500067484	4.20626424601069	0.95727152	23.40359404313
IS00P039	362	492.634146341463	476.685589564712	3.90617470118677	0.9376713	16.0439733220812
IS00P043	379	531.52	520.568618603013	3.78140119938236	0.93276948	14.8741970164741
IS00P052	362	498.418181818182	494.67786314377	3.10961853061967	0.85389834	6.84454919950944
IS00P053	411	497.884057971014	514.0352736441	4.28790090970595	0.9689892	32.2468301365976
IS00P062	278	373.357142857143	374.173688285229	2.63821731348565	0.7974815	4.93782049541153
IS00P069	292	365.88679245283	390.501151781565	3.71011140546035	0.94844038	19.3950226941161
IS00P070	341	481	483.365107913669	3.55455394588948	0.90308824	10.3186651444572
IS00P081	314	405.538461538462	394.391972093556	3.64247100742316	0.92783662	13.8574440387909
IS00P083	309	402.12	412.957349917178	3.70740097697227	0.94287238	17.5046676196208
IS03P020	495	690.258620689655	653.470581772014	4.50675090967474	0.9648112	28.4181330423317
IS03P027	394	501.053571428571	497.597372065759	3.93887156767451	0.93827142	16.1999514649454
IS03P033	532	634.272727272727	630.81615060241	4.8059784728652	0.9804977	51.2760033431954
IS03P038	479	657.134328358209	633.218082624303	3.83369553163056	0.91673396	12.0096980713866
IS03P039	419	593.725490196078	573.598746807011	4.14182083089432	0.96050674	25.3207762539735
IS03P043	425	579.21875	584.04158714256	3.65197582930013	0.9083281	10.9084681347283
IS03P052	387	548.052631578947	566.092888042328	3.96938039907382	0.94887	19.5579894386857
IS03P053	329	430.651162790698	417.948671149629	3.32680274526391	0.87055246	7.72513714822236
IS03P062	260	416.162162162162	408.076508280452	2.81138264601307	0.85071574	6.69862984885346
IS03P069	527	665.265060240964	670.651214830644	4.18219140574104	0.93914752	16.4331839885572
IS03P070	309	436.833333333333	469.389005550621	2.98444008544283	0.85493166	6.89330283919979
IS03P081	376	486.714285714286	517.051026221613	3.91865685781759	0.95568686	22.5666698410449
IS03P082	316	462.653846153846	487.412989039911	3.33569156813701	0.92092428	12.6461067948543
IS03P083	404	592.058823529412	570.043281739702	3.9743336331986	0.95304762	21.2981748742023
IS07P013	426	593.758620689655	589.708588432885	3.70180551254788	0.90270968	10.2785148614991
IS07P020	458	612.967213114754	602.117981466649	4.14142664532164	0.93808648	16.1515610806816
IS07P027	420	530.164179104478	539.220802438933	4.19687712361652	0.95527008	22.3564003691489
IS07P033	543	659.406976744186	669.401230555848	4.6772474380903	0.97512746	40.2049810755154
IS07P038	437	576.041666666667	593.453963732541	3.95646001179072	0.9467296	18.7721511383432
IS07P039	417	544.1	544.94164287119	4.18330571843073	0.95517902	22.3109802596909
IS07P043	411	592.571428571429	530.224730293787	3.95605600616281	0.94416674	17.9104712853951
IS07P052	457	644.924242424242	658.056701629651	4.24189026802172	0.95623458	22.8490895323294
IS07P053	257	410.028571428571	423.662701971254	3.10884783676006	0.85002126	6.66761168949679
IS07P062	250	348.275862068966	325.833799772756	3.51572676360114	0.93729422	15.9474931975968
IS07P069	589	738.259259259259	727.636208987809	4.76250293615613	0.97395346	38.3928153221119
IS07P070	472	597.220588235294	583.323161269257	4.09635301438761	0.93755308	16.0136000302337
