	Aerobic	Anaerobic	Contains_Mobile_Elements	Facultatively_Anaerobic	Forms_Biofilms	Gram_Negative	Gram_Positive	Potentially_Pathogenic	Stress_Tolerant
HS00P003	0.105588349877697	0.513506727561566	0.267247714141236	0.253851137363296	0.293632214144498	0.729786160277504	0.270213839722497	0.248949636586052	0.248949636586052
HS03P003	0.394881335159885	0.323631801826285	0.594418808356383	0.133084947288626	0.476243640948949	0.719721929919864	0.280278070080136	0.451596883945722	0.451596883945722
HS10P003	0.273895117799562	0.481422549803296	0.314614147081938	0.181837983214492	0.467554522949407	0.805678169340153	0.194321830659847	0.37583860677189	0.37583860677189
HS00P004	0.175262487702959	0.544168398577796	0.247857884680471	0.122759006933725	0.279340265729992	0.781617205604984	0.218382794395016	0.216987970861264	0.216987970861264
HS03P004	0.410719829477157	0.327779389463358	0.597836987783286	0.156587243280838	0.523918424525792	0.77233626653258	0.22766373346742	0.518480141789965	0.518480141789965
HS07P004	0.37635324491357	0.238519787869773	0.673338919535609	0.158657095994424	0.471046786332239	0.599685178199712	0.400314821800287	0.429546646257587	0.429546646257587
HS03P005	0.367313054508763	0.361164758468271	0.587697365640863	0.145585355890183	0.470390983586504	0.722378818960743	0.277621181039257	0.455626324760218	0.45502302367461
HS00P010	0.433148652820038	0.324495338889624	0.515539798033249	0.178942188120122	0.604659734532787	0.811138898443357	0.188861101556643	0.56608673104908	0.563641963222648
HS03P010	0.404383928482212	0.415165821212192	0.533887613953163	0.0712753095096142	0.434915415693811	0.755207388927933	0.244792611072067	0.414640495881532	0.414640495881532
HS07P010	0.322901940329456	0.449546331734382	0.445509076246382	0.169794380978794	0.488384570861329	0.803552133457161	0.196447866542839	0.43862056387294	0.43862056387294
HS00P011	0.294042068357419	0.446980789634472	0.241451101219034	0.110729143537359	0.364362716420864	0.564906973909744	0.435093026090256	0.140190430226951	0.140190430226951
HS03P011	0.220894122657638	0.266972767395847	0.583930963800573	0.194409805087068	0.297297919851233	0.487896041593609	0.512103958406391	0.262935422456951	0.261389912936297
HS07P011	0.310888471553061	0.332333498400148	0.437189588150194	0.156251714622859	0.36567861560569	0.580330037553279	0.419669962446721	0.293287672564854	0.293287672564854
HS00P012	0.0981981947761841	0.453787195749619	0.432183247586526	0.153334215030824	0.13463002718644	0.465852840314801	0.534147159685199	0.0875625749111943	0.0875625749111943
HS03P012	0.0514989548775852	0.323173838096203	0.60792784092583	0.279145586378703	0.065957140280649	0.259722350961376	0.740277649038624	0.0542527751970068	0.0542527751970068
HS07P012	0.114114782683036	0.563551876265671	0.307702761189112	0.156468570390463	0.204156655582489	0.6576479043068	0.3423520956932	0.166317874260189	0.166317874260189
HS00P014	0.159756006263801	0.572182511472395	0.214725748342945	0.107089559857227	0.265813715645458	0.62615474137691	0.37384525862309	0.171393442065099	0.171393442065099
HS03P014	0.265314005647252	0.365794856728293	0.375018431337797	0.194867502122591	0.407285498756597	0.719403611549398	0.280596388450602	0.343945677837498	0.343945677837498
HS07P014	0.290057577369408	0.450753958844678	0.355858787175796	0.150505134656939	0.401868249602528	0.689613527273659	0.310386472726341	0.334264506345279	0.334264506345279
DS03P016	0.27898906309815	0.381933346156855	0.384234588816554	0.222097409132186	0.438914752176629	0.704174585317169	0.295825414682831	0.386801875458916	0.385532120087114
DS07P016	0.0492052669935163	0.535373883976005	0.379058274157275	0.217372193806679	0.121448150320385	0.572491733694094	0.427508266305906	0.10584808428836	0.10584808428836
DS10P016	0.187722325542567	0.461637104422858	0.422516504845363	0.204664865259706	0.242788623193279	0.593146141217011	0.406853858782989	0.20059662668092	0.20059662668092
DS03P017	0.189191630358153	0.596266013315446	0.269042858969431	0.107681738398057	0.240035409842732	0.673918203106885	0.326081796893115	0.210354641930869	0.210354641930869
DS08P017	0.21331802534017	0.517079628416407	0.331046520663296	0.14578831768672	0.296494464813121	0.671152102330203	0.328847897669796	0.255088386907745	0.254215104155899
HS00P019	0.333989696227933	0.286242959198387	0.292380968342129	0.226917128982717	0.526079677289998	0.605136146925543	0.394863853074457	0.301950896412625	0.301950896412625
HS03P019	0.41840599125705	0.37901474568519	0.520349590474926	0.121474806193686	0.470626307573069	0.755388186524773	0.244611813475227	0.432746180249002	0.431574473043343
HS07P019	0.438906771950566	0.412252878527944	0.463148810985453	0.109812558355425	0.48467063516896	0.763522247962122	0.236477752037878	0.444406382706813	0.444406382706813
HS03P024	0.392527607355441	0.405717578601156	0.419306888322911	0.0888995917837916	0.43292798776893	0.846880806076834	0.153119193923166	0.417968742939678	0.416852381385256
HS07P024	0.271331610734632	0.467996048705989	0.298940087484438	0.0915447578833544	0.340982093786276	0.782655982814251	0.217344017185749	0.281653176188353	0.281653176188353
HS00P025	0.292256597547069	0.538693189690175	0.212768607363641	0.112312990178203	0.379886474984103	0.749872058147143	0.250127941852857	0.285384411719286	0.285384411719286
HS03P025	0.440452401645381	0.363547739499093	0.373129255028988	0.133277745341565	0.567515638817617	0.806574940549809	0.193425059450191	0.470203442758849	0.470203442758849
HS07P025	0.445165190211205	0.423135365237014	0.42296160833217	0.092304768973457	0.536987903331223	0.874191552162461	0.12580844783754	0.487889621962363	0.487889621962363
HS03P026	0.254772941074336	0.614443497206609	0.198312538235706	0.0770831842461199	0.365672219468919	0.582033472902268	0.417966527097732	0.173983030305495	0.173983030305495
HS07P026	0.266462334939931	0.607180936802738	0.24490078530082	0.0924136288203019	0.281180571546542	0.701510731385829	0.29848926861417	0.179264564590794	0.179264564590794
HS00P029	0.506977239788274	0.301772348872054	0.527570916709843	0.0916499796955736	0.570115253875345	0.721442633869183	0.278557366130817	0.461672988461485	0.461672988461485
HS03P029	0.307379724931771	0.473267167841857	0.245954365945604	0.0273687704462134	0.332205240609943	0.756445603353927	0.243554396646073	0.22016248322937	0.22016248322937
HS07P029	0.361537220638701	0.448971868727618	0.443870629869217	0.0923287399126749	0.41840151295137	0.799352446699451	0.200647553300549	0.391817643505545	0.391817643505545
DS00P030	0.173202240322157	0.753630898340049	0.187924840469396	0.0453332258089691	0.212735653951911	0.879541061733726	0.120458938266274	0.179848806869766	0.179848806869766
DS03P030	0.27503000670903	0.607317541750386	0.308029986448305	0.0652194186263889	0.320635318870049	0.874193684200241	0.125806315799759	0.298949158080645	0.298949158080645
HS03P031	0.198995921588171	0.48983976521391	0.391367267330133	0.130698775437248	0.257029663139879	0.655600227192976	0.344399772807024	0.231148877562084	0.231148877562084
HS07P031	0.317498114316155	0.47109622716612	0.429453974380765	0.115472002007052	0.371532663193786	0.662877333618607	0.337122666381393	0.320368046388094	0.320368046388094
HS00P034	0.183869923107289	0.747294908447112	0.167018518389685	0.0463975238495773	0.214675930985745	0.786560954804465	0.213439045195535	0.172135049121972	0.172135049121972
HS03P034	0.334559761297101	0.592218687510285	0.308901462307829	0.046336692690934	0.369146529529841	0.825369576035837	0.174630423964163	0.30759755219554	0.30759755219554
HS07P034	0.144865425330702	0.75290744137589	0.131651385175126	0.0689619075488687	0.202411904055894	0.840448078291069	0.159551921708932	0.130043535651154	0.130043535651154
HS03P035	0.416991828713649	0.275079454386986	0.548928432422053	0.164966980763155	0.540167174350138	0.732650358088831	0.267349641911168	0.502896856474018	0.502245671023637
HS07P035	0.31954007569292	0.243782137817446	0.485176353402211	0.269350535008168	0.532063098506418	0.717554826226746	0.282445173773254	0.497344168928794	0.49658862745612
HS00P036	0.542324977898762	0.199807061617207	0.189303442966738	0.189086653747799	0.54963105612146	0.361633275496061	0.638366724503939	0.119093298196587	0.119093298196587
HS07P036	0.171871896948512	0.656884961403718	0.218946769970834	0.0935064530490868	0.205730188172287	0.788526383969076	0.211473616030924	0.164842921505534	0.16388888528331
DS00P037	0.479228828193989	0.282286305601181	0.493170281688716	0.158136704903022	0.584663660954037	0.644262856502759	0.355737143497241	0.45547377970954	0.454100705436955
DS03P037	0.345794838508515	0.342277131644851	0.437033889265326	0.187358755140741	0.496316675239066	0.77121129086519	0.22878870913481	0.435795965660306	0.425185191902991
DS07P037	0.290715410358802	0.406651273531878	0.410024110972384	0.189612306253005	0.453991645163108	0.729128584003575	0.270871415996425	0.394578060629055	0.391216600032755
HS00P040	0.306767218416688	0.518677764637874	0.346832002760639	0.107774499098888	0.387517427164841	0.768341815498118	0.231658184501882	0.350878505426193	0.350878505426193
HS03P040	0.263164438458649	0.646241258486691	0.269440115271374	0.030907943522941	0.270738531163662	0.75412559552732	0.24587440447268	0.230123831151273	0.230123831151273
HS07P040	0.129404944825048	0.723007372678945	0.164278674834993	0.0689654825377232	0.160120456737247	0.729679215627271	0.270320784372728	0.118318124441602	0.118318124441602
HS00P041	0.346210911768751	0.344818418686627	0.389532732565078	0.226027255421632	0.524689909039666	0.649808877840662	0.350191122159337	0.450651843093214	0.450651843093214
HS03P041	0.201676916343351	0.581573949748147	0.231211192795306	0.122421198655796	0.281587302764816	0.790168470560308	0.209831529439693	0.255771470538052	0.254575262794786
HS07P041	0.198892177538398	0.608804741668157	0.24243366373464	0.128616830125498	0.303890144021215	0.753384293946012	0.246615706053988	0.282711500998147	0.282711500998147
HS00P042	0.222520567127159	0.40296589818552	0.3820403714233	0.208095316873698	0.34384363324753	0.610567453958971	0.389432546041029	0.294388684211229	0.294388684211229
HS03P042	0.234177785996886	0.592029975048123	0.284291066972879	0.10391605091677	0.307453769792286	0.762753105775371	0.237246894224629	0.2818368735726	0.2818368735726
HS07P042	0.261033795846344	0.532355565576189	0.302746906147948	0.111037809287927	0.351909230848935	0.785345801906752	0.214654198093248	0.32628991011892	0.32628991011892
HS00P044	0.133786315216113	0.30887484320664	0.41333774873955	0.306020445829451	0.344264587053079	0.623671032181753	0.376328967818248	0.327763526887087	0.327763526887087
HS03P044	0.451508283081043	0.38240576228532	0.488658205164054	0.0780159793609276	0.430577340902898	0.777599503617247	0.222400496382754	0.392087267027184	0.392087267027184
HS00P045	0.206917408936004	0.356043850653193	0.467406156921169	0.156368621869309	0.242464817359784	0.473526023655987	0.526473976344013	0.163544322007391	0.163544322007391
HS03P045	0.341715209810455	0.432641807300087	0.478125535941226	0.0925904888663478	0.384204996694571	0.688540916959709	0.311459083040291	0.355295319190104	0.355295319190104
HS07P045	0.165856583538659	0.539162319461903	0.241888944215262	0.184103147030923	0.305238940706307	0.709542351171394	0.290457648828606	0.259923299505739	0.259071124837144
HS00P046	0.00507829513341277	0.961157087818837	0	0.0108034683373912	0.00477601566118582	0.697961487695196	0.302038512304804	0.00371199191894695	0.00371199191894695
HS03P046	0.0599178658095845	0.839568534142583	0.00187443934180401	0.0634035526678022	0.0475157534521689	0.511665450359729	0.488334549640271	0.0475157534521689	0.0475157534521689
HS07P046	0.0257298909963035	0.947338901312848	0.0032976628734885	0.0222389229383145	0.06976640083526	0.801339580970347	0.198660419029653	0.0174769070918288	0.0174769070918288
HS00P047	0.123861589730419	0.515879703262233	0.151205237950146	0.327312328145049	0.321909110100432	0.865624117627353	0.134375882372647	0.297955687145954	0.297955687145954
HS03P047	0.0612360655342955	0.538493438945201	0.0662326074189617	0.351256225610923	0.119345780764852	0.59788004821295	0.40211995178705	0.0737334401759425	0.0737334401759425
HS07P047	0.185465305824869	0.780335221582718	0.015611415884405	0.0222327265073898	0.252441529839659	0.658419589601515	0.341580410398486	0.00674649082745491	0.00674649082745491
HS00P048	0.00584475336546752	0.962933016027593	0.00254578174939178	0.00802398271307311	0.0113581031895941	0.827536736297755	0.172463263702245	0.00165701770670471	0.00165701770670471
HS03P048	0.15256870853441	0.436202800134828	0.320724779466774	0.273235939722288	0.29562386444914	0.538018037274843	0.461981962725158	0.143012405764693	0.143012405764693
HS07P048	0.16731674202109	0.512378951330332	0.434251298137813	0.225297166575155	0.415480530005794	0.711313185864349	0.288686814135651	0.404901468428834	0.404901468428834
DS00P049	0.29284558718705	0.55292932325668	0.297658167620031	0.141500990514687	0.315824403711709	0.859377345633852	0.140622654366149	0.301990439771852	0.301990439771852
DS03P049	0.167705506648266	0.810551247144893	0.103701663347524	0.0196244147899334	0.23026148181412	0.799338737218275	0.200661262781724	0.0964925916933304	0.0964925916933304
DS07P049	0.0410617708885294	0.897888839149919	0.0350170899737505	0.0495882220004778	0.0782734952354422	0.631289677967833	0.368710322032167	0.0500182517087326	0.0500182517087326
DS10P049	0.153720326847564	0.65674363219557	0.129135846195295	0.0802038610442621	0.185932926259253	0.719329444684598	0.280670555315402	0.11843780908365	0.11843780908365
HS00P050	0.734701993900736	0.195513887945764	0.747460368202266	0.0512068465523183	0.763989778677892	0.895081438323944	0.104918561676056	0.745182750403573	0.745182750403573
HS03P050	0.00733026023843217	0.843587260297888	0.00188113907323621	0.050561132367499	0.208481874401794	0.616854646522329	0.383145353477671	0.0317387020865851	0.0317387020865851
HS07P050	0.00579042921672749	0.981694002614832	0.00507150513981919	0.00713502326705373	0.0134567840036682	0.582510673102542	0.417489326897458	0.00656031774554332	0.00656031774554332
HS00P051	0.0132421361933782	0.946133683281173	0.00226580538579192	0.0384599088715671	0.01284668902699	0.610150930274191	0.389849069725809	0.00624165257218151	0.00624165257218151
HS03P051	0.254894376896222	0.51948398247381	0.322634407015464	0.206169041026764	0.375599132253236	0.54310374927622	0.45689625072378	0.332972464960298	0.332972464960298
HS07P051	0.0366844810564461	0.912608483941698	0.051083715354974	0.0405266206582507	0.0874442513077385	0.469071673063456	0.530928326936544	0.076431791917468	0.0759672194819557
DS00P054	0.011380311110933	0.764620712073002	0.00317917865438448	0.195155369492358	0.259150043268114	0.710688683143819	0.289311316856182	0.194809522881762	0.194809522881762
DS03P054	0.409979014568822	0.549988832586513	0.411561995430667	0.0287118853851129	0.420753707348623	0.819793542443151	0.180206457556849	0.420753707348623	0.420753707348623
DS07P054	0.36218144796732	0.591677946741241	0.36577029521656	0.025990793742663	0.381099681887146	0.868024173465778	0.131975826534222	0.380003277412593	0.380003277412593
DS10P054	0.289656411433439	0.663495520761166	0.0722277839666571	0.036671516449813	0.341670403647794	0.577254750859859	0.422745249140141	0.0756702110484901	0.0756702110484901
HS00P055	0.0309571549965396	0.946907505231756	0.00868762667136636	0.015114248361163	0.0702036996670537	0.556826945721142	0.443173054278858	0.0106773687706546	0.0106773687706546
HS03P055	0.00720668024941596	0.976064479579023	0.00694510444777049	0.00946210425339984	0.0112157297807577	0.605972374201724	0.394027625798276	0.00865335458096539	0.00865335458096539
HS07P055	0.0145055347843634	0.960798662267348	0.0122439191459411	0.00488716942555613	0.0147394950228209	0.604360238977386	0.395639761022614	0.0147394950228209	0.0147394950228209
HS00P056	0.135275564355795	0.563668959974635	0.130956701640973	0.271857035674852	0.402324754215231	0.769637928022301	0.230362071977699	0.324001568873067	0.324001568873067
HS03P056	0.0482047281901986	0.922265190263737	0.0531264084478759	0.0158558320563406	0.0613242109791329	0.691110613304584	0.308889386695416	0.0591501252598238	0.0591501252598238
HS07P056	0.0749264397957416	0.75082138573831	0.0673445862539987	0.0264175413132086	0.0880872483221477	0.876134784000491	0.123865215999509	0.0880872483221477	0.0880872483221477
HS00P057	0.0194760027822861	0.961903667952163	0.00796113875198444	0.0144630662863358	0.0276932479928755	0.907075472701477	0.0929245272985236	0.00509234935133169	0.00509234935133169
HS03P057	0.00533514516344005	0.952482355338286	0.00614345987036325	0.0386596951039224	0.0287266735810352	0.660314696965287	0.339685303034713	0.0287266735810352	0.0287266735810352
HS07P057	0.0289450535458967	0.8079536686957	0.0300927659087187	0.148424853367884	0.126500604385771	0.658016849930953	0.341983150069047	0.109457286001593	0.109457286001593
HS00P058	0.148672763560583	0.314554807718239	0.157134897056888	0.506830526401264	0.616304929777452	0.832130081741725	0.167869918258275	0.551776906559012	0.551776906559012
HS03P058	0.532618966743239	0.193852399896175	0.582506307899595	0.234589958161902	0.734606050628521	0.862941272221787	0.137058727778214	0.720634547955666	0.720634547955666
HS07P058	0.279552042272362	0.655638165830943	0.275363413086567	0.0262748685322131	0.313275042380093	0.784918526145417	0.215081473854583	0.287645562298217	0.287645562298217
HS00P059	0.0773477216451619	0.757094841925668	0.0254070328830079	0.0569674485090425	0.136533482100089	0.707720736163733	0.292279263836266	0.0403425853600501	0.0403425853600501
HS03P059	0.0389474507482124	0.890535788150461	0.0363224211007139	0.0319509383045851	0.0605587681994031	0.572378322547291	0.427621677452709	0.0553277308583733	0.0548640707304184
HS07P059	0.148386566585053	0.782098835145092	0.0598782122209502	0.0645956494663388	0.218252518340873	0.556400969125427	0.443599030874573	0.0211501019983106	0.0211501019983106
DS00P060	0.0108759094679709	0.95275342945483	0.0104969881540602	0.0281876962141959	0.0328302054418803	0.664756702144914	0.335243297855086	0.023342709948544	0.023342709948544
DS03P060	0.0150978690102388	0.97442605861531	0.00248974945207551	0.00310244739689637	0.142581540812387	0.818367186792074	0.181632813207926	0.00273766191529782	0.00131393605507826
DS07P060	0.0487867666243412	0.889476961611383	0.0444730479553321	0.0441112521959959	0.0664090031483189	0.670587048407577	0.329412951592423	0.0615665060618184	0.0615665060618184
HS00P061	0.156028255358033	0.773107340075254	0.149120710100938	0.049908109759246	0.193722812580244	0.808457831237327	0.191542168762673	0.170137853615743	0.170137853615743
HS03P061	0.751727939436448	0.0525146620861103	0.665370645366652	0.172449298771342	0.907464008008145	0.794175483846173	0.205824516153827	0.761218573173782	0.761218573173782
HS07P061	0.0200749760694387	0.925587776536228	0.0173440318514818	0.0457159528177044	0.0608923143808373	0.910095836654374	0.0899041633456259	0.0484789315719423	0.0484789315719423
HS00P063	0.015069329138232	0.966577102708185	0.0199758072798094	0.011268200205211	0.0206676445542296	0.475494192202165	0.524505807797836	0.0186000848835487	0.0186000848835487
HS03P063	0.0525347763998284	0.897985445938611	0.0319062678622043	0.0199046390292066	0.282960661738473	0.563762122117607	0.436237877882393	0.0345536025776115	0.0345536025776115
HS07P063	0.0705853837656207	0.462878582678226	0.132966621488016	0.422025912899636	0.438474083733977	0.800426288277772	0.199573711722228	0.433108579472389	0.433108579472389
HS00P064	0.0685821083723581	0.468482973372237	0.06178401452185	0.460609853174125	0.418779803895604	0.743234430831983	0.256765569168017	0.4010371688938	0.4010371688938
HS03P064	0.0886201413683859	0.754617462092472	0.0687680818011697	0.0291169426989416	0.190472045779794	0.784986373409574	0.215013626590426	0.0657283524534485	0.0657283524534485
HS07P064	0.0836142567654914	0.515562677767958	0.0638081203304476	0.363877579499215	0.336757255615163	0.675547062296655	0.324452937703344	0.302114994590803	0.302114994590803
DS00P065	0.483400149182945	0.187960559877799	0.272202529822804	0.17022878077326	0.572459160234005	0.422928895103754	0.577071104896246	0.216695674461493	0.216695674461493
DS03P065	0.181547350614746	0.106442934636186	0.498330404588043	0.479074612346103	0.373579507700647	0.565865978349797	0.434134021650203	0.316818637538686	0.316818637538686
DS07P065	0.105939553796927	0.0743755810643942	0.396096408389124	0.286417024757762	0.134354617734495	0.560483278022213	0.439516721977787	0.10099965673521	0.10099965673521
HS03P066	0.0471577969062697	0.809911598310438	0.0492708449781133	0.124494479552314	0.148094859199541	0.630734328044138	0.369265671955863	0.12342918768207	0.12342918768207
HS07P066	0.220724657443679	0.175146898398374	0.63377464835292	0.563836754764384	0.248647749623973	0.249846076924348	0.750153923075652	0.123168418703823	0.123168418703823
HS03P067	0.0842404663314654	0.742484356997956	0.0838599013418072	0.150063336887565	0.146399414642304	0.666279186100842	0.333720813899158	0.0787025895854048	0.0787025895854048
HS00P068	0.411623126329351	0.203058385039777	0.327591638074812	0.146348497761397	0.458413788874178	0.411039889175768	0.588960110824231	0.16550058546475	0.16550058546475
HS03P068	0.27263718511704	0.458077147083448	0.362194823989843	0.191172715309514	0.390011300874618	0.673214307381583	0.326785692618416	0.336920630245751	0.336920630245751
HS07P068	0.0196246245192253	0.926614790068247	0.0258703351424087	0.0403756238664031	0.0369844040823798	0.657635833190692	0.342364166809308	0.0079980172347228	0.0079980172347228
HS00P071	0.0754072307827729	0.856240499412142	0.0766758942171023	0.0339334867199854	0.107151760769517	0.496309146159835	0.503690853840165	0.0791778251896491	0.0791778251896491
HS03P071	0.111452206647787	0.722524722428526	0.155940984686644	0.138351248671483	0.162916224830587	0.302396878327309	0.69760312167269	0.0937456550166892	0.0937456550166892
HS07P071	0.406261982084165	0.427889922654811	0.151601564380909	0.105961304221439	0.476138376018533	0.460849013701709	0.539150986298292	0.123581990002372	0.123581990002372
HS00P072	0.227822041630993	0.697666036353245	0.237455337766093	0.0646404994593448	0.277806942251096	0.537921091398333	0.462078908601668	0.276205000871326	0.276205000871326
HS03P072	0.01892953999482	0.954975833317726	0.020422159803871	0.024333412054152	0.0223956922506282	0.364800374205578	0.635199625794422	0.0223956922506282	0.0223956922506282
HS07P072	0.271511532459516	0.486887319844226	0.330328855549152	0.215518433492518	0.341607042047261	0.52847801526651	0.47152198473349	0.247444573757533	0.247444573757533
HS00P073	0.188159104966214	0.595660398479458	0.184397470440063	0.0539793522787241	0.302361751419511	0.696142261179797	0.303857738820202	0.17899953521219	0.178365030211208
HS03P073	0.0181734924245696	0.922745953617983	0.0144318910430406	0.0374661245480787	0.0427388872092514	0.45936564425659	0.54063435574341	0.0393759002532342	0.0393759002532342
HS07P073	0.0901672143946635	0.615961631971791	0.102122001641716	0.251775509465307	0.319639644223027	0.736551475832623	0.263448524167377	0.28885208017603	0.28885208017603
HS00P074	0.540251959900117	0.3839023898143	0.522206030095693	0.0555221595569713	0.572465769521263	0.774706605342294	0.225293394657707	0.529449036551679	0.52628659711315
HS03P074	0.162676095684309	0.619765689975815	0.164529248844653	0.188886636283094	0.32852123524388	0.548454221108335	0.451545778891665	0.298520357259732	0.283729995929346
HS07P074	0.0247680298517845	0.904839073084302	0.0410982223790262	0.0616451916230347	0.0404327913089235	0.628800946046331	0.371199053953669	0.0376054232428219	0.0376054232428219
HS00P075	0.00520531478341247	0.964731400054142	0.0126182222309455	0.0259073286580798	0.078058983445277	0.646269900904227	0.353730099095773	0.0309913243519187	0.0309913243519187
HS03P075	0.062669577066165	0.361883767571015	0.0719184903339391	0.554372076796913	0.583592387750265	0.721257719147644	0.278742280852356	0.534801316968546	0.534801316968546
HS07P075	0.326168878044579	0.492012557909438	0.126679996758462	0.159354703299215	0.37974472546442	0.540679712615246	0.459320287384753	0.107263724575031	0.107263724575031
DS00P076	0.00824856924084694	0.94830520605913	0.00779642544542274	0.038023319178605	0.036030502450332	0.601930762778803	0.398069237221197	0.0337744835126645	0.0337744835126645
DS03P076	0.0290295929160854	0.146331287931712	0.406712660373202	0.702748055308853	0.523461542612666	0.798704328456793	0.201295671543206	0.518483910820105	0.518483910820105
DS07P076	0.0623715254999346	0.828349198312488	0.0247501632586679	0.0309971801303052	0.124206896105814	0.328768556322541	0.671231443677459	0.0177093586218067	0.0165604552774038
HS00P077	0.0451785385953312	0.901415769319935	0.0288041734188939	0.0361965060864262	0.0581473829908969	0.495948092645697	0.504051907354303	0.0548080997034159	0.0517931517283989
HS03P077	0.0883167069138018	0.778212014928028	0.0588225649995711	0.109864916704859	0.184380292874696	0.63991944813181	0.360080551868191	0.157070972762042	0.157070972762042
HS07P077	0.0670329440499476	0.791712149312723	0.0379079424748613	0.0641647931258948	0.147606563842436	0.759290703249718	0.240709296750282	0.0425591560187587	0.0425591560187587
HS00P082	0.138107671685467	0.783264401771523	0.0597856903819246	0.0433226060209181	0.0975841795635231	0.611534651318459	0.388465348681541	0.0825928628296419	0.0820227785324985
HG00P003	0.102680016839106	0.76837272509449	0.0725656682882925	0.0360687890202631	0.210837040164171	0.799808463324935	0.200191536675065	0.127412638249515	0.126712490648028
HE03P003	0.435648965501874	0.371767836551456	0.433717632438094	0.13078173061663	0.544753804363819	0.818614927670267	0.181385072329733	0.484456204888004	0.484456204888004
HE10P003	0.114384435999342	0.846850206400272	0.0806561315075538	0.0251228626864693	0.124971827684243	0.817177271448282	0.182822728551718	0.114600648713478	0.114600648713478
HE03P004	0.0691033983545508	0.764427088532155	0.0858984243091023	0.0404296979389542	0.0926271079099047	0.545412960427983	0.454587039572017	0.0897114968709653	0.0897114968709653
HE07P004	0.177939152453319	0.748656706954028	0.199488021347146	0.0348473037261161	0.233310776397467	0.557461419056589	0.442538580943411	0.195019563261692	0.194191645139837
HE03P005	0.328278362723862	0.511214365326427	0.315376561779368	0.100907960325021	0.406130194476327	0.828331021919593	0.171668978080408	0.370285501386635	0.370285501386635
HG00P010	0.510441450128199	0.298945862587239	0.392121871945247	0.118569185578074	0.647425988570899	0.613198007225324	0.386801992774676	0.400280630028515	0.400280630028515
HE03P010	0.108252673217146	0.785332067584896	0.130402116004063	0.0518437163641211	0.122760275296986	0.580214002556574	0.419785997443426	0.109693963409443	0.10924356022435
HE07P010	0.102211871096483	0.827698322694876	0.0609903767087592	0.0419255995540875	0.125058115749183	0.686139551311534	0.313860448688466	0.0807242724376773	0.0807242724376773
HG00P011	0.240495692013553	0.494539005188579	0.225643100924364	0.146710796084512	0.33291111693814	0.618710184934745	0.381289815065255	0.173138728932367	0.172549051995218
HE03P011	0.208835077559607	0.550673123325512	0.293713691147143	0.0957130482839318	0.230892117218312	0.582629293016876	0.417370706983124	0.221867508870023	0.221867508870023
HG00P012	0.135173250608815	0.672818709493645	0.210336743830743	0.0703385654103538	0.179192248802397	0.602891666230269	0.397108333769731	0.164228198116891	0.164228198116891
HE03P012	0.0580207794505969	0.775978419797144	0.167473717317522	0.0744429526495014	0.0652386349562322	0.581530456651499	0.418469543348501	0.0613785777507165	0.0613785777507165
HE07P012	0.0389850296917689	0.842236091774817	0.0565864339921656	0.0277301679016334	0.0699343695899282	0.63525708076312	0.364742919236881	0.0391992331516138	0.0391992331516138
HG00P014	0.0646219996842813	0.857109035046358	0.0536324592927997	0.0271274812938035	0.17800996458851	0.692907743953358	0.307092256046642	0.0505844060656754	0.0505844060656754
HE03P014	0.109380434829803	0.701243838817632	0.106146637225819	0.13632199423308	0.191582921542586	0.735005453825325	0.264994546174676	0.163580989909097	0.163580989909097
DG00P016	0.351745570907146	0.41937891424713	0.441319307039723	0.134290374846075	0.371204585534487	0.616611064006537	0.383388935993463	0.302615096975768	0.281867364879698
DE03P016	0.278803224210201	0.550954521252423	0.249101822680975	0.118814486032241	0.302229833799326	0.568649929012912	0.431350070987088	0.184239090501659	0.183032466711635
DE07P016	0.10536755188524	0.589040699624793	0.319754412056861	0.251879183915401	0.208137050882439	0.432257511253455	0.567742488746545	0.173206574131989	0.172520715044025
DE10P016	0.0197246123184609	0.835030467481528	0.112897534886684	0.0866804416152611	0.121970611830939	0.635149472409447	0.364850527590553	0.0457396349425947	0.0457396349425947
DG00P017	0.067833128793882	0.821462323383245	0.0824283243533392	0.07519684891794	0.171989465406094	0.591501629443485	0.408498370556515	0.0622977439685851	0.0622977439685851
DE03P017	0.256761465891126	0.58413107904934	0.323738244518481	0.10217712810798	0.287919271166193	0.719070155295988	0.280929844704012	0.286043864060521	0.286043864060521
DE08P017	0.0823212082213559	0.81811673416859	0.0654589499981074	0.0389851243423294	0.119238578295923	0.664839547295507	0.335160452704493	0.0840464816987774	0.0827269767970021
HE03P019	0.206839185388308	0.454944698609182	0.415849540741158	0.13072135007296	0.255533076270569	0.513727245598329	0.486272754401671	0.208871720041262	0.207690970141713
HE07P019	0.153500655699391	0.769556331718971	0.140990171001208	0.047890725424257	0.202663827466663	0.663934975395043	0.336065024604957	0.156095407507434	0.154724281652103
HG00P021	0.106061211767905	0.574852602460015	0.126107980092491	0.056905268882722	0.16000820620236	0.690155127097293	0.309844872902707	0.13217828545723	0.13217828545723
HE03P021	0.130699741837535	0.674448376432666	0.206315757260979	0.13142399083298	0.165014863255499	0.482946571335551	0.517053428664449	0.119546987353694	0.119546987353694
HE07P021	0.463272716070428	0.331433955323326	0.540428055136067	0.113684388197451	0.576578367723155	0.688426155499181	0.311573844500819	0.515063579459018	0.515063579459018
HG00P022	0.158603642191484	0.798737487615442	0.0413339949606796	0.0210994301846242	0.578726389710801	0.329178687999678	0.670821312000322	0.0371188029015488	0.036397103815701
HE03P022	0.0757765801348096	0.757991175715527	0.0711239708496469	0.142357653883311	0.211149224969042	0.599246933246957	0.400753066753043	0.159332566799265	0.159332566799265
HE07P022	0.123115676072892	0.650967181400561	0.182529226559376	0.152098892242858	0.23476630932347	0.691679590838319	0.308320409161681	0.176005141925675	0.176005141925675
HG00P023	0.183294360148851	0.709322470772851	0.0541731307839061	0.0415806143083801	0.488157507648743	0.45403291653848	0.54596708346152	0.0518798969038682	0.0518798969038682
HE03P023	0.272368768715871	0.490893077329575	0.375257618460454	0.141736392460807	0.360271710410428	0.564490487933768	0.435509512066232	0.276263871763255	0.276263871763255
HE07P023	0.159274644159716	0.54724553907386	0.20467900222136	0.217831929485711	0.375092812432248	0.598689646108742	0.401310353891258	0.297923373274651	0.297923373274651
HG00P024	0.243113110968361	0.491442893195176	0.0806347016381501	0.175458789930298	0.525817597489383	0.331799278454897	0.668200721545102	0.0709612241216919	0.0709612241216919
HE03P024	0.33835154812633	0.4573188453866	0.302355989613431	0.157909409984775	0.359226355133412	0.609712869393518	0.390287130606483	0.302478857687085	0.302478857687085
HE07P024	0.493488892006665	0.450521172907262	0.423352874451753	0.0315683971239435	0.450289357105457	0.853363484059454	0.146636515940546	0.422289896297275	0.422289896297275
HG00P025	0.038927736188316	0.885442878800343	0.0367723966106874	0.0324995592953426	0.0873471930051357	0.619027511722744	0.380972488277256	0.0248522170382297	0.0248522170382297
HE03P025	0.0754604302480207	0.594065610571701	0.0865208391333884	0.287107773537328	0.400319362686835	0.590202979611382	0.409797020388618	0.334074194528498	0.334074194528498
HE07P025	0.274833010755879	0.694580760857297	0.0769233921282326	0.0186642524371495	0.189297315916345	0.795190282618578	0.204809717381422	0.0873920621732809	0.0873920621732809
HG00P026	0.0716116719433111	0.790577463048391	0.0569310107853673	0.0723981119687755	0.108779686457367	0.482840624439515	0.517159375560485	0.0396776439468514	0.0396776439468514
HE02P026	0.0773252945529725	0.577186975061378	0.0904304056197066	0.238451350303657	0.281974708971091	0.638279552209001	0.361720447791	0.209737281067556	0.209737281067556
HE05P026	0.0529545123509257	0.519462572120504	0.0895472922019352	0.387251350291626	0.399629214737796	0.746559197406951	0.253440802593049	0.368268151031429	0.368268151031429
HG00P028	0.043773797870486	0.915157352350447	0.01722710754903	0.0238254178601433	0.115029672457348	0.670559407005603	0.329440592994397	0.0320447381017206	0.0320447381017206
HE03P028	0.130360516420307	0.780587763084036	0.114961260429304	0.0519679621436634	0.168804334486165	0.409307556580295	0.590692443419705	0.144637119570575	0.144637119570575
HE07P028	0.0264424930624569	0.939767680552614	0.0161057439055517	0.0127878876742532	0.0372232449780877	0.677895657179475	0.322104342820525	0.0207251972651689	0.0207251972651689
HG00P046	0.102070316497071	0.552805738422416	0.268524960376985	0.22305780201406	0.247641721258624	0.682568599090156	0.317431400909844	0.185111755445902	0.185111755445902
HE03P046	0.163756106001843	0.529949140344645	0.198052438395799	0.209681433168591	0.340089245916033	0.646084928531729	0.353915071468271	0.197061598392155	0.197061598392155
HE07P046	0.349789999829709	0.426518407055103	0.494091001474457	0.128302905369109	0.401496639621307	0.802122471311993	0.197877528688007	0.385179634130186	0.385179634130186
HG00P047	0.0325746853926367	0.559925516113711	0.358551263420769	0.164521865601377	0.0484150753386577	0.483680251512877	0.516319748487123	0.0294219864227975	0.0294219864227975
HE03P047	0.157560527025099	0.227315247895229	0.508359060197464	0.331463180950267	0.314347549360471	0.498073033338845	0.501926966661155	0.282274851244742	0.282274851244742
HE07P047	0.557498925247689	0.30634052120205	0.575189542325837	0.0882795296012874	0.615252255255076	0.848146391829037	0.151853608170964	0.565962411049963	0.565962411049963
HG00P048	0.0994352212384721	0.329510825639284	0.316661960725465	0.405204573516674	0.377850385294822	0.566607990490708	0.433392009509292	0.345231301946351	0.345231301946351
HE03P048	0.142890959402396	0.476044799930275	0.21594746847454	0.291437624420998	0.334218220581171	0.682810658668369	0.317189341331631	0.287698555905347	0.287698555905347
HE07P048	0.413462825551684	0.430837793402445	0.208086873814147	0.0505059360971042	0.427306731882167	0.608654880131826	0.391345119868173	0.177605806809548	0.177605806809548
DG00P049	0.132714759244215	0.674056824340903	0.103320885388214	0.0748659129543597	0.17143588847258	0.731559856843465	0.268440143156535	0.0870899921811866	0.0870899921811866
DE03P049	0.0842002427890325	0.763914131843636	0.110170847805004	0.0832848332329289	0.153171557839001	0.780148640093718	0.219851359906282	0.10853444424614	0.10853444424614
DE07P049	0.209164820259928	0.57620592150542	0.266192435204325	0.108518458800085	0.26457010679065	0.701083540653592	0.298916459346408	0.2293241530668	0.2293241530668
HE10P049	0.286969839605304	0.0834504468541577	0.573583396114033	0.282499124715769	0.366469063452183	0.147369681500298	0.852630318499702	0.0999143434302645	0.0999143434302645
HG00P050	0.315574794629276	0.212035527276981	0.345513941812053	0.394013066889573	0.595639311565898	0.70647181463852	0.29352818536148	0.484627775075921	0.484627775075921
HE03P050	0.104234935647368	0.39782310027999	0.313575694290555	0.346947748352349	0.30378645498627	0.641924954753274	0.358075045246726	0.252702802210968	0.252702802210968
HG00P051	0.2012597802378	0.485537968845519	0.355886711416517	0.190017254455592	0.304967860411334	0.656879174197656	0.343120825802344	0.255169885850502	0.255169885850502
HE03P051	0.235988012850134	0.568811681453887	0.139448075784214	0.0878170072188789	0.254776692533052	0.652199208451074	0.347800791548926	0.0420711262587652	0.0420711262587652
HE07P051	0.0764809513157191	0.436753065692936	0.375221684189754	0.253731592849767	0.197620957506984	0.535345569743243	0.464654430256757	0.166134383588779	0.166134383588779
DG00P054	0.275611588072608	0.553550136094397	0.298528610073624	0.0849758093738757	0.303734116152335	0.733431207162769	0.266568792837232	0.242668312629006	0.242668312629006
DE03P054	0.161187604689261	0.374546098610923	0.514996952270786	0.189081135012469	0.202458581874696	0.50558531331087	0.494414686689129	0.165079820279982	0.165079820279982
DE07P054	0.147329940218104	0.586217172765439	0.238195350016916	0.109650160971456	0.20327157433011	0.692980967125799	0.307019032874201	0.173257877676397	0.173257877676397
HE10P054	0.244042210218078	0.543879740939397	0.222124436842055	0.147639617068495	0.34213092289545	0.705495022589907	0.294504977410093	0.23241742204813	0.23241742204813
HG00P055	0.146942021168759	0.584506833113844	0.195345626614641	0.19257449665928	0.286127683655521	0.778171061385566	0.221828938614434	0.220205647841078	0.220205647841078
HE03P055	0.307536094738812	0.108421895648852	0.485332962310477	0.396180015894516	0.591099362053993	0.563825788609404	0.436174211390596	0.476466873444039	0.476466873444039
HE07P055	0.219678308111006	0.217416596243017	0.515577308365386	0.280069080515233	0.356438332906419	0.439508271474988	0.560491728525012	0.268560819651691	0.268560819651691
HG00P056	0.229088504686801	0.268766553561785	0.440853393672126	0.284726436830329	0.40716002162037	0.548631387337182	0.451368612662818	0.315054064585765	0.315054064585765
HE03P056	0.400953064735111	0.281298196583387	0.504729837538893	0.235595248172204	0.581263958964203	0.748555937187383	0.251444062812617	0.520038742686419	0.516012273818611
HE07P056	0.0943599560923366	0.449876421651476	0.560732001991489	0.263030777996789	0.48603084583791	0.626552495867438	0.373447504132562	0.46161693937191	0.460636023487115
HE03P057	0.179963582147765	0.534286920700469	0.394773917643369	0.163075185654973	0.281609816562008	0.729663614642805	0.270336385357195	0.270969435837736	0.270051480914399
HE07P057	0.268913641027019	0.426893504984476	0.232413006038686	0.282841965984327	0.523514018158036	0.82998761087109	0.17001238912891	0.433939804561282	0.433939804561282
HG00P058	0.134048970527505	0.430713754954925	0.299141895555387	0.358770427212123	0.475308778539101	0.629964406013052	0.370035593986948	0.445724964111035	0.445724964111035
HE03P058	0.343181303396809	0.303022017927192	0.327406742587468	0.309349088122725	0.5498032996476	0.618953761508643	0.381046238491357	0.405342063929653	0.405342063929653
HE07P058	0.1146161046151	0.332218478578046	0.292576422695519	0.173159931562003	0.116322270891368	0.573128758150133	0.426871241849867	0.0561599778038929	0.0561599778038929
HG00P059	0.0906734893735559	0.654853055984323	0.144553046664891	0.147435450202405	0.169300976401467	0.711645572327704	0.288354427672296	0.10676402332608	0.10676402332608
HE03P059	0.163552812655447	0.398089803811657	0.193520322944631	0.268089747674519	0.276629438616299	0.65842886117053	0.341571138829469	0.180764459112516	0.180764459112516
HE07P059	0.225118553186049	0.389933538413772	0.313887585959352	0.227780620927301	0.338196833657731	0.475484534287496	0.524515465712504	0.196175519661946	0.196175519661946
DG00P060	0.10672796674551	0.475232227357322	0.246689438003739	0.205943420382149	0.231204985131308	0.620064297196934	0.379935702803066	0.180825796172872	0.180825796172872
DE03P060	0.212985028189905	0.507444684376863	0.247016160815576	0.151381212162519	0.316329738700401	0.652220998299341	0.347779001700659	0.251366233958459	0.251366233958459
DE07P060	0.184156507161632	0.283595471180352	0.385576981949386	0.363550886203399	0.407017837213274	0.547174786930572	0.452825213069428	0.327497816761187	0.327497816761187
HG00P061	0.271574060917607	0.510361698832233	0.316249984302192	0.143223250164304	0.363827415568893	0.718133152642015	0.281866847357986	0.320437488246389	0.320437488246389
HE03P061	0.206463943190394	0.545543533888283	0.284015937222609	0.129943155697297	0.273964962397754	0.609047380853937	0.390952619146063	0.211971132577915	0.211971132577915
HE07P061	0.295911913985597	0.258711416473626	0.488736895666661	0.394038988450704	0.435078659619936	0.527398216925603	0.472601783074398	0.30789473437308	0.30789473437308
HG00P063	0.267420805170302	0.582535976414345	0.260515014807223	0.106952105854588	0.412897228974535	0.771246204426993	0.228753795573007	0.276959027530222	0.275870224621584
HE03P063	0.419516827513815	0.296862646915926	0.437563072073648	0.242690565520822	0.581674455495935	0.725081945598076	0.274918054401924	0.469662043989228	0.469662043989228
HE07P063	0.331915400804542	0.54212505389858	0.313093196420175	0.100373995322939	0.410592547973005	0.868247818479489	0.131752181520512	0.356483564311021	0.356483564311021
HG00P064	0.37040770469873	0.377866300296424	0.347122284100525	0.179778177864935	0.514348318663397	0.738014018400707	0.261985981599293	0.403012353750764	0.403012353750764
HE03P064	0.130487989711317	0.761430587688657	0.138055059725558	0.073752095007499	0.204555284133837	0.811431786816866	0.188568213183134	0.146471797728117	0.146471797728117
HE07P064	0.224256032280633	0.534999972882532	0.183962458578068	0.154145176073716	0.317857394662198	0.763074144579489	0.236925855420511	0.205000460996947	0.205000460996947
DE03P065	0.246476995380029	0.565421356402181	0.258678679476787	0.136583702089396	0.35754233496782	0.834778502739647	0.165221497260353	0.317345487887526	0.317345487887526
DE07P065	0.155553411247258	0.734649779168767	0.149853663547579	0.0608043585772762	0.208326307156805	0.808664923230721	0.191335076769279	0.15386675121368	0.15386675121368
HG00P066	0.30587951354232	0.327800371527249	0.292479230551353	0.267028175921258	0.481053381667029	0.785412688908142	0.214587311091858	0.409554081849791	0.409554081849791
HE03P066	0.247934395244112	0.471822332243813	0.232156303700285	0.229714156206972	0.45269788977984	0.84765033105866	0.15234966894134	0.408980272337871	0.408980272337871
HE07P066	0.286447186108443	0.510823730378559	0.289383275794491	0.155606001511725	0.41663826411896	0.716433855340812	0.283566144659188	0.372652862718447	0.372652862718447
HE03P067	0.0832633382400517	0.73840794021015	0.16340294293435	0.0928932507117068	0.158334633538924	0.777056572152936	0.222943427847064	0.132530745085098	0.132530745085098
HE03P068	0.161239863182261	0.522851848705834	0.291703625930016	0.204656843973656	0.28642698033187	0.709051689125366	0.290948310874634	0.199696992061359	0.199696992061359
HE07P068	0.231961600117424	0.357053070569747	0.450730547568262	0.259581943231357	0.422808538636052	0.654653653932557	0.345346346067443	0.377080779449859	0.377080779449859
HG00P071	0.207302276071274	0.543710367257371	0.292482019379651	0.167453732625708	0.412347516265766	0.809835614008358	0.190164385991642	0.322227811472299	0.322227811472299
HE03P071	0.256426126386438	0.408539494458286	0.335023390921768	0.207300873867301	0.387374474849335	0.685835303646939	0.314164696353061	0.308199543181011	0.308199543181011
HE07P071	0.318377657916165	0.379814159625294	0.545009016372696	0.197889471185574	0.580014828707439	0.803447782515583	0.196552217484417	0.554237448227624	0.554237448227624
HG00P072	0.253734635155633	0.346171727501795	0.62485371985625	0.278823802161217	0.704676282732879	0.775985744560714	0.224014255439286	0.685502062559898	0.685502062559898
HE03P072	0.464452703545104	0.272042921790479	0.618655098081934	0.191296873222625	0.707138102947107	0.801874635590727	0.198125364409273	0.637267001422541	0.635695241478226
HE07P072	0.208809371418485	0.618709790391331	0.206121851734109	0.0877111261582003	0.262826824444823	0.831234416640914	0.168765583359087	0.191392212708196	0.191392212708196
HG00P073	0.621589059699954	0.257773080311942	0.632543292114885	0.0830961881607281	0.673598865811117	0.848935813229044	0.151064186770956	0.63466618427179	0.63466618427179
HE03P073	0.541799837039653	0.387171520226969	0.483604663591885	0.0497635485621899	0.573033143586382	0.807675068871232	0.192324931128768	0.481585669702996	0.481585669702996
HE07P073	0.227281805764808	0.358780564814447	0.300051847619578	0.357158750447148	0.558221427328438	0.812038426627727	0.187961573372273	0.53696821512312	0.53696821512312
HG00P074	0.267951143713349	0.592579201288197	0.273161099226592	0.114841084968965	0.387476064097827	0.808755344474856	0.191244655525144	0.352173633297708	0.352173633297708
HE03P074	0.291930978419632	0.460205528980425	0.304290464181783	0.228858454191811	0.516741122290993	0.844459935587853	0.155540064412147	0.508497700996913	0.508497700996913
HE07P074	0.574013950119315	0.298071177229758	0.610215281888745	0.0571697509642643	0.618409304001559	0.918647787063966	0.0813522129360331	0.601833885479595	0.601833885479595
HG00P075	0.300017275202834	0.463058222936732	0.313020215097809	0.0328611683827419	0.328156953592153	0.913043460055639	0.0869565399443605	0.309197298847371	0.309197298847371
HE03P075	0.183761685738022	0.434030342428365	0.352331411603014	0.124841741319002	0.255744427070636	0.668074995743494	0.331925004256506	0.219872580697642	0.219872580697642
HE07P075	0.24332365713063	0.524611885410467	0.330753328606959	0.0888544906315534	0.301969706511089	0.755663219392491	0.244336780607508	0.292831145861477	0.292831145861477
DG00P076	0.294494778222065	0.485500344335188	0.330551043665383	0.104588937407685	0.363536667479574	0.788097352530212	0.211902647469788	0.339394859666156	0.339394859666156
DE03P076	0.14005552312498	0.238656044786872	0.587660030034178	0.268244797863444	0.321246507524141	0.468538752556693	0.531461247443307	0.289918572024841	0.289918572024841
DE07P076	0.39730468940532	0.302751519352665	0.537603091326844	0.158807161377718	0.501931434089812	0.762935563033425	0.237064436966575	0.4812647796387	0.4812647796387
HG00P077	0.382035235322432	0.27397224935125	0.557471463284232	0.158419430226636	0.472357377689885	0.620750234487242	0.379249765512758	0.408518803802273	0.408518803802273
HE03P077	0.243948340896235	0.345365118927344	0.429780498830364	0.258851311794915	0.446568225439509	0.696713889513299	0.303286110486702	0.417594429225323	0.417594429225323
HE07P077	0.0880697108102469	0.80125595968849	0.0866266092637858	0.0882484599695939	0.161333032921254	0.814600435620213	0.185399564379787	0.121376637501897	0.121376637501897
HG00P078	0.174427027302875	0.611857345570742	0.208957552439188	0.16716872029342	0.322776377042074	0.753152803193464	0.246847196806536	0.30671302047779	0.30671302047779
HE03P078	0.0215594247184291	0.890385758048917	0.0371580978341365	0.0770998910342316	0.0862168124557977	0.802478803393911	0.19752119660609	0.0854973913941493	0.0854973913941493
HE07P078	0.0438423774438906	0.925716806822796	0.0428942262915519	0.025730822697304	0.0529668216155861	0.654717597393455	0.345282402606545	0.0495170016638554	0.0495170016638554
DG00P081	0.156881877150515	0.742309444209779	0.0191076030354719	0.0585854515622304	0.279213396917779	0.438258562863004	0.561741437136995	0.0194971108572771	0.0194971108572771
DE03P081	0.007362640193023	0.96251634632457	0.0140040981250534	0.0248849012110554	0.011996853200922	0.461865137546125	0.538134862453875	0.00758201122298272	0.00758201122298272
HG00P082	0.0197719987317294	0.845359563813458	0.0183156189012995	0.110624640879084	0.0401544724675675	0.600030543304177	0.399969456695823	0.00358619845463004	0.00358619845463004
HE03P082	0.117009615425445	0.753947990199558	0.0153084900973432	0.112714794142786	0.0701730121437892	0.677305448538881	0.322694551461119	0.00769185506555365	0.00769185506555365
DG00P083	0.0136095145959821	0.666602219939417	0.0148611189049327	0.307887930946433	0.267126677712732	0.646051564511394	0.353948435488606	0.262449984192728	0.262449984192728
DE03P083	0.00496717872844084	0.913148665036728	0.0139154683190832	0.0651259144283955	0.0283172166817913	0.369846058684458	0.630153941315542	0.0276786671295566	0.0276786671295566
HS00P93	0.00782745135249611	0.95698981053276	0.00613814241559934	0.0156309068394113	0.185934364040317	0.678352561791754	0.321647438208246	0.00481357063553256	0.00187647668842795
HS00P96	0.192686108470229	0.533027320589154	0.0686943246535651	0.0816542537730757	0.375874749041328	0.566115712506923	0.433884287493077	0.0458830374856624	0.0458830374856624
HS00P109	0.0741983686289066	0.740584027701904	0.053899837701033	0.0307880639427086	0.157865012107837	0.682861857686432	0.317138142313568	0.0412010709220001	0.0412010709220001
HS00P110	0.336171830930835	0.528963144002981	0.0844627216272538	0.0979564384397701	0.363532827244833	0.463287900853695	0.536712099146305	0.0567410100183555	0.0567410100183555
HS00P118	0.164725112043327	0.499125221307448	0.0776924883565063	0.157489513643663	0.42471559581409	0.621483284787011	0.378516715212989	0.0826080853302394	0.0826080853302394
HS00P137	0.259969881001809	0.415538147620419	0.0798537435644507	0.103146248174548	0.398926039256889	0.67201943844162	0.32798056155838	0.0628333275710301	0.0628333275710301
HS00P142	0.293852776755949	0.299018349476004	0.334776516218267	0.144006307101873	0.418550361897338	0.388530436614084	0.611469563385916	0.075083378102663	0.075083378102663
HS00P167	0.00629744766076859	0.940811043014847	0.00594930324845178	0.0202893275228681	0.137129236431166	0.407011225548285	0.592988774451715	0.00593608257456633	0.00128240536688849
HS00P176	0.113338055697664	0.827444348248134	0.0507812889431086	0.0367460286227749	0.25829102881954	0.701480198864009	0.298519801135991	0.0146275235134391	0.0130022431230569
HS00P179	0.222619892910627	0.556836183223604	0.128854394691502	0.093788803571097	0.310095635176484	0.522680333164092	0.477319666835908	0.0455081815230816	0.0455081815230816
HS00P192	0.0352195210350198	0.90247227795294	0.0140488965935666	0.027355009770264	0.131409541166019	0.531814335275239	0.468185664724761	0.00728948102934489	0.00728948102934489
HS00P198	0.128811403505347	0.68968025241874	0.0986010051046448	0.0586599506999529	0.215649446526158	0.820306052256176	0.179693947743824	0.119984399509967	0.112715102102006
HS00P201	0.0688312770501486	0.879492091377882	0.0519243155198854	0.0213772424489773	0.236921205659164	0.741831839173012	0.258168160826988	0.0383173512733855	0.0273787442055537
DS04P86	0.0183726568205794	0.887449028239877	0.0202447912440153	0.0123321228596933	0.18222505680435	0.784017880690579	0.215982119309421	0.0184740931591333	0.00436176255781871
DS05P114	0.316570907656428	0.333287412612664	0.489288276521771	0.253859827340816	0.459117272936003	0.590992248664109	0.409007751335891	0.413638045248943	0.413638045248943
DS00P119	0.130073853592743	0.752691610295733	0.119854176020078	0.0491547177821568	0.273231524391504	0.832633334241279	0.16736666575872	0.119365176570481	0.113965636429555
DS00P138	0.0452403262029051	0.809600307624952	0.0346460286151433	0.0552937320257728	0.140094441786958	0.577384585627104	0.422615414372896	0.0427848860710525	0.0330557836618257
DS04P138	0.0241447935643309	0.899636043528741	0.0411853725925533	0.0682719784849237	0.165803785000176	0.425740319775477	0.574259680224523	0.0122345063756068	0.0122345063756068
DS00P140	0.0822000855226058	0.867050547377655	0.00974262422488268	0.0244214857409193	0.160647014788376	0.617534154079197	0.382465845920803	0.00664641459116787	0.00534791101691655
DS06P140	0.064781951329285	0.871037061984264	0.0689326817014051	0.050185640597388	0.13279281438363	0.563871373485775	0.436128626514225	0.0490244546773347	0.0490244546773347
DS00P166	0.0917860164435575	0.776542846997986	0.0364520411966812	0.088715783264664	0.259048598534914	0.531699725612862	0.468300274387138	0.00198634782937505	0.00198634782937505
DS10P166	0.0358002077896096	0.824722807275431	0.0524173887193184	0.113706752716158	0.158060054226302	0.354380142273304	0.645619857726696	0.00539139952019832	0.00539139952019832
DS00P172	0.0179078445490198	0.95150566637782	0.0290364210622981	0.0108367990053513	0.143463353428858	0.794154550247441	0.205845449752559	0.0262052674306939	0
DS07P172	0.0118082322004518	0.896364785164449	0.0101912234800534	0.0307789898622353	0.0939927713776345	0.566437492434845	0.433562507565156	0.00469301536171801	0.00395500084918978
DS00P180	0.173863316640016	0.681025850968073	0.130892131907429	0.0609100471613124	0.403587175786246	0.688333474076585	0.311666525923415	0.117184647233202	0.117184647233202
DS06P180	0.209782595282488	0.27045247262178	0.114840302130801	0.511192621286468	0.38172942735152	0.881609111265175	0.118390888734824	0.27315467656568	0.27315467656568
DS00P191	0.12130255567541	0.756856807054499	0.12735740164527	0.0807579361527101	0.17875047726793	0.568043942840622	0.431956057159378	0.144653697491246	0.141089335335404
DS08P191	0.0596208308780895	0.72364417484288	0.0363502286422609	0.129668314791384	0.0784016447884683	0.53260251565439	0.46739748434561	0.0366766920090624	0.0360576954568404
DS00P193	0.0925552069638804	0.681007132624382	0.0285822569213139	0.0614193020882355	0.279926703716152	0.591615130433327	0.408384869566674	0.0190361086125209	0.0174667195055345
DS07P193	0.0277049324101411	0.887297748749938	0.0115452625109346	0.0338658133563021	0.148203715964357	0.473974569878303	0.526025430121698	0.00858608209531165	0.00858608209531165
DS00P194	0.261329552305883	0.587112688649164	0.164327588471453	0.104892495493942	0.356824126837435	0.652177166033418	0.347822833966581	0.115491188064444	0.10512290185417
DS04P194	0.18089979910635	0.372323019023323	0.257964420103597	0.364177978372489	0.314598449299052	0.617344807595826	0.382655192404174	0.27267158806164	0.27267158806164
DS00P196	0.351027939930751	0.423667415128461	0.246438023527393	0.16512388942381	0.441742279365209	0.626055407438246	0.373944592561753	0.18788380092832	0.18788380092832
DS05P196	0.32405964698854	0.340105839592798	0.266933455348474	0.204261857984539	0.436508151944754	0.643462146315524	0.356537853684476	0.331131255384219	0.331131255384219
DS03P237	0.0516637307815527	0.901075854332333	0.0521069283135669	0.0232909003255915	0.0681940775298851	0.796092799217188	0.203907200782812	0.0470884583378967	0.046704626757053
DS03P239	0.149400782150142	0.629361179809108	0.0693469390093737	0.122756579207807	0.22301644515469	0.745019040688892	0.254980959311108	0.117369400302943	0.116945535972864
DS03P245	0.0242958795409002	0.903551872827603	0.0161056622108805	0.0081882189849349	0.105946261360413	0.820814248543028	0.179185751456972	0.0198095948255423	0.0192550540645126
DS03P272	0.199380111626081	0.507338149190426	0.192058700576105	0.200250000206135	0.395962727541827	0.591980781646423	0.408019218353577	0.220237648612837	0.218852423196259
DS03P279	0.0551973327060252	0.862763418206306	0.0178558293986247	0.0239986184447108	0.197969466549224	0.832084099335225	0.167915900664775	0.0174312737842084	0.0169720189128446
DS03P288	0.0381019241150437	0.816426970356451	0.0157456358571624	0.0145656803445249	0.133173454427534	0.738258026426306	0.261741973573694	0.027337248003851	0.027337248003851
DS03P295	0.0626896235514595	0.921355408033527	0.0285127957524194	0.00855447780090839	0.0834686966302935	0.575313738636118	0.424686261363882	0.0231034808142783	0.0231034808142783
DS03P298	0.0652543165737487	0.891694428908515	0.0208495582576853	0.0267149690164308	0.337386430407379	0.82559429440688	0.17440570559312	0.0196162445040127	0.0126097112190285
DS03P312	0.193426732271989	0.716457846799883	0.0661542267006848	0.0447382387131014	0.306189692594085	0.70066861454241	0.29933138545759	0.0405761639931762	0.0311383344036585
DS03P313	0.158636155546285	0.723172637569726	0.039681493451592	0.0647814200847377	0.156352205504179	0.777595171077054	0.222404828922946	0.0239408433720769	0.0239408433720769
