ID	sulfur_respiration	respiration_of_sulfur_compounds	knallgas_bacteria	dark_hydrogen_oxidation	fermentation	aerobic_chemoheterotrophy	human_pathogens_all	human_gut	human_associated	mammal_gut	animal_parasites_or_symbionts	aromatic_compound_degradation	nitrate_respiration	nitrate_reduction	nitrogen_respiration	fumarate_respiration	chemoheterotrophy
IE03P013	0.602059991327962	0.602059991327962	0	0	3.83135778544207	2.45024910831936	0	0	0	0	3.25791845031406	0	0	2.40993312333129	0	0	3.83878614494659
IE03P020	0	0	0.301029995663981	0.301029995663981	3.64767631324087	2.67577834167409	0	0	0	0	3.62849110496712	0.301029995663981	0	2.58658730467176	0	0	3.66642437251876
IE03P027	1.25527250510331	1.25527250510331	0	0	3.82399559115597	3.15106325335375	0	0	0	0	3.20384846374623	0	0	3.48444220764241	0	0	3.88789848809687
IE03P052	0	0	0	0	3.59428202881181	3.22505069613805	0	0	0	0	3.71146978187433	0	0	3.04883008652835	0	0	3.6698745024898
IE03P053	0	0	0	0	3.81782969974561	3.13987908640124	0	0	0	0	3.37180645850742	0	0	2.80685802951882	0	0	3.87028682899259
IE03P062	0	0	0	0.301029995663981	3.77836834335587	3.67209785793572	0	0	0	0	3.67135800344349	0	0.301029995663981	3.54654266347813	0.301029995663981	0.301029995663981	3.89070039769887
IE03P069	0	0	0	0	3.78347478758225	3.63788981658079	0	0.477121254719662	0.477121254719662	0.477121254719662	3.38792346697344	0.698970004336019	0	3.29380435991934	0	0	3.93686545897562
IE03P070	0	0	0	0	3.68358731757277	3.30427505047713	0	0.301029995663981	0.301029995663981	0.301029995663981	3.56478438450399	0.301029995663981	0	3.09236969962912	0	0	3.78110883572947
IE07P013	0	0	0	0.301029995663981	3.8065869343278	3.59889988706388	0	0	0	0	3.72737856945149	0	0.301029995663981	3.51890857369141	0.301029995663981	0.301029995663981	3.85907822474697
IE07P020	0	0	0	0	3.79740604967638	3.24551266781415	0	0.301029995663981	0.301029995663981	0.301029995663981	3.28420506770179	0.477121254719662	0	2.95085145888855	0	0	3.85961857877218
IE07P027	1.25527250510331	1.25527250510331	0.698970004336019	0.778151250383644	3.78689332526132	2.55266821611219	0	0	0	0	3.45833562599195	0	0.301029995663981	2.68304703823885	0.301029995663981	0.301029995663981	3.7976829349149
IE07P052	0	0	0	0	3.75625564875423	3.08062648692181	0.698970004336019	0	0.698970004336019	0	3.52296559549199	0	0	3.13065534902203	0	0	3.79077760133769
IE07P053	0	0	0	0	3.6911699341316	3.18977095634687	0	0	0	0	3.57507232571381	0	0	2.89652621748956	0	0	3.77276164714403
IE07P062	0	0	0	0	3.73343802709106	3.40568778667278	0	0	0	0	3.73782850589578	0	0	3.48187241031066	0	0	3.77757180469141
IE07P069	0	0	0	0	3.73957234445009	3.25743856685981	0	0	0	0	3.57263929704281	0	0	3.2291697025391	0	0	3.79567150594602
IE07P070	0	0	0	0	3.8980117387975	3.71883371830386	0	0	0	0	3.76989403581217	1.04139268515822	0	3.70156798505593	0	0	3.92163446105371
IG00P013	0.778151250383644	0.954242509439325	0	0	3.69827457667437	2.71933128698373	0	1.27875360095283	1.27875360095283	1.27875360095283	3.457730548246	0	0	2.59988307207369	0	0	3.71891668601486
IG00P020	0	0	0	0	3.5358002908249	2.71011736511182	0	0	0	0	3.64008373137312	0.903089986991944	0	2.73158876518674	0	0	3.54961623951909
IG00P052	0	0	0	0.301029995663981	3.86075712308154	3.44529276942597	0	0	0	0	3.43536650661266	0	0.301029995663981	3.24723654950676	0.301029995663981	0.301029995663981	3.92319219042067
IG00P053	0	0	0	0	3.53706314278162	3.21510858105309	0	0	0	0	3.70500795933334	0	0	3.17638069224327	0	0	3.63968566124268
IG00P062	0	0	0	0	3.69187682255933	3.74989084127142	0	0	0	0	3.3003780648707	0	0	3.21801004298436	0	0	3.95751151145448
IG00P069	0	0	0	0	3.73854274092879	3.71003269906575	0	0.301029995663981	0.301029995663981	0.301029995663981	3.53895056201436	0.301029995663981	0	3.43104194533589	0	0	3.91323087111356
IG00P070	0.301029995663981	0.301029995663981	0	0	3.73271534034999	3.08919836680515	0	0	0	0	3.50174372962799	0	0	3.09725730969342	0	0	3.77691900284205
IS00P013	0	0.301029995663981	0	0	3.94091473758029	3.50933695801764	0	0	0	0	3.55654370848351	0	0	3.52139962811538	0	0	3.95153179054235
IS00P020	0	0	0	0	3.84849701809037	3.60530504614111	0	1.04139268515822	1.04139268515822	1.04139268515822	3.58916739054605	1.20411998265592	0	3.49720618070395	0	0	3.9070887450743
IS00P027	0	0	0	0	3.82743389540078	3.48158593636762	0	0	0	0	3.16016829295851	0	0	3.11627558758054	0	0	3.94743372188705
IS00P033	0	0.301029995663981	0	0.477121254719662	3.69775227416775	3.44808766669234	1.07918124604762	0	1.07918124604762	0	3.52672686731464	0	0.477121254719662	3.25695815256093	0.477121254719662	0.477121254719662	3.8294324336176
IS00P038	0	0.301029995663981	0	0	3.73013600399668	3.51560894923448	1.27875360095283	0	1.27875360095283	0	3.33685982091681	0.301029995663981	0	3.05842602445701	0	0	3.89292898235521
IS00P039	0	0	0	0	3.75404238678544	3.37675939540488	0.602059991327962	0	0.602059991327962	0	3.63286204010023	0	0	3.41780372263988	0	0	3.81531204352436
IS00P043	0	0	0	0	3.79678241170131	3.63245729218472	0	0	0	0	3.5641924606262	0	0	3.44793286559218	0	0	3.91561086266147
IS00P052	0.477121254719662	0.477121254719662	0	0	3.94497590841205	3.828337600059	0.602059991327962	0.301029995663981	0.698970004336019	0.301029995663981	3.82885315967664	0.477121254719662	0	3.81398107563647	0	0	3.9670328821587
IS00P053	0	0	0	0	3.78468859950142	2.88649072517248	0	0	0	0	3.38327665040765	0.903089986991944	0	2.20411998265593	0	0	3.8326366275967
IS00P062	0	0	0	0	3.67458560230291	2.30102999566398	0	0	0	0	3.67586995531896	0.301029995663981	0	2.57403126772772	0	0	3.68106024363181
IS00P069	0	0	0	0	3.79399980098447	3.27207378750001	0.301029995663981	0	0.301029995663981	0	3.62838893005031	0	0	3.23954972084047	0	0	3.81043415592267
IS00P070	0	0	0.301029995663981	0.301029995663981	3.90395770852317	3.03822263836872	0.301029995663981	0	0.301029995663981	0	3.37857957611577	0	0	3.17753649992986	0	0	3.91328390176042
IS00P081	0	0	0	0	3.67596154964217	3.65944078187032	0	0.698970004336019	0.698970004336019	0.698970004336019	3.35679046035172	0.477121254719662	0	3.23704079137919	0	0	3.89220594597577
IS00P083	0	0	0	0	3.67751570479876	3.20466251174822	1.9731278535997	1.20411998265592	2.03742649794062	1.20411998265592	2.82412583391655	1.17609125905568	1.9731278535997	2.70070371714502	1.9731278535997	0	3.78311713749047
IS03P020	0	0	0	0	3.85805571805036	3.52814507825311	0	0	0	0	3.57518784492766	0.602059991327962	0	3.44138088491651	0	0	3.90183959205123
IS03P027	0	0	0	0	3.63558426631123	3.65388755807098	0	0.301029995663981	0.301029995663981	0.301029995663981	3.27554168840131	0	0	2.97680833733807	0	0	3.90934203836131
IS03P033	0	0	0	0.301029995663981	3.72255166200096	3.31576049066573	0.301029995663981	0	0.301029995663981	0	3.49568306761692	0	0.301029995663981	3.14050804303818	0.301029995663981	0.301029995663981	3.81677141233335
IS03P038	0	0.602059991327962	0	0.301029995663981	3.62376600013393	3.68948644836425	1.44715803134222	0.301029995663981	1.46239799789896	0.301029995663981	3.17782497186468	0	0.301029995663981	2.90902085421116	0.301029995663981	0.301029995663981	3.93115263852329
IS03P039	0	0	0	0	3.7880976333803	3.30920417967041	0	0	0	0	3.48784512011144	0	0	3.45377685969044	0	0	3.85064623518307
IS03P043	0	0	0	0	3.70165431732575	3.73287604136271	0	0	0	0	3.37438169805088	0	0	3.27623195792183	0	0	3.94772772696332
IS03P052	0	0	0	0	3.70070371714502	2.36361197989214	0	0.477121254719662	0.477121254719662	0.477121254719662	3.27253777737524	0	0	3.22530928172586	0	0	3.70603466071435
IS03P053	1.41497334797082	1.53147891704226	0	0	3.88513496606343	1.89762709129044	0	0	0	0	3.06333335895175	0	0	1.92941892571429	0	0	3.88744850024995
IS03P062	0	0	0	0	3.28869626059026	3.81130684008134	0	0	0	0	3.18554215485437	0	0	2.92064500140679	0	0	3.91671707759881
IS03P069	0.301029995663981	0.301029995663981	0	0	3.86171358757143	3.42357351973274	0	0.778151250383644	0.778151250383644	0.778151250383644	3.54232738277397	0.778151250383644	0	3.46908529912312	0	0	3.87209797427423
IS03P070	0	0	0.301029995663981	0.301029995663981	3.97104379183603	3.64581511829664	0.602059991327962	0.301029995663981	0.698970004336019	0.301029995663981	3.67052415778208	0	0	3.79802879340407	0	0	3.97446563573724
IS03P081	0.477121254719662	0.477121254719662	0	0	3.68124123737559	2.55144999797288	0	0	0	0	3.5950550897593	0	0	2.90794852161227	0	0	3.696443763139
IS03P082	0	0	0	0	3.76767522402796	2.01703333929878	0	0.477121254719662	0.477121254719662	0.477121254719662	3.48981790830145	0.301029995663981	0	2.24797326636181	0	0	3.76886000084296
IS03P083	0	0.301029995663981	0	0	3.58353881925435	3.68904233902817	0	0	0	0	3.46089784275655	0	0	3.13193929521042	0	0	3.87737134586977
IS07P013	0.602059991327962	0.698970004336019	0	0	3.82216807936802	3.67135800344349	0	0.602059991327962	0.602059991327962	0.602059991327962	3.64117654661311	0	0	3.5398285583779	0	0	3.91624333046534
IS07P020	0	0	0	0	3.80584054881467	3.6457169393696	0	0	0	0	3.57449426828533	1.04139268515822	0	3.42651126136458	0	0	3.91497747244433
IS07P027	0	0	0	0	3.74099393158489	3.51121470113639	0	0.301029995663981	0.301029995663981	0.301029995663981	3.3142886609475	0	0	2.97543180850926	0	0	3.90151280912994
IS07P033	0	0	0	0.301029995663981	3.74686762785043	3.42764837118693	0.602059991327962	0	0.602059991327962	0	3.55254654795566	0	0.301029995663981	3.40671045860979	0.301029995663981	0.301029995663981	3.83645071372015
IS07P038	0	0.477121254719662	0	0	3.64473392744719	3.59879050676312	1.14612803567824	0	1.14612803567824	0	3.38165648258579	0	0	2.97451169273733	0	0	3.88149877961498
IS07P039	0	0	0	0	3.66801297164183	3.15594301797184	0	0	0	0	3.60595115756487	0	0	3.07003786660776	0	0	3.74233228235715
IS07P043	0	0	0	0	3.7356787259059	3.68815275559157	0	0	0	0	3.44669246637153	0	0	3.34576569311449	0	0	3.93262594402178
IS07P052	0.301029995663981	0.477121254719662	0	0	3.76715586608218	3.35179630689702	0	0.301029995663981	0.301029995663981	0.301029995663981	3.30621050816776	1.39794000867204	0	3.00302947055362	0	0	3.88315019968328
IS07P053	0.477121254719662	0.477121254719662	0	0	3.88041339987792	1.74036268949424	0	0	0	0	2.99166900737995	0	0	1.79239168949825	0	0	3.88212591977003
IS07P062	0	0	0	0	3.85052370887899	3.17926446433903	0	0	0	0	3.49122157623928	0	0	3.14082218010931	0	0	3.87523494645016
IS07P069	0	0	0	1.30102999566398	3.77641058880734	3.21669359916975	0	0.903089986991944	0.903089986991944	0.903089986991944	3.54132957766669	0.845098040014257	1.30102999566398	3.26670196688409	1.30102999566398	1.30102999566398	3.79330135361311
IS07P070	0	0	0	0	3.8285310066451	2.42975228000241	0.301029995663981	0.845098040014257	0.903089986991944	0.845098040014257	3.10482840365366	0.698970004336019	0.301029995663981	2.5327543789925	0.301029995663981	0	3.83231726992226
