DS	HS	MeanDecreaseAccuracy	MeanDecreaseGini
ASV_12	0.0115457514707515	0.00987980517504511	0.0102345385408725	0.909151148763043
ASV_93	0.00640000832500832	0.00820401890850807	0.00730915018376038	0.646608605983105
ASV_299	0.00876986901986902	0.00506478298962819	0.00646785385307124	0.656885450290819
ASV_533	0.00286524864024864	0.00725810716201583	0.00530953166405529	0.457235492345104
ASV_325	0.00354958374958375	0.00513881765379443	0.00437353300270004	0.375629331595521
ASV_20	0.00500440115440115	0.00374610503016076	0.0040741912831156	0.57631789590876
ASV_1126	0.00365498667998668	0.0038424704767197	0.00361212989288657	0.422776060865179
ASV_951	0.00343143523143523	0.00358013540896668	0.00343013228733619	0.384573089614944
ASV_577	0.00345725108225108	0.00309582865534878	0.00295879683880828	0.293609140821869
ASV_456	0.0028237123987124	0.00270846275757266	0.00263880889537972	0.257845832723707
ASV_55	0.00373116883116883	0.00173914027149321	0.00251530018824809	0.324201106619747
ASV_42	0.00120908813408813	0.00339779934827889	0.00242871838394264	0.238538053210325
ASV_77	0.00145975135975136	0.00311478796830964	0.00234564101565601	0.394079895200353
ASV_870	0.0015983016983017	0.00243558717684105	0.00215603791067059	0.270975504161546
ASV_339	0.00188909423909424	0.00226506948933419	0.00213684924849211	0.213335048447111
ASV_63	0.00238097458097458	0.00187698006328037	0.00210506531116726	0.205082919180575
ASV_379	0.00159129204129204	0.00236618365294836	0.00205249271494438	0.201101271015196
ASV_36	0.00176606171606172	0.00192260876378523	0.00192672206714935	0.274212980959881
ASV_239	0.00228107864357864	0.0018649969311734	0.00189473442932214	0.219538623343382
ASV_180	0.00399772727272727	0.000564902190173088	0.00175052851737634	0.218916321397896
ASV_311	0.00181432178932179	0.00185189844984737	0.00174936809685488	0.235015230425812
ASV_82	0.0037208263958264	0.000466363211951447	0.00159570695809826	0.311361792999225
ASV_2	0.00115609668109668	0.00183780581733368	0.00158347416588835	0.200201863402948
ASV_5	0.00253588078588079	0.000968650793650794	0.00157897757248582	0.348859495931177
ASV_74	0.00177567155067155	0.00128320447612243	0.00151693668670769	0.367759185853759
ASV_277	0.00113374125874126	0.00176077713136537	0.00145574498119081	0.208718948516846
ASV_37	0.00166305916305916	0.0013023076167039	0.00138169428657604	0.211128509036412
ASV_95	0.00183922466422466	0.000982936507936508	0.00131466160553867	0.135498101626514
ASV_753	0.00150081168831169	0.00126935841935842	0.00129961262875056	0.1840418738863
ASV_90	0.00116728826728827	0.00124837066098676	0.00126043535771797	0.192005003193245
ASV_83	0.00089982794982795	0.00139447274861362	0.00122010095074563	0.286947439864143
ASV_708	0.00132222222222222	0.00126865079365079	0.00121904358968432	0.156165376107237
ASV_84	0.00121038961038961	0.00124041903658777	0.00120245092370618	0.216049362875264
ASV_62	0.00132979797979798	0.00110492530345472	0.00115811380246163	0.0947101790737041
ASV_160	0.00235461482961483	0.000267750898052756	0.00115470926319502	0.230554889195113
ASV_25	0.00144303751803752	0.0010888431013431	0.001145554715982	0.170482342513374
ASV_149	0.00076475468975469	0.00132017359575409	0.00112819190388156	0.214367489330308
ASV_438	0.00227294094794095	0.000404021223874165	0.00110733489700675	0.143838833553417
ASV_348	0.00141147186147186	0.00100025676937442	0.00109802887655961	0.158354171020847
ASV_115	0.000853535353535354	0.00137817639876463	0.00106015718954644	0.220450853142134
ASV_830	0.00103162393162393	0.00090372554002585	0.00104177359122919	0.113910303978431
ASV_58	0.00153742368742369	0.000755669575522517	0.000988623821899684	0.113171592023868
ASV_6	0.000902777777777778	0.00106896698073169	0.000986861302116175	0.103119605974326
ASV_47	0.00145169552669553	0.000682580225072485	0.000977544286464826	0.201282780074402
ASV_22	0.000752331002331002	0.000969650159781738	0.000884247999225116	0.195750893809023
ASV_48	0.00148939393939394	0.000356670127258362	0.000842948704688573	0.232048116990107
ASV_363	0.00105079365079365	0.000814670868347339	0.000833082939604679	0.136935235939093
ASV_694	0.000734559884559885	0.000914903066489754	0.000830963627965127	0.0801117540947729
ASV_163	9.21966921966922e-05	0.00134798728533249	0.000814452218022126	0.188795587514524
ASV_215	0.00123943001443001	0.000582475183055679	0.000780331722528124	0.14743329811705
ASV_466	0.000748218448218448	0.000780648311956362	0.000770894403503099	0.0730563227771563
ASV_252	0.000908766233766234	0.000570666626974677	0.000735005227419415	0.0538925922232637
ASV_319	0.000451898101898102	0.000833187134502924	0.000696171757056315	0.0989765105812677
ASV_761	0.00126994949494949	0.000354263791763792	0.000692239869631174	0.0961540596463995
ASV_903	0.0010738344988345	0.00054499852572608	0.000686307599405426	0.189166042858766
ASV_56	0.000234451659451659	0.00105116148041845	0.000685461229168323	0.158521153924692
ASV_495	0.000442099567099567	0.000751125976706472	0.000641157353113875	0.0878041789020016
ASV_323	0.00066529304029304	0.000629380341880342	0.000637985737123668	0.0569132718403313
ASV_114	0.000658430458430458	0.000641836772207616	0.000633777013075751	0.133489364862159
ASV_116	0.00108374125874126	0.000329808731859815	0.000609468309468309	0.110894842589184
ASV_73	0.00132611555111555	0.00012621734990156	0.000604532391923696	0.135832434928794
ASV_197	0.000689010989010989	0.000570026215614451	0.000602851657199483	0.152071373680211
ASV_1140	0.000226587301587302	0.000915470232381997	0.000597552930161626	0.126362218961569
ASV_97	0.000378871128871129	0.000782618215977349	0.000584519018656949	0.0767080566995871
ASV_140	0.000646367521367521	0.000488492063492063	0.000575642763034067	0.093081436879638
ASV_659	0.000552045177045177	0.000602006997130836	0.000575378123867826	0.0857742952235584
ASV_204	0.000463661338661339	0.000619686234817814	0.000569111789134672	0.0416490676199654
ASV_92	0.00115384615384615	0.000212435500515996	0.000564091778896876	0.0530962363347262
ASV_81	0.000390873015873016	0.000665665766981556	0.000560969556423277	0.0787430320730214
ASV_267	0.00111785714285714	0.000395254277026723	0.000554597141988446	0.074069759767218
ASV_151	0.000866666666666667	0.00030890522875817	0.000518601398601399	0.044610807522371
ASV_17	0.000678846153846154	0.000348084268672504	0.000514521509086727	0.0443979857965822
ASV_282	0.000682575757575757	0.000402214860303095	0.000512874439403675	0.12258165137897
ASV_131	0.000375	0.000624593724129328	0.000512218892218892	0.0459889225841585
ASV_1165	0.000280988455988456	0.000583864071944567	0.000487525818620271	0.0977596028892342
ASV_534	0.000646367521367521	0.000451890142021721	0.000486535303776683	0.0514900434635157
ASV_472	0.000484188034188034	0.000513030738611234	0.000476139601139601	0.0411742372101174
ASV_831	0.000273088023088023	0.000606186868686869	0.000473739132209897	0.0849063457069581
ASV_315	0.000754040404040404	0.000331045751633987	0.000469151884819051	0.0877264743765294
ASV_14	0.000320512820512821	0.000521206816059757	0.000467294927294927	0.0694034764195967
ASV_161	0.00137150072150072	-5.84383753501401e-05	0.000458698185872099	0.0683143753494154
ASV_1118	0.000392532467532468	0.000505637254901961	0.000456051541051541	0.045473170938398
ASV_127	0.000381385281385281	0.000476746778333466	0.000455868093259398	0.0725500797968841
ASV_236	0.00137979797979798	-9.61978381096028e-05	0.000442574020182716	0.102538751379222
ASV_684	0.000507575757575758	0.000403000594177065	0.000441108521108521	0.0428612228721564
ASV_196	0.000585714285714286	0.000353311965811966	0.00043866640605771	0.0605434855499729
ASV_13	0.00053968253968254	0.000323863958538881	0.000436535246771576	0.100119197335737
ASV_1100	0.000436111111111111	0.000455822363910599	0.000435081585081585	0.0417825275418506
ASV_1138	0.000384992784992785	0.000500501253132832	0.000430503336147619	0.122880349779903
ASV_302	0.00129835164835165	-8.77923976608187e-05	0.000426769896769897	0.0688118370367042
ASV_69	3.05555555555556e-05	0.000614957264957265	0.000406444240658827	0.0489808824755287
ASV_416	0.000306818181818182	0.000464102564102564	0.000406222557399028	0.0382361154669662
ASV_79	0.000271789321789322	0.000466917293233083	0.000387381837164446	0.0634719369644403
ASV_881	0.0011004329004329	-4.99389499389499e-05	0.00038387151453513	0.0755735836778134
ASV_842	0.000563203463203463	0.000400292397660819	0.000375169968919969	0.0722366531866428
ASV_840	0.000473484848484848	0.000384374775551246	0.000363032837837935	0.0664545522621447
ASV_122	0.000252081252081252	0.000480830280830281	0.000352857936111309	0.0550284522672706
ASV_9	0	0.000578863211951447	0.000352294187294187	0.0416563242828587
ASV_944	0.000258741258741259	0.000429166666666667	0.000347920227920228	0.0134001870936672
ASV_422	-0.000169444444444444	0.000733545986177565	0.000344371467968943	0.0839987070514314
ASV_75	0.00046463258963259	0.000305567226890756	0.000339031339031339	0.067803229912519
ASV_759	0.000100757575757576	0.000420050125313283	0.000327616339039901	0.0686347557753286
ASV_231	0.000676190476190476	0.000139423076923077	0.000326825396825397	0.0601571628054034
ASV_310	-0.000418253968253968	0.000839863894275659	0.000326779558553752	0.0654937809038327
ASV_506	0.000363636363636364	0.0002625	0.000326293706293706	0.0202839411703862
ASV_496	0.000308333333333333	0.000317156862745098	0.000323717948717949	0.0301749506604003
ASV_172	-0.000189010989010989	0.000574101307189542	0.000312258059004686	0.0533964857597643
ASV_1000	-1e-04	0.000575169683257919	0.000310952380952381	0.0252240293040293
ASV_150	0.000177272727272727	0.000381726138498584	0.00030648011408881	0.0596408338948732
ASV_293	0.000354700854700855	0.00027718253968254	0.000306104121321513	0.0313411647806385
ASV_265	0.000388888888888889	0.000233972563384328	0.000302858735467431	0.0687958923332228
ASV_176	0.000313492063492064	0.000274740537240537	0.000302188552188552	0.0811395055041832
ASV_174	0.000678846153846154	5.97421154696696e-05	0.000300429666119321	0.08430438362832
ASV_200	0.000356421356421356	0.000252287581699346	0.000291015517327361	0.101745428872566
ASV_1208	0.000458333333333333	0.000229554655870445	0.00029048174048174	0.0249277246283129
ASV_530	9.71001221001221e-05	0.000346218487394958	0.000287971728421504	0.0408100421561712
ASV_616	0.000154029304029304	0.000451432880844646	0.00028622392100653	0.0777285297689427
ASV_427	0.000703740703740704	0.000136584249084249	0.000285032340460594	0.0292485263665529
ASV_8	7.57575757575758e-06	0.000473607661688157	0.000281402116402116	0.0535789913373713
ASV_652	0.00025	0.000350980392156863	0.000279074074074074	0.0172990708478513
ASV_164	0.000784498834498834	3.59367971210076e-05	0.00027874891614022	0.0755080060743801
ASV_852	-1.51515151515152e-05	0.000442752100840336	0.000277050376188307	0.0938107475722278
ASV_18	0.000198484848484848	0.00031135290148448	0.000274676472952335	0.0378951753377692
ASV_50	0.000138888888888889	0.000399007936507936	0.00027355629877369	0.0355790075561511
ASV_303	0.000246969696969697	0.000248955108359133	0.000272435897435897	0.0460903765979821
ASV_21	0.000402777777777778	0.000217796092796093	0.000270685704156469	0.0519478727854495
ASV_996	0.000270573870573871	0.000148412698412698	0.000265572224710156	0.0914644794635407
ASV_189	0.000111111111111111	0.000375	0.000258571428571429	0.0183414080758503
ASV_1119	0.000405011655011655	0.000180065359477124	0.000255496098104794	0.0573039353725078
ASV_297	0.000106410256410256	0.000377960051644262	0.000254492578608021	0.0608972939637672
ASV_294	0.000242857142857143	0.000264035087719298	0.000253158508158508	0.0222668689180131
ASV_437	0.000111111111111111	0.000340750915750916	0.000251666666666667	0.016016810966811
ASV_401	0.000579065379065379	6.43584356819651e-05	0.00024935419652811	0.036114592079153
ASV_635	0.000213095238095238	0.000265236620964175	0.000247283714675019	0.0431087310664979
ASV_375	0.000276923076923077	0.000189075630252101	0.00024448275862069	0.0215552795031056
ASV_301	0.000151587301587302	0.000258333333333333	0.000243589743589744	0.0363029578455259
ASV_107	9.08119658119658e-05	0.000329919160646715	0.000242002625061096	0.0907545282068418
ASV_31	0.000453968253968254	0.000155054302422723	0.00024035816035816	0.0492556062385638
ASV_897	-2.77777777777778e-05	0.000437246963562753	0.00024	0.0119123222772651
ASV_342	-0.000399242424242424	0.000628931302615513	0.000226424188837982	0.126028243459882
ASV_181	0.000292832167832168	0.000188034188034188	0.000225964912280702	0.0385835869970003
ASV_1153	0.000211111111111111	0.000225541795665635	0.000225286935286935	0.0539284251631057
ASV_124	8.45959595959596e-05	0.000296703296703297	0.000221264367816092	0.0234571428571429
ASV_382	2.49750249750047e-08	0.000361584249084249	0.000219737219302437	0.0420158521510228
ASV_168	-3.17460317460317e-05	0.000344642857142857	0.00021375333700671	0.0407589997394054
ASV_179	0.000115151515151515	0.000319570135746606	0.000212190217190217	0.043844536251161
ASV_11	0.000413492063492063	0.000126776878092668	0.00021032884142724	0.0361257487696123
ASV_291	0.000475	7.36111111111111e-05	0.00021006550920344	0.0170715669988926
ASV_171	0.000190909090909091	2e-04	0.000208916083916084	0.0344638560146264
ASV_41	1e-04	0.0002625	0.000208494983277592	0.0107376858204688
ASV_615	0	0.000336385836385836	0.00020846142585273	0.0171632080200501
ASV_225	0.000222222222222222	0.000202413273001508	0.000208333333333333	0.0265490410896293
ASV_67	0.000284188034188034	0.000207070135746606	0.000208321053148639	0.0455949452450034
ASV_26	-1.78571428571428e-05	0.000310504201680672	0.00020695652173913	0.0385974158558637
ASV_595	-1.66666666666667e-05	0.000304752454288058	0.000202838476976408	0.0391854247400004
ASV_219	0.000242857142857143	0.0001875	0.000202341137123746	0.0138366174539991
ASV_85	0.000218614718614719	0.000164913273001508	0.000202012183087698	0.0543704865568291
ASV_475	-0.000266666666666667	0.00045840074957722	0.000201468531468531	0.0425109763102752
ASV_594	0.000125	0.000249206349206349	0.000200529542920847	0.0165087719298246
ASV_309	0.000858008658008658	-0.000284203296703297	0.000197566579957884	0.0495577826761498
ASV_945	-1.52777777777778e-05	0.00034640522875817	0.000195384615384615	0.0164010156510157
ASV_886	0.000133333333333333	0.00023015873015873	0.000195033523980892	0.0491713659838335
ASV_214	9.09090909090909e-05	0.000253968253968254	0.000194074074074074	0.0146246174802209
ASV_35	-0.000104267954267954	0.000421800421800422	0.000193916083916084	0.0633176498054028
ASV_273	1e-04	0.00026025641025641	0.000188461538461538	0.0214408788567004
ASV_402	0.000207575757575758	0.000176923076923077	0.000186811594202899	0.0288909758281383
ASV_253	-3.40909090909091e-05	0.000302413273001508	0.000182682806324111	0.0120514415252267
ASV_237	4e-04	7.54901960784314e-05	0.000182014652014652	0.0145420755170755
ASV_781	0.000253968253968254	0.000125490196078431	0.000180371352785146	0.019126811350151
ASV_23	9.08119658119658e-05	0.00018775407598937	0.000179458101125797	0.0894556055328153
ASV_1237	0.000232575757575758	0.000107894736842105	0.000178819025242588	0.0600710905310517
ASV_411	0.000319444444444444	0.00010213316095669	0.000168932806324111	0.0451192816059068
ASV_175	0.000496825396825397	-6.25e-05	0.000167280384671689	0.0184205465904551
ASV_100	0.000262337662337662	7.78388278388278e-05	0.000167249417249417	0.0309549721990898
ASV_1189	0.000236111111111111	0.000125490196078431	0.000166313758705063	0.0377706752397929
ASV_78	5.68431568431568e-05	0.00023562091503268	0.000164537612146308	0.0413425597358968
ASV_481	0.00026025641025641	7.25867269984917e-05	0.000164160322436185	0.0388398888195516
ASV_442	1e-04	0.000195833333333333	0.000164044289044289	0.0142854391818722
ASV_61	0.000566880341880342	-0.000169909360505336	0.000163762163762164	0.0363684885310472
ASV_177	0.000322222222222222	4.54248366013072e-05	0.000163461538461538	0.0534480126251378
ASV_4	0.000368589743589744	-4.35963589214363e-05	0.000163270576111656	0.115518280025393
ASV_198	0.000111111111111111	0.000192156862745098	0.000162068004459309	0.0397768070678653
ASV_16	0.000316666666666667	5.26315789473684e-05	0.000161666666666667	0.0219492474192474
ASV_610	0.000125	0.00025	0.000159761904761905	0.0232220785535772
ASV_336	0.000313034188034188	5.26315789473684e-05	0.000159414659414659	0.0206300664812073
ASV_1090	-1.3986013986014e-05	0.000223318713450292	0.000158703703703704	0.0257203522721348
ASV_103	-0.000152020202020202	0.000266219848263192	0.000157679277244495	0.0413488560725813
ASV_136	-0.000234090909090909	0.000351960784313726	0.000155626780626781	0.0293883054575712
ASV_246	0.000165811965811966	0.00022051282051282	0.000155384615384615	0.0202571319603356
ASV_519	9.09090909090909e-05	0.000152923976608187	0.000153368370759675	0.0137024630541872
ASV_49	-0.000102453102453102	0.0003155002891845	0.000151792922220209	0.0674874996613504
ASV_132	3e-04	8.85448916408669e-05	0.000150714285714286	0.0293200605743573
ASV_950	0.000225	0.000116666666666667	0.000150632183908046	0.0149666666666667
ASV_15	0.000597893772893773	0.00013634184443008	0.00014990787380553	0.133550702312753
ASV_786	8.6038961038961e-05	0.000185159285159285	0.00014828121653459	0.0253557971064365
ASV_245	0.000250396825396825	9.10302717578259e-05	0.000147597402597403	0.0503546746577571
ASV_148	1e-04	0.000182186234817814	0.000147142857142857	0.0143569358178054
ASV_29	-0.000183333333333333	0.000335851648351648	0.000141460278851583	0.0643057278354721
ASV_99	0.000436111111111111	9.49432404540762e-06	0.000139047619047619	0.0413571192708507
ASV_255	0	0.000201923076923077	0.00013871635610766	0.0279394363806129
ASV_328	0.000293650793650794	4.44444444444445e-05	0.000138590203106332	0.0135899102961022
ASV_292	0.000215909090909091	0.000225052828148803	0.000136000681240956	0.0660800632511069
ASV_720	0.000311111111111111	4.16666666666667e-06	0.000135780885780886	0.0174865800865801
ASV_1013	0.000353632478632479	3.54026090868196e-05	0.00013375	0.0495442216763544
ASV_337	0.000181818181818182	8.95252837977296e-05	0.000132374581939799	0.0111311850568222
ASV_893	0.00012020202020202	0.000167832167832168	0.000130909090909091	0.0137650372805914
ASV_24	-0.000111111111111111	0.000281733746130031	0.000130826227951053	0.0355563090618872
ASV_739	2.77777777777778e-05	0.000199801587301587	0.000128555850279988	0.0477672992036372
ASV_377	0.000285714285714286	4.86111111111111e-05	0.000126811594202899	0.00365476190476191
ASV_335	0.000166666666666667	0.000111111111111111	0.000125	0.0116446821152704
ASV_360	0.000325	0	0.000123993558776167	0.010178602028602
ASV_368	9.59595959595959e-06	0.000197985773256671	0.00012344163693489	0.0538697466148302
ASV_322	0.000242857142857143	6.66666666666667e-05	0.000121666666666667	0.0215840659894091
ASV_494	0	0.0001875	0.000120401337792642	0.0165105870416643
ASV_268	0	0.000171679197994987	0.000118976836368141	0.0110677272727273
ASV_70	0.000391666666666667	-7.77777777777778e-05	0.000117824933687003	0.0282073958205537
ASV_387	8.33333333333333e-05	0.000154761904761905	0.000117816091954023	0.00644615384615385
ASV_106	6.66666666666667e-05	0.00018837818528221	0.000117547919588593	0.00938168168168168
ASV_334	-1.38888888888889e-05	0.000188888888888889	0.000116323491323491	0.0261695095610696
ASV_326	1.23737373737374e-05	0.000215277777777778	0.000115740740740741	0.0303462620379891
ASV_195	0.000118686868686869	0.000125	0.000115714285714286	0.00664212950170396
ASV_202	6.11471861471862e-05	0.000178408171635726	0.000115482246389293	0.0769129952299605
ASV_147	0.000125	9.76190476190476e-05	0.000114583333333333	0.00851666666666667
ASV_320	0.000225	5.63080495356037e-05	0.000114175824175824	0.0184023866457152
ASV_1199	0.000132323232323232	8.15188896071249e-05	0.000113944718727327	0.0774436304966035
ASV_392	0.000181818181818182	5.64102564102564e-05	0.000113444816053512	0.00806161616161616
ASV_571	-3.15268065268065e-05	0.000264423076923077	0.000112525879917184	0.0415651707399992
ASV_232	0.000233333333333333	1.85897435897436e-05	0.000112509157509158	0.0389730863004017
ASV_57	-0.000163492063492063	0.000236111111111111	0.000112464829856134	0.0172697563874034
ASV_464	0.000283333333333333	2.02020202020202e-05	0.000111904761904762	0.0128380952380952
ASV_531	0.000122222222222222	9.02777777777778e-05	0.000110128205128205	0.0123119699014436
ASV_581	2e-04	6.19047619047619e-05	0.000107368421052632	0.016543954248366
ASV_183	0.000172727272727273	2.86764705882353e-05	0.000104503919020048	0.0266189171162236
ASV_242	0.000573076923076923	-0.000128267973856209	0.000103316810903018	0.0267564233792555
ASV_504	-8.33333333333333e-05	0.000201190476190476	0.000100317693059629	0.0244835963198497
ASV_1	-4.80519480519481e-05	0.000207875457875458	9.76495193961461e-05	0.0241376124492107
ASV_94	0.00035	-3.40909090909091e-05	9.56084656084656e-05	0.0233550892436354
ASV_101	0.000213888888888889	4.57516339869284e-06	9.52380952380952e-05	0.0326020569771023
ASV_314	0.000257142857142857	-5.88235294117647e-05	9.14918414918415e-05	0.0286231400495521
ASV_119	-7.69230769230769e-05	0.000180147058823529	9.03263403263403e-05	0.00924166666666667
ASV_278	-0.000159188034188034	0.000299019607843137	8.91608391608391e-05	0.0717722280220206
ASV_59	0.000166666666666667	7.53968253968254e-05	8.82017982017982e-05	0.019072582972583
ASV_34	4.60317460317461e-05	0.000121323529411765	8.77904301817345e-05	0.0265620125713267
ASV_457	0	0.00015	8.76190476190476e-05	0.00953333333333333
ASV_891	0.000102777777777778	2.12985114300904e-05	8.69312169312169e-05	0.087659367368537
ASV_266	9.09090909090909e-05	4.61538461538461e-05	8.67650867650868e-05	0.0127094322344322
ASV_356	0	0.000133333333333333	8.60805860805861e-05	0.00710124049619849
ASV_651	0.000102991452991453	1.11721611721612e-05	8.51713825626869e-05	0.0204763208651444
ASV_104	0.000111111111111111	7.45098039215686e-05	8.5e-05	0.00530497463636998
ASV_937	1.3986013986014e-05	0.000104166666666667	8.33333333333333e-05	0.00921666666666667
ASV_86	0.000204365079365079	1.42533936651584e-05	8.30993080993081e-05	0.0541676892750891
ASV_546	0.000111111111111111	5.40616246498599e-05	8.22927072927073e-05	0.0138498861003103
ASV_630	0.000142857142857143	7.14285714285714e-05	8.16666666666667e-05	0.00734318097361576
ASV_44	0.000142857142857143	5.5952380952381e-05	8.14620162446249e-05	0.0225189161026708
ASV_27	0.000111111111111111	5.55555555555556e-05	8.09523809523809e-05	0.0183493515493516
ASV_144	0.000370707070707071	-0.000140804048892284	8.07109557109557e-05	0.0466573214812132
ASV_280	0	0.000110119047619048	8.01282051282051e-05	0.0318622187015942
ASV_397	0	9.95475113122172e-05	8.01282051282051e-05	0.0155584288260759
ASV_650	0	0.000125490196078431	8.01282051282051e-05	0.00962415458937198
ASV_419	0.000111111111111111	6.25e-05	8e-05	0.00431428571428571
ASV_249	-0.000202020202020202	0.000287152553329024	7.98982498982499e-05	0.0530464925323348
ASV_262	0	0.000126984126984127	7.91925465838509e-05	0.00734523809523809
ASV_157	-3.40909090909091e-05	0.000135746606334842	7.78787878787879e-05	0.0138753081395496
ASV_126	6.66666666666667e-05	6.9079939668175e-05	7.69230769230769e-05	0.0262181482451513
ASV_800	1.38888888888889e-05	0.000121323529411765	7.68921095008051e-05	0.0128981305284933
ASV_390	0.000148051948051948	6.66666666666667e-05	7.66472607851918e-05	0.010422619047619
ASV_287	0.00025	4.50558213716108e-05	7.65217391304348e-05	0.0162570914465651
ASV_317	-1e-04	0.000154036606668186	7.60887260887261e-05	0.0164880230880231
ASV_158	0.000174242424242424	0	7.54985754985755e-05	0.013467032967033
ASV_1116	0	0.000121323529411765	7.54985754985755e-05	0.00586363636363636
ASV_405	1e-04	3.40909090909091e-05	7.40740740740741e-05	0.0197591544852054
ASV_395	1e-04	6.25e-05	7.40740740740741e-05	0.00479988432620011
ASV_501	0.000318650793650794	-6.25e-05	7.39666081045391e-05	0.0245719435736677
ASV_479	0	0.00011437908496732	7.17948717948718e-05	0.0135764238712678
ASV_462	0.00025	-1.19075970469159e-05	7.09564509564509e-05	0.0298326762072089
ASV_285	4.16666666666667e-05	9.13461538461539e-05	7.06267806267806e-05	0.0203215662536201
ASV_276	0.000122222222222222	2.54291460173813e-05	7.04545454545454e-05	0.0327802541902542
ASV_110	0.000112301587301587	7.4488011988012e-05	7.01282051282051e-05	0.0380301868163834
ASV_357	1e-04	4.29505135387488e-05	6.98901098901099e-05	0.0129799777063322
ASV_264	-6.59340659340659e-05	0.000170480499892265	6.81042985351358e-05	0.0583361393313366
ASV_346	0.000125	5.55555555555556e-05	6.79723502304147e-05	0.0117640350877193
ASV_549	0.000166666666666667	4.38644688644689e-05	6.74804905239688e-05	0.0253135998967364
ASV_352	-4.7979797979798e-05	0.000133228291316527	6.63313337226381e-05	0.0435712396527914
ASV_644	-0.000208333333333333	0.000192647058823529	6.47806299980213e-05	0.0627647239577547
ASV_396	0.000116666666666667	0.000142857142857143	6.43467965207096e-05	0.0498624731861523
ASV_331	2e-04	-2.77777777777778e-05	6.01498501498501e-05	0.0203084567401826
ASV_109	0.000208333333333333	-3.57620320855615e-05	5.99350010105159e-05	0.0396338785702961
ASV_316	0.000416666666666667	-0.000143072613660849	5.95429771516728e-05	0.0924153585652622
ASV_450	0.000111111111111111	2.30769230769231e-05	5.39341184502475e-05	0.0375922306356808
ASV_284	0.000125	0	5e-05	0.00803785345089693
ASV_162	0	7.14285714285714e-05	5e-05	0.0102806097219426
ASV_33	-1.86868686868687e-05	7.5e-05	4.97578347578348e-05	0.0465655897552503
ASV_10	-0.000145833333333333	0.000171679197994987	4.9043549043549e-05	0.0288456404379934
ASV_832	-1.11111111111111e-05	0.000140931656063235	4.90324892498806e-05	0.0502918139025737
ASV_165	0.000577380952380952	-0.000174656002751978	4.82528180354267e-05	0.0525861620650187
ASV_406	5.3030303030303e-05	0.000112394957983193	4.77240151153195e-05	0.0473529024701436
ASV_1044	1.3986013986014e-05	6.25e-05	4.76190476190476e-05	0.0118408127596518
ASV_394	-0.000225	0.000225274725274725	4.76190476190476e-05	0.0127828494778508
ASV_645	0	6.25e-05	4.76190476190476e-05	0.00519047619047619
ASV_80	0	7.03431372549019e-05	4.54545454545455e-05	0.0273179430447946
ASV_350	0.000125	0	4.54545454545455e-05	0.00578198927672612
ASV_244	8.33333333333333e-05	6.4102564102564e-06	4.54545454545455e-05	0.00854887218045113
ASV_754	1e-04	1.58730158730159e-05	4.54545454545455e-05	0.0214170581240769
ASV_257	0.000123076923076923	-4.16666666666667e-06	4.47835497835498e-05	0.0315412974136072
ASV_567	-0.000108766233766234	0.000174242424242424	4.37878787878788e-05	0.029205293672671
ASV_270	0	0.000105769230769231	4.34782608695652e-05	0.0084926267281106
ASV_306	0.000142857142857143	0	4.34782608695652e-05	0.0129673265283021
ASV_304	0.000260714285714286	-6.58119658119658e-05	4.30769230769231e-05	0.0199894718990916
ASV_1004	-9.09090909090909e-06	9.37229437229438e-05	4.21212121212121e-05	0.0357790105383521
ASV_256	0	6.25e-05	4.16666666666667e-05	0.00683820861678004
ASV_399	0	5.88235294117647e-05	4.16666666666667e-05	0.0134571718931475
ASV_535	0	7.14285714285714e-05	4.16666666666667e-05	0.00233333333333333
ASV_552	0.000111111111111111	-4.16666666666667e-06	4.16666666666667e-05	0.0136237179487179
ASV_208	-9.09090909090909e-05	0.000105555555555556	4.16431394692264e-05	0.022282991797567
ASV_71	-0.000157647907647908	0.000210361452273217	4.0804480377194e-05	0.0960941115875188
ASV_167	0.000125	3.04834484401048e-05	3.95286195286195e-05	0.0566613478876906
ASV_46	0.00056540404040404	-0.000211860155668205	3.91574653416759e-05	0.151178679782253
ASV_489	-3.17460317460317e-05	6.61764705882353e-05	3.89194139194139e-05	0.0206641025641026
ASV_207	0	6.1236802413273e-05	3.86429512516469e-05	0.0268698181598059
ASV_674	8.33333333333333e-05	4.16666666666667e-06	3.84615384615385e-05	0.0137534044902466
ASV_89	0.000125	4.91916064671483e-06	3.84615384615385e-05	0.0207010491952352
ASV_142	0	5.26315789473684e-05	3.84615384615385e-05	0.0025
ASV_345	-1.3986013986014e-05	5.88235294117647e-05	3.84615384615385e-05	0.0145015558057354
ASV_455	0.000111111111111111	-1.52777777777778e-05	3.84615384615385e-05	0.0251248402452737
ASV_807	0	5.88235294117647e-05	3.84615384615385e-05	0.0068
ASV_505	0.000161616161616162	-7.14285714285714e-05	3.80434782608696e-05	0.00725714285714286
ASV_283	2e-04	-7.69230769230769e-05	3.78787878787879e-05	0.0121119963369963
ASV_693	-6.94444444444444e-05	1e-04	3.77777777777778e-05	0.0104214402618658
ASV_221	0.000180555555555556	-0.000117868199911544	3.75697804187507e-05	0.0452196604145417
ASV_66	6.66666666666667e-05	0	3.7037037037037e-05	0.00799523809523809
ASV_312	1e-04	0	3.7037037037037e-05	0.0157726584405932
ASV_111	0.00030472582972583	-0.000116946022673577	3.6734119342815e-05	0.125312731224132
ASV_412	0	6.98529411764706e-05	3.58160358160358e-05	0.0233611827632233
ASV_199	0	5.55555555555556e-05	3.57142857142857e-05	0.0173697478991597
ASV_421	0	6.25e-05	3.57142857142857e-05	0.0335761029738143
ASV_979	0	6.90359477124183e-05	3.43915343915344e-05	0.0190516483516484
ASV_159	-1e-04	0.000105742296918768	3.36330336330336e-05	0.00965077620340779
ASV_710	-9.36868686868687e-05	0.000121323529411765	3.34048560135517e-05	0.0124333333333333
ASV_76	0.000166666666666667	-5.55555555555556e-05	3.33333333333333e-05	0.0232821030170435
ASV_439	0	5.55555555555556e-05	3.33333333333333e-05	0.00723529411764706
ASV_371	0.000333333333333333	-3.97759103641457e-05	3.08732188527585e-05	0.0141651557200123
ASV_230	0.000211111111111111	-6.66666666666667e-05	3.08424908424908e-05	0.0102614035087719
ASV_338	0.00014520202020202	-4.16666666666667e-05	2.74966261808367e-05	0.0168552497576845
ASV_488	7.5e-05	-2.63157894736842e-06	2.59259259259259e-05	0.0126083333333333
ASV_349	0.000198484848484848	-1.36752136752137e-05	2.2504757722149e-05	0.07096776940085
ASV_194	1e-04	0	2.13675213675214e-05	0.01974613997114
ASV_584	0.000111111111111111	-5.7843137254902e-05	1.9679802955665e-05	0.0201993246371295
ASV_269	1e-04	-5.89285714285714e-05	1.53609831029186e-05	0.016736399576553
ASV_226	-0.000142857142857143	7.76205218929677e-05	1.23626373626374e-05	0.0163396560673364
ASV_281	-3e-04	0.000194038782854572	1.1978761978762e-05	0.0312818583892887
ASV_1066	-1e-04	8.73015873015873e-05	1.13935340022297e-05	0.0288223534719967
ASV_193	1e-04	-9.09090909090909e-05	9.37395937395938e-06	0.0263219688174994
ASV_39	5.9054834054834e-05	2.484335839599e-05	6.89830603623708e-06	0.0543976558048754
ASV_188	0.000138888888888889	-5.63080495356037e-05	5.95238095238095e-06	0.0275078163388768
ASV_333	1.11111111111111e-05	1.06209150326797e-05	5.92592592592593e-06	0.0195729292929293
ASV_587	5.95238095238095e-05	2.99932523616734e-05	4.70710448971318e-06	0.0391970368270044
ASV_54	0	6.88131313131313e-05	4.14497782918835e-06	0.0154549199521706
ASV_220	0	2.92397660818713e-06	3.7037037037037e-06	0.0216645939205722
ASV_596	0	-1.65118679050567e-06	3.33333333333333e-06	0.0132644799551444
ASV_793	-0.000153846153846154	0.000122222222222222	3.20512820512819e-06	0.013997624081345
ASV_88	2.5e-05	-5.4945054945055e-06	1.97628458498024e-06	0.024769342794326
ASV_521	0	1.66666666666667e-05	1.81159420289855e-06	0.0221260022973112
ASV_376	0	2.63157894736842e-06	1.53846153846154e-06	0.00871825396825397
ASV_482	-2.02020202020202e-05	1.48809523809524e-05	1.53846153846154e-06	0.0166681476418319
ASV_670	0	-1.66666666666667e-05	1.14942528735632e-06	0.0138663384137418
ASV_53	0.000272727272727273	-0.000145100732600733	4.18060200668896e-07	0.0393396631006512
ASV_108	-0.000142857142857143	5.27777777777778e-05	1.44927536231888e-07	0.0261303668503772
ASV_87	7.57575757575758e-06	0	0	0.018066504305644
ASV_64	0	0	0	0.0141214833164342
ASV_112	0	0	0	0.0032
ASV_145	0	0	0	0.0158541284112713
ASV_201	0.000290909090909091	-0.000115015479876161	0	0.0115081026224531
ASV_178	0	-4.76190476190476e-06	0	0.0249192941349143
ASV_218	0	0	0	0.00190476190476191
ASV_355	0	0	0	0.0026
ASV_388	0	0	0	0.0068280701754386
ASV_520	-0.000166666666666667	5.26315789473684e-05	0	0.00488571428571428
ASV_460	0.000111111111111111	-5e-05	0	0.00316666666666667
ASV_418	0.000111111111111111	-6.66666666666667e-05	0	0.00354901960784314
ASV_685	1e-04	-7.14285714285714e-05	0	0.00226573426573427
ASV_485	-0.000111111111111111	7.69230769230769e-05	0	0.00530331825037707
ASV_330	0	0	0	0.001
ASV_559	0	0	0	0.00285714285714286
ASV_729	-0.000125	7.14285714285714e-05	0	0.00766666666666667
ASV_467	0	0	0	0.002875
ASV_922	0	0	0	0.00128205128205128
ASV_417	0	0	0	0.00183333333333333
ASV_629	0	0	0	0.00383055555555555
ASV_441	0.000111111111111111	-7.14285714285714e-05	0	0.0266612071500501
ASV_435	0	0	0	0
ASV_1231	0	0	0	0.00581125541125541
ASV_750	0	0	0	0.00508424908424909
ASV_443	0.000159090909090909	1.66666666666667e-05	-9.86678377982726e-07	0.0231864606368863
ASV_1160	-8.33333333333333e-05	7.91666666666666e-05	-1.08058608058608e-06	0.0459296263931298
ASV_289	-0.00015	9.09090909090909e-05	-1.85185185185188e-06	0.0250129227868275
ASV_589	9.09090909090909e-05	-5.55555555555556e-05	-2.55427841634738e-06	0.00813333333333333
ASV_849	0.000166666666666667	-8.33656539538893e-05	-2.65334504464939e-06	0.0475804277769669
ASV_203	-8.21428571428572e-05	5.83333333333333e-05	-6.4102564102564e-06	0.0394134581816626
ASV_154	0.00013525641025641	-0.000120152946468736	-6.82831661092533e-06	0.0368842672136213
ASV_668	0	0	-6.99300699300699e-06	0.0262206935381751
ASV_636	-0.000294444444444444	0.000186945304437564	-7.010582010582e-06	0.0284552946917361
ASV_915	-0.000132575757575758	6.25e-05	-7.86572525702961e-06	0.0139052176189625
ASV_557	-8.33333333333333e-05	4.76190476190476e-05	-8.41750841750842e-06	0.00867981878279361
ASV_251	0.000347222222222222	-0.000205774617539323	-9.93116079322975e-06	0.0277292855020796
ASV_976	0.000131313131313131	-0.000113970588235294	-1.02813852813853e-05	0.0242024278591338
ASV_185	1.66666666666667e-05	1.0989010989011e-05	-1.09090909090909e-05	0.0185735676088617
ASV_343	-1.66666666666667e-05	-3.6764705882353e-06	-1.3136288998358e-05	0.0164423217133743
ASV_502	0.000257575757575758	-0.000142857142857143	-1.42857142857143e-05	0.0168735500647997
ASV_313	1e-04	-9.02255639097744e-05	-1.47596656217346e-05	0.0109333333333333
ASV_1072	-0.00015	5.26315789473684e-05	-2.06959706959707e-05	0.0293770835582626
ASV_783	-3.40909090909091e-05	-4.76190476190476e-05	-2.29081263564022e-05	0.0256604966462109
ASV_359	-0.000262337662337662	0.000143589743589744	-2.32405225958449e-05	0.0265809712248633
ASV_556	-1e-04	8.79851143009038e-05	-2.47969421882465e-05	0.0410649694401572
ASV_772	5.83333333333333e-05	-0.000138095238095238	-2.55790907964821e-05	0.0472321635693214
ASV_1049	-8.33333333333333e-05	6.4484126984127e-05	-2.57159994002099e-05	0.0195731322441
ASV_756	9.09090909090909e-06	-6.25e-05	-2.6013986013986e-05	0.0149624496301193
ASV_212	-0.000109090909090909	2.22222222222222e-05	-2.80725022104333e-05	0.021469696969697
ASV_410	-6.58119658119658e-05	-7.84313725490197e-06	-2.90144637970725e-05	0.0288685409284828
ASV_286	0.000211111111111111	-0.000153665413533835	-3.02692105430442e-05	0.0249563494660451
ASV_721	-0.000153846153846154	6.25e-05	-3.05039787798408e-05	0.00501363636363636
ASV_767	-0.000125	-2.15336134453781e-05	-3.24074074074074e-05	0.0141920868347339
ASV_329	0.000202020202020202	-0.00015406162464986	-3.33333333333333e-05	0.0152268176268176
ASV_279	0	-5.88235294117647e-05	-3.44827586206897e-05	0.0113730158730159
ASV_662	0	-5.26315789473684e-05	-3.57142857142857e-05	0.0334766912292657
ASV_545	-0.000153846153846154	6.66666666666667e-05	-3.57142857142857e-05	0.00876190476190476
ASV_365	-6.29370629370629e-05	0	-3.69230769230769e-05	0.0105290996577067
ASV_1182	-0.000142857142857143	0	-3.7037037037037e-05	0.00682703081232493
ASV_1147	-7.69230769230769e-05	-1.19047619047619e-05	-3.83333333333333e-05	0.00956638501370554
ASV_28	0	-5.88235294117647e-05	-3.84615384615385e-05	0.00365466063348416
ASV_238	0	-5.88235294117647e-05	-3.84615384615385e-05	0.01
ASV_751	-0.000322222222222222	0.000125490196078431	-3.84615384615385e-05	0.0116842490842491
ASV_777	0	-6.25e-05	-3.84615384615385e-05	0.00788278388278388
ASV_1091	0	-5e-05	-3.84615384615385e-05	0.0015
ASV_389	0.000344877344877345	-0.00026978021978022	-4e-05	0.0205144571360199
ASV_386	0	-6.66666666666667e-05	-4e-05	0.0026
ASV_717	-1e-04	0	-4e-05	0.0129798508819785
ASV_588	-2e-04	7.14285714285714e-05	-4.16666666666667e-05	0.0195281965525868
ASV_688	-1e-04	-4.16666666666667e-06	-4.178955453149e-05	0.0169318825673505
ASV_241	-0.000402380952380952	0.00012796451914099	-4.2729975338671e-05	0.0319721130053889
ASV_550	0	-6.66666666666667e-05	-4.34782608695652e-05	0.00779630551604236
ASV_434	8.33333333333333e-05	-0.000122222222222222	-4.34782608695652e-05	0.00560015057406361
ASV_258	-1e-04	-1.14991003148898e-05	-4.4030044030044e-05	0.0119943759786313
ASV_341	-0.000333333333333333	6.94444444444444e-05	-4.43874643874644e-05	0.0367312279325941
ASV_173	-0.000166666666666667	-1.76470588235294e-05	-4.48717948717949e-05	0.0202922926746456
ASV_228	0	-6.66666666666667e-05	-4.54545454545455e-05	0.00285714285714286
ASV_624	0	-8.33333333333333e-05	-4.54545454545455e-05	0.00175
ASV_943	0	-6.25e-05	-4.54545454545455e-05	0.0016
ASV_374	-2.02020202020202e-05	-6.66666666666667e-05	-4.62962962962963e-05	0.0175046645860599
ASV_453	-0.000125	0	-4.76190476190476e-05	0.00444444444444444
ASV_448	0	-7.14285714285714e-05	-4.76190476190476e-05	0.00327623369256948
ASV_474	-0.000285714285714286	5.26315789473684e-05	-4.8494983277592e-05	0.0128019735166794
ASV_570	3.37662337662337e-05	-8.49200206398349e-05	-4.88710162623206e-05	0.0560445752793363
ASV_661	-0.000226190476190476	1.243894993895e-05	-4.89433915520872e-05	0.0281300140455032
ASV_229	0.00034981684981685	-0.000265236006683375	-5.02692243621779e-05	0.0400651884228801
ASV_470	0	-7.14285714285714e-05	-5.26315789473684e-05	0.00871895424836601
ASV_801	8.33333333333333e-05	-0.000153846153846154	-5.35714285714286e-05	0.0082257841573631
ASV_105	0.000211111111111111	-0.000192857142857143	-6.03997451823539e-05	0.0651891132619348
ASV_656	-1e-04	-1.94805194805195e-05	-6.16360290273334e-05	0.0276961739464526
ASV_984	-0.000131410256410256	-7.17681011798659e-05	-6.60025542784163e-05	0.00592948211209081
ASV_734	-0.000109090909090909	-4.07239819004525e-05	-6.62083488170445e-05	0.0172127309341774
ASV_403	0.000437576312576313	-0.000482510953099188	-6.63505737418781e-05	0.0520890917869224
ASV_233	1.3986013986014e-05	-0.000154700854700855	-6.71428571428571e-05	0.0164924490320567
ASV_205	0.000264957264957265	-0.00030052910625666	-6.75407201494158e-05	0.0212191721418229
ASV_785	9.09090909090909e-05	-0.000138257575757576	-6.78651059085842e-05	0.0583433998486152
ASV_30	-0.000267424242424242	5.19194857430152e-05	-6.8793726402422e-05	0.0863442650827392
ASV_184	-0.000222222222222222	0	-6.89655172413793e-05	0.0175307982964209
ASV_490	0.000111111111111111	-0.000133333333333333	-7.08379784466741e-05	0.0166948875475158
ASV_809	-0.000111111111111111	-5.26315789473684e-05	-7.14285714285714e-05	0.00790476190476191
ASV_98	-0.000267857142857143	1.20475113122172e-05	-7.25725875954709e-05	0.0244115228863434
ASV_38	-0.000228510378510379	6.66666666666667e-05	-7.41758241758242e-05	0.0316527243747741
ASV_1088	-0.000166666666666667	-5.4945054945055e-06	-7.45454545454546e-05	0.0137904507494054
ASV_138	-0.000347222222222222	8.88278388278388e-05	-7.47585747585748e-05	0.0219452561251185
ASV_137	-0.000127777777777778	-5.88235294117647e-05	-7.53968253968254e-05	0.0176257040960039
ASV_32	0.000194444444444444	-0.000230408742444346	-7.64479773100463e-05	0.0533724224724036
ASV_1224	-9.24242424242424e-05	-7.14285714285714e-05	-7.7037037037037e-05	0.00732857142857143
ASV_307	4.16666666666667e-05	-0.000125	-7.73809523809524e-05	0.0169221605208447
ASV_880	-1e-04	-6.25e-05	-7.73809523809524e-05	0.00861353208558178
ASV_243	-4.80769230769231e-05	-0.000172514619883041	-7.80609406696363e-05	0.0498853695346895
ASV_121	2.02020202020202e-05	-0.000148351648351648	-7.91925465838509e-05	0.0465117374791775
ASV_528	-0.000402020202020202	9.13461538461539e-05	-8.00026137097075e-05	0.0246783281708629
ASV_347	-0.000291666666666667	0	-8.01282051282051e-05	0.0120008006898251
ASV_324	0	-0.0001125	-8.05152979066023e-05	0.0421543209315894
ASV_187	6.66666666666667e-05	-0.000145634920634921	-8.13445813445813e-05	0.070508117387443
ASV_449	-0.000236111111111111	1.78571428571428e-05	-8.15217391304348e-05	0.0148823739323739
ASV_604	-0.000220522533022533	-5.22259173574963e-05	-8.28003367058839e-05	0.10324424092495
ASV_169	0.000265934065934066	-0.000361937082525318	-8.33333333333333e-05	0.0260901032376736
ASV_361	-0.000285714285714286	-3.6764705882353e-06	-8.33333333333333e-05	0.0298233563692711
ASV_211	-0.000125	-7.69230769230769e-05	-8.34782608695652e-05	0.00700714285714286
ASV_52	-0.000271825396825397	5.50395596835225e-06	-8.36412612728402e-05	0.0528213917848929
ASV_295	-0.000166666666666667	-9.57200694042799e-05	-8.51449275362319e-05	0.0173262380092088
ASV_305	-6.82539682539683e-05	-7.69230769230769e-05	-8.56337704163791e-05	0.0129251801961479
ASV_523	-0.000429304029304029	4.76190476190476e-05	-8.95953322040278e-05	0.0116961538461538
ASV_503	-0.000183333333333333	-6.4102564102564e-06	-9.09090909090909e-05	0.0109193038917695
ASV_516	-0.000365079365079365	7.69230769230769e-05	-9.09090909090909e-05	0.00945266498207674
ASV_96	2.92929292929293e-05	-0.000159935897435897	-9.10973084886128e-05	0.0275396613048787
ASV_1084	-0.000164957264957265	-1.14551083591331e-05	-9.15734989648033e-05	0.0273739304278536
ASV_578	-2.5e-05	-0.000125	-9.19732441471572e-05	0.0257191196644307
ASV_904	-0.000136111111111111	-2.78498848932286e-05	-9.2858965254215e-05	0.0337899705895043
ASV_113	-0.000226190476190476	-2.93040293040293e-05	-9.35624359537403e-05	0.0624005565022261
ASV_153	0	-0.000154166666666667	-9.39495287321374e-05	0.0303032867958821
ASV_206	-0.000266666666666667	-6.45391759942844e-05	-9.79543805630762e-05	0.0475577892130088
ASV_1219	3.40909090909091e-05	-0.000128520499108734	-9.81884057971014e-05	0.0144709899749373
ASV_433	0	-0.000133333333333333	-1e-04	0.00308333333333333
ASV_666	-0.000150793650793651	-6.66666666666667e-05	-0.000100793090849533	0.0210948191557325
ASV_498	-0.000153943278943279	-7.67423366107577e-05	-0.000102542159933464	0.0266224181844694
ASV_948	0	-0.000144549486461251	-0.000102551063649462	0.0185811641298383
ASV_1184	-6.66666666666667e-05	-0.000142857142857143	-0.000103448275862069	0.0131638628222479
ASV_7	-0.000272727272727273	-1.66666666666667e-05	-0.000105053018707079	0.0383022762818337
ASV_1216	-1.66666666666667e-05	-0.000164086687306502	-0.000106195528609322	0.0187748742485585
ASV_432	-9.09090909090909e-05	-0.000105263157894737	-0.000107142857142857	0.0126730158730159
ASV_414	0.000528138528138528	-0.000258430458430458	-0.00010802038541169	0.0429520068781198
ASV_663	-3.59848484848485e-05	-0.000158029878618114	-0.000110621118012422	0.0312618131318286
ASV_130	-0.000301515151515152	-6.03991596638656e-05	-0.000112514814021561	0.0329166136987514
ASV_247	0	-2e-04	-0.000112535612535613	0.00890848446946008
ASV_139	-0.000499242424242424	0.000106900452488688	-0.00011335005574136	0.0454158817052714
ASV_260	-0.000111111111111111	-0.000117647058823529	-0.000115384615384615	0.00186666666666667
ASV_444	-1e-04	-0.000125	-0.000115384615384615	0.0141556512164875
ASV_1073	0.000367521367521367	-0.000342208462332301	-0.00011643928035982	0.0240823529411765
ASV_499	0	-0.0001625	-0.000116923076923077	0.0137291594655523
ASV_619	-0.000113888888888889	-9.92585630743525e-05	-0.000116939799331104	0.0229448206230586
ASV_40	-0.000111111111111111	-0.000115298427063133	-0.000117324414715719	0.0132371406371406
ASV_125	-0.000215909090909091	-5e-05	-0.000117552334943639	0.0144222222222222
ASV_583	-0.000125	-0.000117063492063492	-0.000117788461538462	0.00841577712165947
ASV_463	9.09090909090909e-05	-0.000234429824561403	-0.000118347578347578	0.0486433879292374
ASV_409	-2.30769230769231e-05	-0.000209868421052632	-0.000118461538461538	0.0358238850324663
ASV_1037	-0.000190909090909091	-5.55555555555556e-05	-0.000120515297906602	0.0114249084249084
ASV_657	5.83333333333333e-05	-0.000304105002324817	-0.000123523717661649	0.0566832215460116
ASV_385	-0.000396825396825397	2.84090909090909e-05	-0.000123993558776167	0.0147237099882132
ASV_182	0	-0.000180147058823529	-0.000124542124542125	0.0272754072831886
ASV_407	-2e-04	-0.000130252100840336	-0.000125391849529781	0.0211012133544048
ASV_117	-0.000179822954822955	-0.000128478057889823	-0.000126267827624649	0.0528154389798542
ASV_590	7.97258297258297e-05	-0.000191666666666667	-0.000127585779759693	0.0206813186813187
ASV_327	-0.000202020202020202	-7.14285714285714e-05	-0.000127619047619048	0.0102759881422925
ASV_354	-0.00025	-6.94444444444444e-05	-0.000128205128205128	0.00364083694083694
ASV_152	0	-0.0002156217750258	-0.000128398842536774	0.0197314501087648
ASV_222	-9.09090909090909e-05	-0.000167832167832168	-0.000128787878787879	0.0340961207277161
ASV_491	-0.000137820512820513	-0.000156076701935835	-0.000129487179487179	0.0280350858134959
ASV_91	-0.000515909090909091	0.000126486013986014	-0.000130542050542051	0.0228796163129406
ASV_522	2.14646464646465e-05	-0.000240277777777778	-0.000132407407407407	0.0241969735865206
ASV_695	-1e-04	-0.00015	-0.000134387351778656	0.0108433278968048
ASV_845	-0.000142857142857143	-0.000133333333333333	-0.000136363636363636	0.00944373706004141
ASV_426	-8.33333333333333e-05	-0.000199145299145299	-0.000136794871794872	0.0150128299833035
ASV_254	-7.14285714285714e-05	-2e-04	-0.000137931034482759	0.0173332774168214
ASV_378	0	-0.000167914438502674	-0.000139378881987578	0.0252846088268083
ASV_468	-0.000111111111111111	-0.000166666666666667	-0.000142857142857143	0.00831796705709749
ASV_223	-1e-04	-0.000163257575757576	-0.000145465130682522	0.0269639814906994
ASV_529	-0.000183333333333333	-0.000104166666666667	-0.000148268398268398	0.0136904761904762
ASV_1228	0.000266666666666667	-0.000394298245614035	-0.000156565656565657	0.0286143184962591
ASV_601	2.02020202020202e-05	-0.000254761904761905	-0.000157474120082816	0.0326872427178956
ASV_133	-6.50793650793651e-05	-0.000226691729323308	-0.000160144927536232	0.0417452382543879
ASV_72	-0.000142857142857143	-0.00018859649122807	-0.000160839160839161	0.0243735764695987
ASV_381	-0.000292857142857143	-8.38235294117647e-05	-0.00016292270531401	0.0482949559405262
ASV_400	-0.000305555555555556	-6.37426900584795e-05	-0.000163549945457379	0.033131593440997
ASV_711	-8.33333333333333e-05	-0.00025	-0.000163768115942029	0.00933134920634921
ASV_458	0	-0.000279336349924585	-0.000168125352907962	0.0144283731456389
ASV_300	-0.000111111111111111	-0.000254761904761905	-0.000177298850574713	0.0134292339544514
ASV_454	-0.000138888888888889	-0.000230769230769231	-0.00017969696969697	0.0181058229352347
ASV_166	-0.000125	-0.000194978632478632	-0.00017989417989418	0.0126146141215107
ASV_120	-0.00039011544011544	-0.000117261904761905	-0.000180814555814556	0.0672653682738052
ASV_217	0.000111111111111111	-0.000340434419381788	-0.000183964183964184	0.0117437641723356
ASV_209	8.54700854700852e-07	-0.000282304318488529	-0.000192906342497994	0.0315967546335996
ASV_408	-0.000142857142857143	-0.000260154203381758	-0.000193811218972026	0.0444469700754268
ASV_1079	-0.000125	-0.000229166666666667	-0.000195586820586821	0.0181076499832597
ASV_134	8.88888888888889e-05	-0.000321367521367521	-0.000197509157509157	0.025143185926853
ASV_358	0.00045	-0.000618269230769231	-0.000200000731533912	0.0509980440887846
ASV_655	-0.000125	-0.000242647058823529	-0.000201923076923077	0.0147181818181818
ASV_398	-0.000270707070707071	-0.000161689291101056	-0.000205026455026455	0.0191958398961831
ASV_524	-0.000371922521922522	-0.000168108997985159	-0.000205846560846561	0.0816587358740718
ASV_512	8.33333333333333e-05	-0.000471929824561403	-0.000214080459770115	0.0187448359112215
ASV_608	-0.000342857142857143	-0.000138095238095238	-0.000219298245614035	0.0354535087661201
ASV_123	-0.000294444444444444	-0.000189773075221992	-0.000221316974542781	0.0354085173962479
ASV_968	-0.000105580530580531	-0.000306633072809543	-0.000221668739944602	0.0847526077788777
ASV_235	4.16666666666667e-05	-0.000325490196078431	-0.000224986824769433	0.0138044106382327
ASV_3	-0.00025	-0.000213450292397661	-0.000225529100529101	0.0105991774431437
ASV_186	-0.000272727272727273	-0.000176470588235294	-0.000226190476190476	0.0123494671833566
ASV_60	-0.000265151515151515	-0.000135746606334842	-0.000231093117408907	0.0320152848168092
ASV_250	-0.000376262626262626	-0.000138095238095238	-0.000232421652421652	0.0139290383910521
ASV_234	0.000164646464646465	-0.000493160597572362	-0.00023619950098211	0.0802706263182625
ASV_210	-0.000381746031746032	-0.000138816738816739	-0.000240916635699244	0.0394651512585809
ASV_156	-0.000118686868686869	-0.000268589743589744	-0.000247363377363377	0.0139924206228554
ASV_259	0	-0.000383823529411765	-0.000250952380952381	0.016128524576199
ASV_146	-0.000299145299145299	-0.000216606535878982	-0.000254430641821946	0.0251627956906653
ASV_507	-6.82539682539683e-05	-0.000357236227824463	-0.000259259146650451	0.0324463203463203
ASV_483	-0.000602777777777778	-0.000194090996722576	-0.000279326894994061	0.0430550588900966
ASV_141	-0.000207900432900433	-0.000351719844483002	-0.000282007040416142	0.0975327901953149
ASV_192	-0.00012987012987013	-0.000306232492997199	-0.000289021051412356	0.0508025661053167
ASV_51	-0.000373484848484848	-0.000304761904761905	-0.000293997668997669	0.0277817814257486
ASV_340	0.000125	-0.000540277777777778	-0.000294036742312604	0.0201753494114175
ASV_1023	-0.00019047619047619	-0.000334935897435897	-0.000295497835497836	0.0175735513125219
ASV_275	4.16666666666667e-05	-0.000436215538847118	-0.000301273209549072	0.0223609746575116
ASV_135	-0.00025	-0.000289548768225239	-0.000303050910442215	0.0638701146939607
ASV_1133	-0.000394444444444444	-0.000252065826330532	-0.000321465201465201	0.0294102607770271
ASV_143	-7.34848484848485e-05	-0.000485294117647059	-0.000328012422360248	0.060860915361088
ASV_423	-0.000367857142857143	-0.000328855355171145	-0.000333478260869565	0.0203720177077547
ASV_65	-0.000449170274170274	-0.000219005847953216	-0.000340794270142096	0.0837817461939959
ASV_43	0.000193253968253968	-0.000661288402000476	-0.000344149811541116	0.0245185641843537
ASV_129	-0.000448412698412698	-0.000273792770696795	-0.000347111181893791	0.0438678954597488
ASV_568	-0.000375	-0.000350711337166446	-0.000348704686118479	0.0144192571337478
ASV_930	-0.000322150072150072	-0.00034925194774266	-0.000351801604192908	0.0556510792409307
ASV_833	-0.000357575757575758	-0.000337135495223731	-0.000356256038647343	0.0184614719763791
ASV_351	-0.000209090909090909	-0.000489545177045177	-0.000378848631239936	0.031644074548915
ASV_118	-0.000396581196581197	-0.000318286288874524	-0.000389003910743041	0.0230404874381561
ASV_393	-0.000433333333333333	-0.000468055555555556	-0.000420557590557591	0.0262168748361013
ASV_806	-0.000271825396825397	-0.000559267937944409	-0.000449356384356384	0.0478916908086258
ASV_486	-0.000267965367965368	-0.000544675177763413	-0.00046737977602108	0.0468918228789264
