igraph.degree	igraph.closeness	igraph.betweenness	igraph.cen.degree
ASV_1	2	0.666666666666667	3	2
ASV_1591	6	0.106364579730197	712.950000000009	6
ASV_28	2	0.571428571428571	0	2
ASV_1480	3	0.180829167891797	86.5499672949092	3
ASV_434	6	0.0963647759323096	1838	6
ASV_688	6	0.0963647759323096	6.15	6
ASV_8	5	0.0925647200481638	0.85	5
ASV_174	14	0.12966476913346	446.860978570813	14
ASV_208	2	0.0879325135830712	614	2
ASV_716	18	0.131018321261184	1071.30904485497	18
ASV_106	8	0.101871790624482	811.316666666651	8
ASV_266	1	0.137645478961504	0	1
ASV_1113	4	0.147801009372747	1468.02687282355	4
ASV_340	3	0.159574468085106	1730.71589515381	3
ASV_16	2	1	0	2
ASV_443	4	0.133521493703865	20.4694116246575	4
ASV_484	18	0.131018321261184	521.537805816007	18
ASV_666	4	0.122926244253448	0	4
ASV_414	1	0.11101083032491	0	1
ASV_397	6	0.0925786542224898	3.58333333333333	6
ASV_1574	3	0.166171305052688	0.932850482850483	3
ASV_808	9	0.150440313111546	5290.12898392661	9
ASV_2	29	0.240328253223916	7555.60760476669	29
ASV_97	12	0.212582094711372	3492.97624917477	12
ASV_350	6	0.133928571428571	7884.89449982794	6
ASV_145	1	0.160616348916166	0	1
ASV_1046	3	0.183417834774829	30.8185624827678	3
ASV_79	21	0.229734777736272	5051.59818381889	21
ASV_167	14	0.220351128627732	5812.32386822073	14
ASV_44	26	0.235361653272101	13110.3535084382	26
ASV_324	1	0.119953188999415	0	1
ASV_32	6	0.159781761496493	339.6664250467	6
ASV_111	5	0.167255915148219	1208.71629137834	5
ASV_128	9	0.178571428571429	2136.5036359217	9
ASV_132	22	0.176774935326243	812.718414572682	22
ASV_640	6	0.17713133640553	1253.72580367654	6
ASV_709	1	0.151664611590629	0	1
ASV_748	1	0.0846874139355549	0	1
ASV_3	5	0.166983437415151	5543.07294404159	5
ASV_55	5	0.159574468085106	3182.60909021834	5
ASV_547	1	0.137645478961504	0	1
ASV_136	2	0.110930735930736	0	2
ASV_6	32	0.240893066980023	6623.99036949989	32
ASV_17	22	0.229135618479881	7571.53589859577	22
ASV_39	30	0.244144501786423	11789.3965596458	30
ASV_60	28	0.237085582112567	4598.22828454101	28
ASV_253	11	0.223230490018149	1837.05150673538	11
ASV_192	19	0.233929250665652	7514.89403493437	19
ASV_14	2	0.160239708181344	769.136424140836	2
ASV_166	5	0.182060390763766	2175.99884448403	5
ASV_212	1	0.428571428571429	0	1
ASV_150	1	1	0	1
ASV_2250	1	1	0	1
ASV_315	2	0.75	2	2
ASV_420	4	0.163346613545817	832.14867383841	4
ASV_446	5	0.15724878547686	1618.96454149727	5
ASV_94	18	0.183691756272401	435.568665601354	18
ASV_220	24	0.210616438356164	6271.06850829858	24
ASV_593	2	0.165812887570774	614	2
ASV_107	3	0.185352622061483	416.854684009069	3
ASV_123	2	0.186759793501367	24.5866236600464	2
ASV_600	1	0.139014466546112	0	1
ASV_100	16	0.184518451845185	577.92130032237	16
ASV_330	5	0.155656795747912	1694.07979426218	5
ASV_328	18	0.198579270261543	4065.69850430095	18
ASV_810	2	0.0814138204924543	614	2
ASV_783	1	0.416666666666667	0	1
ASV_809	21	0.156927787700944	71.9070074759231	21
ASV_697	8	0.18899815611555	895.880451242379	8
ASV_11	1	0.13104623907948	0	1
ASV_57	7	0.17713133640553	1069.98189231478	7
ASV_61	3	0.150772248100025	614.333333333333	3
ASV_169	1	0.357142857142857	0	1
ASV_36	3	0.186873290793072	1836	3
ASV_38	5	0.144298451431253	1872.16373886564	5
ASV_83	4	0.199870003249919	277.326630687525	4
ASV_50	14	0.229135618479881	19793.7238637144	14
ASV_99	2	0.157651884132274	1226	2
ASV_1686	2	0.0879199428162974	0	2
ASV_41	26	0.233042819249716	5151.08117923063	26
ASV_187	19	0.22560528246515	5647.79183151126	19
ASV_73	16	0.22760917838638	11256.4211388916	16
ASV_115	2	0.161671924290221	0	2
ASV_614	6	0.135492399206874	8449.7848392048	6
ASV_85	4	0.186986926117361	169.833744778255	4
ASV_98	2	0.181845062093436	0	2
ASV_516	1	0.150513950073421	0	1
ASV_596	6	0.0963647759323096	411.183333333325	6
ASV_780	5	0.0963345864661654	204.733333333329	5
ASV_652	4	0.173044456949916	26.1045536163184	4
ASV_945	14	0.164438502673797	2587.65179050007	14
ASV_1362	1	0.147058823529412	0	1
ASV_141	19	0.231289958631064	5510.29115488314	19
ASV_251	17	0.219957081545064	3315.7499688557	17
ASV_175	15	0.221302626844189	705.188606824104	15
ASV_201	13	0.218162468960624	1044.28223078503	13
ASV_185	3	0.2001953125	5502.74653211572	3
ASV_537	1	0.101636093207734	0	1
ASV_432	9	0.223555070883315	2081.20176476643	9
ASV_683	1	1	0	1
ASV_338	21	0.214884696016771	11089.4993503272	21
ASV_710	5	0.118680046314164	7238.25	5
ASV_1982	1	1	0	1
ASV_391	13	0.188940092165899	420.356206221381	13
ASV_534	4	0.145700071073205	1725.01497952434	4
ASV_228	1	1	0	1
ASV_757	13	0.173777903362532	6775.23111932415	13
ASV_778	2	0.141737727587002	1179.95884914941	2
ASV_231	6	0.101804337030293	606.233333333333	6
ASV_422	1	0.142262317834837	0	1
ASV_2526	1	1	0	1
ASV_47	12	0.223636363636364	1528.95900688009	12
ASV_72	15	0.13736877373241	5344.53038773181	15
ASV_75	4	0.115950226244344	45.2562710283064	4
ASV_782	8	0.188650306748466	228.816654616776	8
ASV_405	20	0.221861471861472	8658.86787455227	20
ASV_506	1	1	0	1
ASV_104	10	0.219799857040743	537.684384291544	10
ASV_1081	3	0.148478995654273	1226	3
ASV_7	1	1	0	1
ASV_408	14	0.187958435207824	366.556473494439	14
ASV_51	6	0.152605459057072	0	6
ASV_258	1	1	0	1
ASV_86	1	0.666666666666667	0	1
ASV_465	4	0.150036594291291	614	4
ASV_753	1	0.0808359621451104	0	1
ASV_705	27	0.179143606175357	1077.81841704872	27
ASV_706	2	0.625	4	2
ASV_303	3	0.110531991373113	1226	3
ASV_627	1	1	0	1
ASV_1912	1	0.0905743740795287	0	1
ASV_811	1	0.114227340267459	0	1
ASV_895	1	0.124167171411266	0	1
ASV_158	4	0.132144391920928	4773.72898392661	4
ASV_244	24	0.175113895216401	342.933330621333	24
ASV_559	9	0.153290129611167	2352.96913461071	9
ASV_215	1	1	0	1
ASV_454	8	0.101871790624482	810.949999999996	8
ASV_1030	3	0.124267528793696	127.181409925279	3
ASV_1006	1	0.124217329832357	0	1
ASV_613	6	0.166306111411574	156.603839749581	6
ASV_235	2	0.0900307422046552	614	2
ASV_316	5	0.112042266350884	251.774427341332	5
ASV_894	4	0.152605459057072	61.3307532893849	4
ASV_345	5	0.208192281651997	458.978183916031	5
ASV_117	5	0.0925647200481638	0.2	5
ASV_962	1	0.116345062429058	0	1
ASV_621	6	0.164218958611482	962.758596055599	6
ASV_467	1	0.167574931880109	0	1
ASV_649	27	0.179143606175357	1077.81841704872	27
ASV_226	1	0.132944228274968	0	1
ASV_256	3	0.141803089693336	614	3
ASV_521	1	0.12849979105725	0	1
ASV_279	1	0.100293542074364	0	1
ASV_396	7	0.109645213050455	3383.70299696369	7
ASV_763	1	1	0	1
ASV_490	7	0.135881573133009	1832.99032254847	7
ASV_1156	1	0.165902346911249	0	1
ASV_52	1	0.0826057756883815	0	1
ASV_588	2	0.169889502762431	786.395248167945	2
ASV_378	8	0.150809220205983	781.349378841144	8
ASV_582	3	0.5	0	3
ASV_442	14	0.188073394495413	600.701824691113	14
ASV_539	13	0.154096717614633	3463.79763298733	13
ASV_1193	1	0.666666666666667	0	1
ASV_1069	4	0.16439454691259	2513.52096991492	4
ASV_491	3	0.186081694402421	2196.93315093628	3
ASV_746	5	0.642857142857143	1	5
ASV_628	1	1	0	1
ASV_550	3	0.150513950073421	614	3
ASV_751	1	0.12	0	1
ASV_18	2	0.571428571428571	0	2
ASV_19	1	0.118565644881434	0	1
ASV_42	3	0.127832051548535	252.624071406745	3
ASV_243	7	0.714285714285714	6	7
ASV_517	12	0.153903903903904	2966.35208223709	12
ASV_45	2	0.125229077580941	0	2
ASV_224	10	0.173483779971791	16501.5354171466	10
ASV_261	3	0.555555555555556	0	3
ASV_523	5	0.139868091880828	2442.31402183082	5
ASV_274	15	0.204658901830283	548.934163135926	15
ASV_768	1	0.145631067961165	0	1
ASV_1218	2	0.167666303162486	0	2
ASV_321	3	0.118178324365872	614	3
ASV_2411	1	1	0	1
ASV_815	1	0.136031851360319	0	1
ASV_1578	5	0.163259888505442	1836	5
ASV_457	1	0.147446655478303	0	1
ASV_925	11	0.136333407226779	2833.04242166288	11
ASV_120	11	0.20364238410596	4895.64060934736	11
ASV_307	10	0.180616740088106	2285.76155084302	10
ASV_277	26	0.177591683511406	1164.82681666743	26
ASV_495	3	0.625	7	3
ASV_784	2	0.165723524656427	0	2
ASV_682	2	0.172558922558923	1389.7334445206	2
ASV_675	4	0.128930817610063	2557.73036773017	4
ASV_20	7	0.106438213914849	3933.4	7
ASV_23	3	0.140539305301645	1137.00498128713	3
ASV_149	5	0.134485020774109	1469.59058139311	5
ASV_69	12	0.149707887049659	45.0658453224687	12
ASV_968	4	0.133608516185097	830.400276055825	4
ASV_116	23	0.196485623003195	3232.93444487422	23
ASV_109	1	0.141216991963261	0	1
ASV_416	11	0.169281585466557	2585.40607438919	11
ASV_610	5	0.112042266350884	251.774427341332	5
ASV_1101	8	0.123	6776.76125946333	8
ASV_25	27	0.175313568985177	1696.73914482024	27
ASV_26	2	0.117816091954023	3052.54847216476	2
ASV_92	1	1	0	1
ASV_289	1	0.11586284853052	0	1
ASV_441	12	0.172317175679462	19.6661014493924	12
ASV_672	1	0.116742596810934	0	1
ASV_913	27	0.175363558597092	569.331400511818	27
ASV_752	4	0.6	0	4
ASV_407	6	0.692307692307692	8.66666666666667	6
ASV_812	5	0.17289850998032	2736.53691698854	5
ASV_836	2	0.555555555555556	0	2
ASV_873	1	0.147446655478303	0	1
ASV_698	9	0.159202692208128	1951.62759200273	9
ASV_909	3	0.118611378977821	10.5857142857143	3
ASV_1843	13	0.202635914332784	3114.97506333355	13
ASV_742	3	0.169328193832599	0	3
ASV_869	4	0.193883984867591	77.9729113317914	4
ASV_622	1	0.153023140084598	0	1
ASV_353	2	0.156012176560122	614	2
ASV_137	8	0.201309328968903	139.508248494418	8
ASV_1084	1	1	0	1
ASV_240	8	0.214360404322063	6774.80566414152	8
ASV_631	1	0.357142857142857	0	1
ASV_700	2	0.0925090252707581	0	2
ASV_822	1	0.116389099167298	0	1
ASV_799	2	0.141770401106501	0	2
ASV_10	30	0.245705153815421	12366.7563684787	30
ASV_796	24	0.203373015873016	11576.0460022755	24
ASV_62	24	0.237635239567233	6526.45272481276	24
ASV_27	2	0.666666666666667	3	2
ASV_188	1	1	0	1
ASV_731	9	0.163563829787234	750.843765865125	9
ASV_197	3	0.140828944355393	0.285714285714286	3
ASV_708	2	0.132371932845458	614	2
ASV_486	7	0.152985074626866	202.266638861283	7
ASV_248	2	0.166621511785424	39.2041994055449	2
ASV_747	2	0.126777983920841	1226	2
ASV_1155	2	0.133203378817414	6.57713097713098	2
ASV_103	11	0.203171456888008	2728.35996434595	11
ASV_298	3	0.171548117154812	6950.24743406547	3
ASV_134	2	0.186759793501367	43.8438726385947	2
ASV_874	13	0.123991935483871	301.492704912378	13
ASV_389	21	0.179666958808063	967.809788537296	21
ASV_645	10	0.148766328011611	1.28571428571429	10
ASV_413	1	0.107875811261182	0	1
ASV_380	3	0.141705069124424	136.732035693098	3
ASV_726	1	1	0	1
ASV_280	6	0.148478995654273	0	6
ASV_430	10	0.139455782312925	5781.13113832343	10
ASV_625	1	0.135462555066079	0	1
ASV_996	26	0.179248032643544	1154.76017928061	26
ASV_232	5	0.184684684684685	201.186874023593	5
ASV_606	13	0.186986926117361	884.834224649824	13
ASV_770	5	0.150698358245528	0.161111111111111	5
ASV_148	3	0.8	5	3
ASV_211	13	0.172849915682968	4210.29646949305	13
ASV_624	5	0.188303735456216	581.016232724989	5
ASV_713	24	0.157088122605364	178.518317388225	24
ASV_678	1	0.131635273972603	0	1
ASV_779	26	0.175313568985177	748.507865093544	26
ASV_1033	1	0.141574585635359	0	1
ASV_157	5	0.184684684684685	1838	5
ASV_190	1	0.150513950073421	0	1
ASV_206	12	0.149707887049659	45.0658453224687	12
ASV_357	8	0.198067632850242	2110.65693248947	8
ASV_238	1	0.160114553501692	0	1
ASV_512	8	0.19573520050923	808.754423189584	8
ASV_306	2	0.75	2	2
ASV_322	28	0.179457251240152	2033.51541564328	28
ASV_1763	5	0.152719145766079	0.642857142857143	5
ASV_1208	1	0.105997931747673	0	1
ASV_1116	5	0.152454139811601	2160.94857822886	5
ASV_684	3	0.140828944355393	0.285714285714286	3
ASV_68	1	0.5	0	1
ASV_142	3	0.170501802051566	1902.96524992454	3
ASV_65	3	0.119463869463869	0	3
ASV_1111	17	0.156647987773816	17.6530563109241	17
ASV_56	24	0.238279736536226	11030.0722416352	24
ASV_257	10	0.212142117971714	343.726386039204	10
ASV_339	11	0.171835708298407	29.8697180262819	11
ASV_611	9	0.181737588652482	11620.8513261616	9
ASV_269	1	0.175965665236052	0	1
ASV_934	2	0.169328193832599	614	2
ASV_331	5	0.190579485590332	646.169018865882	5
ASV_278	12	0.219407777381377	2546.16575276399	12
ASV_282	4	0.197812801543905	726.212896102285	4
ASV_511	18	0.187328662808407	2929.96739686658	18
ASV_402	6	0.176724137931034	0	6
ASV_292	7	0.17692750287687	1204.25949224023	7
ASV_96	26	0.235271614384086	18332.006529865	26
ASV_105	18	0.192428035043805	2392.41019254726	18
ASV_573	16	0.173141891891892	98.1076973876794	16
ASV_897	1	0.150256535548497	0	1
ASV_1293	14	0.162526427061311	641.162977309472	14
ASV_267	14	0.211631108052306	3987.06068272157	14
ASV_317	15	0.15321375186846	317.078061207479	15
ASV_410	18	0.218627799502311	3805.82354854965	18
ASV_478	1	0.5	0	1
ASV_304	1	0.194190085254184	0	1
ASV_335	8	0.185129440096328	1960.85911107522	8
ASV_325	12	0.125433408117479	145.676624115044	12
ASV_24	12	0.219017094017094	5438.92419253476	12
ASV_182	7	0.197241821680564	2503.92413603545	7
ASV_545	15	0.190579485590332	608.708665287062	15
ASV_902	9	0.162183544303797	33.2310684148595	9
ASV_195	2	0.180722891566265	614	2
ASV_301	4	0.189814814814815	2535.29231695811	4
ASV_665	1	0.153099327856609	0	1
ASV_681	7	0.2001953125	114.43557980302	7
ASV_409	3	0.13169164882227	614	3
ASV_560	5	0.203037306041598	2365.6448220339	5
ASV_379	1	0.144842204427697	0	1
ASV_775	3	0.157409777322754	614	3
ASV_71	13	0.195362134688691	1737.35111955951	13
ASV_179	1	0.155933062880325	0	1
ASV_861	7	0.191290824261275	644.678403101549	7
ASV_176	3	0.186307179642533	336.004350584902	3
ASV_140	19	0.235722499041778	4289.48612714375	19
ASV_578	16	0.172317175679462	149.840499899626	16
ASV_856	2	0.137645478961504	0	2
ASV_385	17	0.156647987773816	1699.17742314199	17
ASV_460	14	0.223473837209302	1133.25776660294	14
ASV_29	12	0.219957081545064	7006.25409758218	12
ASV_129	4	0.187614399023795	479.583683780387	4
ASV_477	25	0.179039301310044	1601.30576319536	25
ASV_540	6	0.16594711279007	556.173773898395	6
ASV_704	1	0.144129364893368	0	1
ASV_33	11	0.182981255578697	4631.09059683182	11
ASV_203	8	0.162354804646251	385.616447596246	8
ASV_37	4	0.161079099004715	764.748311441443	4
ASV_259	2	0.151589844712842	5.20289515332716	2
ASV_424	2	0.178209214720371	32.1233003174685	2
ASV_580	3	0.200521682425823	281.040019504481	3
ASV_102	4	0.160616348916166	73.8398508317383	4
ASV_347	11	0.154290015052684	4.43771974856331	11
ASV_831	1	1	0	1
ASV_294	14	0.232163080407701	7112.2959915035	14
ASV_552	2	0.106180939226519	0	2
ASV_530	2	0.159079151577858	1545.0266442821	2
ASV_745	2	0.157208588957055	8869.87101607339	2
ASV_499	2	0.0988904968644477	1226	2
ASV_754	1	1	0	1
ASV_46	2	0.154678068410463	1166.64315532864	2
ASV_119	1	0.152190051967335	0	1
ASV_153	13	0.154445002511301	618.979913269236	13
ASV_227	1	0.0988269323477422	0	1
ASV_77	9	0.182872435325602	3275.73571590842	9
ASV_181	4	0.17591533180778	679.444805261899	4
ASV_213	3	0.12089640259485	614	3
ASV_423	1	0.0752938295788443	0	1
ASV_383	1	0.190520446096654	0	1
ASV_760	4	0.165367034148965	945.0802224358	4
ASV_805	2	0.178571428571429	0	2
ASV_265	1	1	0	1
ASV_327	5	0.199416342412451	530.278868489447	5
ASV_439	2	0.161205766710354	190.064048972165	2
ASV_89	2	0.146358876725369	116.372729337712	2
ASV_1247	1	0.375	0	1
ASV_360	1	0.133812010443864	0	1
ASV_938	2	0.170596393897365	0	2
ASV_164	17	0.215562565720294	14536.3297650476	17
ASV_618	4	0.137645478961504	8395.91807489691	4
ASV_892	2	0.16937482787111	131.684471603888	2
ASV_794	1	1	0	1
ASV_577	1	0.147375988497484	0	1
ASV_702	2	0.141737727587002	614	2
ASV_34	3	0.8	4	3
ASV_623	1	0.17621776504298	0	1
ASV_494	7	0.151477832512315	1185.44252451184	7
ASV_264	1	0.118405852907201	0	1
ASV_95	2	1	0	2
ASV_138	2	1	0	2
ASV_427	2	1	1	2
ASV_692	4	0.174666287986368	710.059634549645	4
ASV_480	7	0.164218958611482	1593.68782403478	7
ASV_781	7	0.714285714285714	4.83333333333333	7
ASV_741	1	0.109547559672248	0	1
ASV_764	6	0.119929797191888	5830.15818829466	6
ASV_178	3	0.15	0	3
ASV_113	5	0.133899412148922	1414.96327513886	5
ASV_1048	2	0.110452586206897	0	2
ASV_668	7	0.151477832512315	3662	7
ASV_364	4	0.119696379914364	3.33333333333333	4
ASV_839	15	0.172172452407615	260.918854264136	15
ASV_452	1	0.130131189166314	0	1
ASV_1512	3	0.111091040462428	0	3
ASV_214	1	0.142890334572491	0	1
ASV_844	1	0.167803547066849	0	1
ASV_245	13	0.153023140084598	0.610605443727879	13
ASV_367	28	0.175563802455039	1174.58507181091	28
ASV_724	1	0.121015348288076	0	1
ASV_680	3	0.2015732546706	1549.71414340944	3
ASV_906	2	0.0995790155440415	614	2
ASV_152	1	1	0	1
ASV_239	3	0.177848467322152	8.78391877560375	3
ASV_589	4	0.164879356568365	167.493107685222	4
ASV_880	1	0.101201250617081	0	1
ASV_40	8	0.833333333333333	21.3333333333333	8
ASV_43	15	0.192007492975336	2092.7235311992	15
ASV_172	16	0.189289012003693	4149.71257293086	16
ASV_458	3	0.150624540778839	0.714285714285714	3
ASV_376	3	0.163390010626993	0	3
ASV_1093	10	0.170549084858569	699.91677459719	10
ASV_767	27	0.179143606175357	1164.70120888564	27
ASV_942	5	0.192307692307692	3159.37444945667	5
ASV_798	11	0.18418688230009	2931.54978455807	11
ASV_246	10	0.172365470852018	1004.19608343112	10
ASV_916	13	0.179352580927384	2482.69153004156	13
ASV_790	1	1	0	1
ASV_1047	3	0.5625	0	3
ASV_664	11	0.178987194412107	147.340937318967	11
ASV_1002	1	0.109762627164019	0	1
ASV_2916	8	0.120305164319249	1490.13606457891	8
ASV_54	3	0.13169164882227	614	3
ASV_84	3	0.150513950073421	0	3
ASV_88	21	0.176978417266187	1292.66255014739	21
ASV_433	1	0.105706428325885	0	1
ASV_444	11	0.14967145290825	299.230673777185	11
ASV_533	7	0.818181818181818	8.16666666666667	7
ASV_384	2	0.130379478482086	0	2
ASV_558	1	0.149453219927096	0	1
ASV_496	2	0.164879356568365	614	2
ASV_630	7	0.112123974475843	505.689490475513	7
ASV_766	6	0.151142786925535	0.55952380952381	6
ASV_254	1	0.5	0	1
ASV_1055	1	0.120540964327715	0	1
ASV_64	11	0.214734636871508	1765.82693638716	11
ASV_428	2	0.161927330173776	614	2
ASV_124	19	0.156727828746177	1463.55824507898	19
ASV_337	4	0.175714285714286	1290.74749575419	4
ASV_229	4	0.15974025974026	113.899925885845	4
ASV_482	1	1	0	1
ASV_493	11	0.162311955661124	514.080084767282	11
ASV_1154	1	0.13049013367282	0	1
ASV_146	4	0.156687898089172	6071.44711537908	4
ASV_63	24	0.234196496572734	2558.79214998609	24
ASV_189	13	0.224288840262582	279.562478746775	13
ASV_500	3	0.147730002402114	6409.18625731478	3
ASV_1586	1	0.5	0	1
ASV_1751	1	0.130851063829787	0	1
ASV_160	2	0.112575507962658	614	2
ASV_268	3	0.149235622421742	0	3
ASV_312	9	0.201705477205641	521.626334169532	9
ASV_570	2	0.153865399049287	0	2
ASV_365	5	0.193032015065913	1312.03784465627	5
ASV_66	22	0.235632183908046	17137.6497449995	22
ASV_286	10	0.203709837694601	2754.19342022651	10
ASV_260	6	0.213838664812239	2681.52612184864	6
ASV_503	4	0.198836081474297	14841.8366350154	4
ASV_883	13	0.122877122877123	773.727058178921	13
ASV_728	14	0.123717561858781	252.169949374322	14
ASV_616	8	0.116103454785728	0.666666666666667	8
ASV_803	3	0.197495183044316	48.1008232061662	3
ASV_647	1	0.416666666666667	0	1
ASV_67	6	0.166171305052688	973.98436780838	6
ASV_202	2	0.146219686162625	0	2
ASV_310	1	0.120540964327715	0	1
ASV_575	9	0.168032786885246	1591.64026308514	9
ASV_90	1	0.135911602209945	0	1
ASV_1202	2	0.107592722183345	0	2
ASV_531	4	0.168354776895702	2035.88366065116	4
ASV_661	24	0.195238095238095	2244.54376331805	24
ASV_217	2	0.130767595152031	0	2
ASV_403	6	0.113113849549384	7247.6	6
ASV_333	4	0.166666666666667	836.517368479395	4
ASV_143	3	0.16734693877551	9584	3
ASV_375	11	0.178467788740569	1306.86299574698	11
ASV_399	3	0.144366197183099	4200	3
ASV_70	21	0.179877157063469	1008.52802328884	21
ASV_80	4	0.135761589403974	1170.33852339349	4
ASV_76	7	0.122681029323758	64.0685434431994	7
ASV_133	3	0.161417322834646	676.099666865743	3
ASV_485	3	0.173777903362532	0	3
ASV_827	5	0.141411818808922	0	5
ASV_1339	1	0.0916132876508268	0	1
ASV_93	1	0.0879073756432247	0	1
ASV_450	1	0.116920152091255	0	1
ASV_820	25	0.179039301310044	931.270471218049	25
ASV_501	2	0.100836202656173	614	2
ASV_853	4	0.189814814814815	2656.51609945404	4
ASV_184	9	0.217468175388967	636.025285256481	9
ASV_758	2	0.625	6	2
ASV_344	20	0.22760917838638	1463.18470150472	20
ASV_291	3	0.126882607798638	7826	3
ASV_841	6	0.112083105522143	1477.77442734133	6
ASV_363	10	0.124695863746959	700.712594232084	10
ASV_687	1	0.134986830553117	0	1
ASV_419	3	0.15530303030303	8978.66147660653	3
ASV_411	2	0.167483660130719	0	2
ASV_81	1	0.116389099167298	0	1
ASV_392	3	0.144366197183099	4200	3
ASV_114	6	0.204727030625832	2714.22718171732	6
ASV_101	7	0.197241821680564	2323.24372429655	7
ASV_773	6	0.2001953125	664.970575453179	6
ASV_210	2	0.136272989142477	614	2
ASV_604	3	0.172413793103448	20.3811314082743	3
ASV_110	2	0.169983416252073	0	2
ASV_1015	1	0.154058116232465	0	1
ASV_643	1	0.165367034148965	0	1
ASV_1102	1	0.109450080085424	0	1
ASV_112	4	0.178727114210985	861.361784583764	4
ASV_247	5	0.204318936877076	9182.033632208	5
ASV_970	4	0.189114391143911	101.103195143802	4
ASV_121	5	0.181148748159057	1140.46807121394	5
ASV_370	2	0.1921875	1137.2205450532	2
ASV_463	3	0.141281874569263	11.3809781270628	3
ASV_632	7	0.214061956143404	1199.4600764857	7
ASV_800	1	0.121015348288076	0	1
ASV_122	7	0.213467545990975	9409.90242817663	7
ASV_163	9	0.220272206303725	6698.13451906543	9
ASV_381	1	0.128580388877274	0	1
ASV_326	8	0.206237424547284	5034.02186640976	8
ASV_180	3	0.180246189917937	833.43853601946	3
ASV_352	10	0.201309328968903	22501.2511673321	10
ASV_584	1	1	0	1
ASV_151	2	0.555555555555556	0	2
ASV_308	13	0.187614399023795	1043.58780004418	13
ASV_492	3	0.555555555555556	0	3
ASV_879	20	0.17692750287687	871.14929715617	20
ASV_332	1	1	0	1
ASV_200	2	0.526315789473684	0	2
ASV_449	1	1	0	1
ASV_216	4	0.125305623471883	2114.0038883983	4
ASV_218	13	0.149853801169591	533.464108997546	13
ASV_207	1	0.168539325842697	0	1
ASV_765	20	0.200456323337679	4828.41465353959	20
ASV_336	19	0.203104359313078	7201.9907081863	19
ASV_438	17	0.172365470852018	285.301097075793	17
ASV_720	2	0.173728813559322	4.46541428052084	2
ASV_349	2	0.118542791056284	614	2
ASV_789	2	0.146428571428571	0	2
ASV_382	4	0.183801554094441	10052.0079751708	4
ASV_474	2	0.133550488599349	168.317888173925	2
ASV_576	1	0.139392565729828	0	1
ASV_712	1	0.116742596810934	0	1
ASV_161	3	0.129364745477493	227.099714695776	3
ASV_633	4	0.137430167597765	2145.52610390177	4
ASV_771	5	0.625	1.83333333333333	5
ASV_447	3	0.161544523246651	510.949573807975	3
ASV_581	1	0.180616740088106	0	1
ASV_669	3	0.143691588785047	1409.41581115991	3
ASV_1054	1	0.114418604651163	0	1
ASV_191	4	0.174220963172805	3992.03162830706	4
ASV_574	2	0.190166975881262	0	2
ASV_329	6	0.186476652516677	2042.53752275668	6
ASV_469	11	0.212288574387297	3040.43223622767	11
ASV_168	13	0.210760795065113	2800.6191026773	13
ASV_658	2	0.124847746650426	614	2
ASV_541	2	0.0885146804835924	614	2
ASV_348	10	0.211776859504132	8138.65536704567	10
ASV_475	2	0.177489177489178	0	2
ASV_717	14	0.129174543163201	1358.42327768481	14
ASV_823	4	0.191588785046729	3903.44268973939	4
ASV_302	17	0.227440828402367	4320.71944700737	17
ASV_162	1	0.11456780923994	0	1
ASV_927	18	0.131018321261184	763.151118993472	18
ASV_546	2	0.167119565217391	0	2
ASV_170	1	0.444444444444444	0	1
ASV_599	1	0.0885401670025914	0	1
ASV_914	1	1	0	1
ASV_646	4	0.137032085561497	1839	4
ASV_667	5	0.182981255578697	2828.92426431221	5
ASV_173	12	0.149707887049659	45.0658453224687	12
ASV_654	1	0.130241423125794	0	1
ASV_744	12	0.149707887049659	651.324248683813	12
ASV_1145	10	0.170407315045719	3342.42825711544	10
ASV_2528	1	0.147694524495677	0	1
ASV_671	11	0.176673369721344	1126.58352749305	11
ASV_1508	4	0.833333333333333	8	4
ASV_829	6	0.1842972729997	1150.0837300078	6
ASV_602	7	0.17930029154519	836.831171544012	7
ASV_662	12	0.204727030625832	11526.0123005465	12
ASV_740	10	0.171979865771812	388.67093114467	10
ASV_849	10	0.171452467242821	838.330986525673	10
ASV_881	3	0.146883209935515	1.10211662859165	3
ASV_830	3	0.134279475982533	606.388596523524	3
ASV_194	1	1	0	1
ASV_309	3	0.111453425154041	1227	3
ASV_341	1	0.416666666666667	0	1
ASV_514	1	1	0	1
ASV_548	3	0.529411764705882	0	3
ASV_1127	3	0.0924951120469243	0	3
ASV_723	17	0.130990415335463	433.079918580504	17
ASV_519	2	0.185296776137391	2450.22076004837	2
ASV_594	2	0.526315789473684	9	2
ASV_714	3	0.15032999266683	2417.84282150474	3
ASV_860	3	0.555555555555556	0	3
ASV_204	7	0.179457251240152	7683.83028223186	7
ASV_225	6	0.186873290793072	4292.79469409908	6
ASV_711	2	0.151552488910793	614	2
ASV_249	10	0.201507208387942	8914.37100459138	10
ASV_695	4	0.195797516714422	134.276462777826	4
ASV_1461	1	0.167757774140753	0	1
ASV_230	4	0.144264602392681	1310.58882706891	4
ASV_587	5	0.210688591983556	2118.37634910367	5
ASV_334	8	0.101888667992048	2035.26666666669	8
ASV_638	2	0.0925090252707581	614	2
ASV_236	1	1	0	1
ASV_679	6	0.19182782283219	2390.59139013335	6
ASV_1318	2	0.147517390261454	614	2
ASV_772	2	0.131635273972603	614	2
ASV_497	4	0.134279475982533	1959.05422543942	4
ASV_536	2	0.183911483253589	25.7734388875344	2
ASV_356	1	0.444444444444444	0	1
ASV_833	2	0.118702953097858	7.14285714285714	2
ASV_255	3	0.172801348693453	614	3
ASV_271	11	0.185800604229607	1969.12690773223	11
ASV_1758	3	0.16347687400319	0.333333333333333	3
ASV_648	5	0.165012074054199	1226	5
ASV_556	1	0.139836289222374	0	1
ASV_563	2	0.145012968639472	1836	2
ASV_838	1	1	0	1
ASV_297	3	0.153290129611167	313.908749186865	3
ASV_525	4	0.170596393897365	284.659515142778	4
ASV_1564	2	0.123271196632592	614	2
ASV_1078	4	0.175664095972579	849.336905500026	4
ASV_1269	1	0.153404839111998	0	1
ASV_2662	2	0.157975854097097	6283.49227849046	2
ASV_281	1	0.132314974182444	0	1
ASV_818	5	0.184352517985612	8570.81334876712	5
ASV_299	1	0.100293542074364	0	1
ASV_300	12	0.154716981132075	0	12
ASV_355	2	0.149562256809339	614	2
ASV_718	1	0.152757078986587	0	1
ASV_2522	2	0.140507196710075	1226	2
ASV_795	1	0.147694524495677	0	1
ASV_612	4	0.162440570522979	1166.59809167684	4
ASV_868	2	0.107592722183345	0	2
ASV_505	3	0.165056360708535	1836	3
ASV_305	1	1	0	1
ASV_507	2	0.129364745477493	614	2
ASV_311	2	0.161927330173776	0	2
ASV_318	2	0.146533238027162	379.978391230225	2
ASV_319	2	0.187328662808407	67.2658224326901	2
ASV_557	8	0.153099327856609	1.80555555555556	8
ASV_351	2	0.162655382174028	0	2
ASV_425	2	0.5	4	2
ASV_555	2	0.126543209876543	0	2
ASV_871	8	0.134396853146853	1653.53910581352	8
ASV_415	11	0.153711572106973	2398.98605026474	11
ASV_451	4	0.106309420916162	201.33333333333	4
ASV_459	7	0.818181818181818	8.16666666666667	7
ASV_1990	3	0.163520340335017	0.5	3
ASV_1043	14	0.129637436762226	237.853603526069	14
ASV_470	3	0.107404820118757	4871	3
ASV_468	2	0.0885911840968021	1226	2
ASV_566	1	0.15530303030303	0	1
ASV_677	1	0.081327691087014	0	1
ASV_807	1	0.107404820118757	0	1
ASV_553	7	0.205068356118706	2104.42105311419	7
ASV_878	2	0.0970643939393939	1226	2
ASV_565	4	0.197685631629701	493.237185146195	4
ASV_2045	10	0.183856502242152	432.349791693885	10
ASV_1235	4	0.192367844854551	361.83395636902	4
ASV_509	7	0.188940092165899	1147.79985563764	7
ASV_670	6	0.201243455497382	4754.99166319503	6
ASV_2907	7	0.200718015665796	2209.26282599718	7
ASV_982	4	0.173876166242578	37.409104197947	4
ASV_518	3	0.5625	8	3
ASV_532	1	1	0	1
ASV_788	1	0.167757774140753	0	1
ASV_571	1	1	0	1
ASV_544	11	0.18905625576391	6141.07547878311	11
ASV_601	5	0.172752808988764	1226	5
ASV_568	9	0.175814751286449	60.4252499005424	9
ASV_569	1	0.120540964327715	0	1
ASV_641	1	0.139772727272727	0	1
ASV_802	17	0.130990415335463	433.079918580504	17
ASV_690	6	0.174964438122333	81.1156874991137	6
ASV_791	2	0.151217113351365	1377.76243218028	2
ASV_837	1	1	0	1
ASV_776	2	0.147411313518696	614	2
ASV_733	3	0.0971257106759318	2447	3
ASV_907	2	0.117906441717791	0	2
ASV_923	1	0.133405639913232	0	1
ASV_761	3	0.152378592666006	3256.80082716538	3
ASV_777	16	0.201970443349754	3826.82066113762	16
ASV_787	1	0.5	0	1
ASV_801	13	0.205273698264352	1041.07988589926	13
ASV_1120	2	0.164438502673797	0	2
ASV_848	4	0.165634258012389	56.3998670267649	4
ASV_952	2	0.155775075987842	0	2
ASV_1850	11	0.193883984867591	1517.63456742358	11
ASV_1263	3	0.166666666666667	25.85519083537	3
ASV_862	7	0.184352517985612	3726.96427205218	7
ASV_1347	4	0.173239436619718	1227	4
ASV_1746	11	0.204454787234043	1526.81322618191	11
ASV_1842	4	0.159120310478655	24.1374782873921	4
ASV_919	2	0.142559109874826	1226	2
ASV_2902	5	0.158505154639175	2779.26198940087	5
ASV_2488	6	0.166036717062635	3391.47497381168	6
ASV_1908	2	0.149018657620548	305.480849259938	2
ASV_2533	1	0.142427049559981	0	1
ASV_998	14	0.188592456301748	1371.12155710974	14
ASV_2360	12	0.195362134688691	1184.81282926558	12
ASV_1246	19	0.208121827411168	6665.59490328192	19
ASV_2051	1	1	0	1
ASV_2532	14	0.203507610853739	2513.51462649194	14
ASV_1118	13	0.190816009928638	1552.77165167079	13
ASV_1439	20	0.204590818363273	4061.11871311966	20
ASV_2438	7	0.187328662808407	666.070185998573	7
