igraph.degree	igraph.closeness	igraph.betweenness	igraph.cen.degree
ASV_20	1	1	0	1
ASV_38	1	0.6	0	1
ASV_10	1	1	0	1
ASV_50	1	1	0	1
ASV_81	1	1	0	1
ASV_71	7	0.818181818181818	4.81111111111111	7
ASV_86	2	0.75	0	2
ASV_84	2	1	1	2
ASV_64	1	1	0	1
ASV_89	2	0.75	0	2
ASV_122	1	1	0	1
ASV_137	3	1	0	3
ASV_107	3	1	0.5	3
ASV_159	3	1	0	3
ASV_92	1	1	0	1
ASV_142	2	1	0	2
ASV_80	1	1	0	1
ASV_148	4	1	0	4
ASV_199	2	0.75	0	2
ASV_108	1	1	0	1
ASV_203	4	0.424242424242424	18	4
ASV_125	3	0.8	3	3
ASV_147	1	0.666666666666667	0	1
ASV_870	3	0.625	1.5	3
ASV_407	1	1	0	1
ASV_134	2	0.75	0	2
ASV_131	1	1	0	1
ASV_169	1	1	0	1
ASV_235	1	1	0	1
ASV_319	3	0.714285714285714	0	3
ASV_284	1	1	0	1
ASV_245	2	0.555555555555556	4	2
ASV_193	2	0.75	0	2
ASV_202	1	1	0	1
ASV_206	2	0.5	0	2
ASV_294	1	0.454545454545455	0	1
ASV_230	1	1	0	1
ASV_192	1	1	0	1
ASV_139	5	1	4	5
ASV_165	1	0.6	0	1
ASV_195	2	1	1	2
ASV_171	2	0.666666666666667	0	2
ASV_201	2	1	0	2
ASV_217	1	0.666666666666667	0	1
ASV_175	2	1	0	2
ASV_229	10	1	0	10
ASV_173	1	1	0	1
ASV_265	2	1	0	2
ASV_333	5	1	1.5	5
ASV_162	2	1	0	2
ASV_226	3	1	0.5	3
ASV_172	8	0.7	0.111111111111111	8
ASV_215	1	0.666666666666667	0	1
ASV_228	1	1	0	1
ASV_338	1	0.666666666666667	0	1
ASV_248	1	1	0	1
ASV_224	1	1	0	1
ASV_234	1	1	0	1
ASV_334	6	0.692307692307692	0.922222222222222	6
ASV_204	3	0.5625	0	3
ASV_273	1	1	0	1
ASV_218	1	1	0	1
ASV_219	1	1	0	1
ASV_1119	1	1	0	1
ASV_256	1	1	0	1
ASV_227	1	1	0	1
ASV_242	1	1	0	1
ASV_341	2	1	0	2
ASV_303	4	0.411764705882353	40.5	4
ASV_232	1	0.555555555555556	0	1
ASV_324	1	1	0	1
ASV_355	1	0.666666666666667	0	1
ASV_314	1	0.666666666666667	0	1
ASV_264	3	1	0.5	3
ASV_253	1	1	0	1
ASV_293	2	0.75	0	2
ASV_456	1	1	0	1
ASV_891	3	0.625	1.5	3
ASV_423	4	1	5	4
ASV_528	1	0.222222222222222	0	1
ASV_390	1	0.666666666666667	0	1
ASV_236	2	1	0	2
ASV_474	2	0.555555555555556	0	2
ASV_320	2	0.75	0	2
ASV_449	1	1	0	1
ASV_402	1	1	0	1
ASV_630	2	0.28	13	2
ASV_254	1	0.571428571428571	0	1
ASV_372	4	1	1	4
ASV_290	1	1	0	1
ASV_307	3	0.8	1	3
ASV_268	2	1	1	2
ASV_348	1	0.666666666666667	0	1
ASV_263	5	1	0.666666666666667	5
ASV_337	1	1	0	1
ASV_339	1	1	0	1
ASV_414	1	1	0	1
ASV_460	4	0.325581395348837	7	4
ASV_405	2	1	0	2
ASV_373	1	1	0	1
ASV_400	1	1	0	1
ASV_644	1	0.269230769230769	0	1
ASV_1072	2	0.454545454545455	0	2
ASV_300	1	1	0	1
ASV_389	1	1	0	1
ASV_1133	1	1	0	1
ASV_533	1	0.5	0	1
ASV_321	1	1	0	1
ASV_296	1	0.6	0	1
ASV_412	2	1	0	2
ASV_769	1	1	0	1
ASV_239	1	1	0	1
ASV_801	3	1	2	3
ASV_475	1	0.454545454545455	0	1
ASV_376	1	1	0	1
ASV_394	7	0.666666666666667	0	7
ASV_886	1	0.5	0	1
ASV_463	1	1	0	1
ASV_322	7	0.818181818181818	4.81111111111111	7
ASV_1126	1	0.304347826086957	0	1
ASV_761	3	0.358974358974359	35	3
ASV_266	11	0.823529411764706	0.361111111111111	11
ASV_685	1	1	0	1
ASV_511	1	1	0	1
ASV_353	3	1	3	3
ASV_378	1	1	0	1
ASV_406	1	1	0	1
ASV_395	10	1	0	10
ASV_397	6	1	5	6
ASV_485	3	1	0	3
ASV_594	1	1	0	1
ASV_330	1	1	0	1
ASV_420	1	1	0	1
ASV_518	2	1	0	2
ASV_567	2	1	0	2
ASV_411	2	1	0	2
ASV_707	1	1	0	1
ASV_417	1	1	0	1
ASV_584	2	1	0	2
ASV_604	3	0.4375	40	3
ASV_550	4	1	3	4
ASV_744	1	1	0	1
ASV_351	12	0.875	1.07539682539683	12
ASV_440	4	1	0	4
ASV_592	1	1	0	1
ASV_415	1	1	0	1
ASV_639	3	1	0	3
ASV_465	2	0.666666666666667	0	2
ASV_430	3	1	2	3
ASV_459	1	1	0	1
ASV_651	3	1	0	3
ASV_312	4	0.833333333333333	0	4
ASV_366	2	1	0	2
ASV_419	2	1	1	2
ASV_477	1	1	0	1
ASV_416	1	0.5	0	1
ASV_653	3	1	0	3
ASV_453	1	1	0	1
ASV_729	2	1	0	2
ASV_455	1	1	0	1
ASV_531	2	0.75	2	2
ASV_370	1	1	0	1
ASV_525	4	0.833333333333333	2.5	4
ASV_349	9	0.736842105263158	0.25	9
ASV_934	1	0.666666666666667	0	1
ASV_1147	1	1	0	1
ASV_684	10	1	0	10
ASV_989	1	0.666666666666667	0	1
ASV_833	1	0.6	0	1
ASV_657	2	0.75	0	2
ASV_559	4	0.833333333333333	0	4
ASV_336	2	1	0	2
ASV_295	4	0.833333333333333	0	4
ASV_362	2	1	0	2
ASV_904	1	1	0	1
ASV_688	4	0.833333333333333	4	4
ASV_767	2	1	0	2
ASV_950	5	0.857142857142857	0	5
ASV_637	1	1	0	1
ASV_751	5	0.857142857142857	0	5
ASV_587	1	1	0	1
ASV_756	5	0.857142857142857	0	5
ASV_557	1	1	0	1
ASV_568	1	1	0	1
ASV_937	2	1	0	2
ASV_580	2	1	0	2
ASV_467	1	1	0	1
ASV_490	1	1	0	1
ASV_508	1	1	0	1
ASV_979	2	0.75	0	2
ASV_609	4	1	1	4
ASV_501	3	1	0.5	3
ASV_894	3	1	0	3
ASV_1224	5	1	1.5	5
ASV_369	1	1	0	1
ASV_561	2	0.666666666666667	0	2
ASV_448	3	0.8	0	3
ASV_1209	3	0.714285714285714	6	3
ASV_842	4	0.482758620689655	50	4
ASV_379	13	0.933333333333333	1.77777777777778	13
ASV_442	6	0.692307692307692	0.922222222222222	6
ASV_450	2	1	0	2
ASV_791	3	1	0	3
ASV_563	1	1	0	1
ASV_596	1	0.571428571428571	0	1
ASV_629	1	1	0	1
ASV_500	1	1	0	1
ASV_1085	2	1	0	2
ASV_620	1	1	0	1
ASV_595	3	0.318181818181818	5.5	3
ASV_663	1	1	0	1
ASV_696	1	1	0	1
ASV_478	4	0.833333333333333	0	4
ASV_588	1	1	0	1
ASV_608	10	1	0	10
ASV_670	2	1	0	2
ASV_479	1	1	0	1
ASV_523	10	1	0	10
ASV_497	1	1	0	1
ASV_1079	2	0.75	0	2
ASV_1019	2	1	1	2
ASV_499	3	1	0.5	3
ASV_572	1	0.666666666666667	0	1
ASV_962	1	1	0	1
ASV_581	2	1	0	2
ASV_682	3	1	0	3
ASV_737	1	1	0	1
ASV_623	2	1	0	2
ASV_753	3	0.368421052631579	13	3
ASV_516	10	1	0	10
ASV_713	2	1	0	2
ASV_699	4	1	0	4
ASV_650	3	0.714285714285714	6	3
ASV_429	5	1	0.666666666666667	5
ASV_910	1	1	0	1
ASV_1073	2	1	0	2
ASV_509	1	1	0	1
ASV_676	3	1	0	3
ASV_830	5	0.692307692307692	8.44444444444444	5
ASV_540	3	1	0	3
ASV_1174	2	1	0	2
ASV_510	1	1	0	1
ASV_354	13	0.933333333333333	1.77777777777778	13
ASV_1114	1	0.5	0	1
ASV_493	1	1	0	1
ASV_863	1	1	0	1
ASV_694	2	0.254545454545455	0	2
ASV_711	3	1	0.5	3
ASV_638	4	1	0	4
ASV_461	3	0.8	1	3
ASV_846	3	1	0	3
ASV_602	1	1	0	1
ASV_789	6	1	0.75	6
ASV_593	1	1	0	1
ASV_600	5	1	0.666666666666667	5
ASV_1138	1	0.571428571428571	0	1
ASV_598	1	1	0	1
ASV_468	10	0.777777777777778	0	10
ASV_617	1	1	0	1
ASV_552	1	1	0	1
ASV_677	1	0.6	0	1
ASV_610	10	1	0	10
ASV_733	2	0.666666666666667	0	2
ASV_969	1	1	0	1
ASV_487	1	1	0	1
ASV_855	3	0.8	0	3
ASV_781	1	1	0	1
ASV_903	1	1	0	1
ASV_708	4	0.5625	0.2	4
ASV_968	1	0.274509803921569	0	1
ASV_613	2	0.75	0	2
ASV_444	4	0.833333333333333	0	4
ASV_703	1	0.5	0	1
ASV_880	2	1	0	2
ASV_712	4	1	0	4
ASV_1091	1	1	0	1
ASV_551	1	1	0	1
ASV_674	4	1	3	4
ASV_534	14	1	14.7777777777778	14
ASV_700	3	1	0	3
ASV_1045	2	1	0	2
ASV_1013	1	0.428571428571429	0	1
ASV_925	2	0.625	0	2
ASV_915	1	1	0	1
ASV_722	1	1	0	1
ASV_1107	2	1	0	2
ASV_1117	4	0.75	0	4
ASV_1187	1	1	0	1
ASV_565	4	1	1.5	4
ASV_661	1	1	0	1
ASV_720	10	1	0	10
ASV_1159	3	1	0	3
ASV_1161	2	1	0	2
ASV_943	1	0.518518518518518	0	1
ASV_816	1	1	0	1
ASV_1100	6	0.75	4.16666666666667	6
ASV_982	3	0.714285714285714	7	3
ASV_633	1	1	0	1
ASV_852	1	1	0	1
ASV_946	6	1	0.75	6
ASV_854	2	1	0	2
ASV_1230	1	1	0	1
ASV_658	1	1	0	1
ASV_784	1	1	0	1
ASV_726	2	0.666666666666667	0	2
ASV_768	6	1	0.75	6
ASV_672	1	0.571428571428571	0	1
ASV_1198	2	0.571428571428571	0	2
ASV_573	4	0.833333333333333	0	4
ASV_666	3	0.714285714285714	0	3
ASV_809	3	0.8	0	3
ASV_649	1	0.545454545454545	0	1
ASV_810	4	0.833333333333333	0	4
ASV_845	5	0.857142857142857	0	5
ASV_1021	1	1	0	1
ASV_775	1	1	0	1
ASV_794	10	1	0	10
ASV_871	1	0.666666666666667	0	1
ASV_689	4	1	1.5	4
ASV_678	1	1	0	1
ASV_675	1	1	0	1
ASV_760	1	0.384615384615385	0	1
ASV_914	1	1	0	1
ASV_905	4	0.833333333333333	4	4
ASV_701	13	0.933333333333333	1.77777777777778	13
ASV_826	2	0.555555555555556	0	2
ASV_970	2	1	1	2
ASV_806	1	0.666666666666667	0	1
ASV_965	2	0.5	0	2
ASV_750	3	0.8	0	3
ASV_829	1	1	0	1
ASV_987	4	0.75	0	4
ASV_1116	4	0.833333333333333	0	4
ASV_434	13	0.933333333333333	1.77777777777778	13
ASV_774	1	1	0	1
ASV_586	3	1	0	3
ASV_1074	2	0.666666666666667	0	2
ASV_642	3	0.8	0	3
ASV_988	3	1	0	3
ASV_1169	5	0.857142857142857	0	5
ASV_654	1	1	0	1
ASV_1112	5	0.642857142857143	0.722222222222222	5
ASV_1004	1	1	0	1
ASV_800	1	1	0	1
ASV_1008	1	0.6	0	1
ASV_1228	3	0.714285714285714	0	3
ASV_1121	1	1	0	1
ASV_741	2	1	0	2
ASV_951	2	0.311111111111111	0	2
ASV_862	4	0.75	0	4
ASV_1134	1	1	0	1
ASV_435	13	0.933333333333333	1.77777777777778	13
ASV_901	1	1	0	1
ASV_1009	1	1	0	1
ASV_778	2	1	1	2
ASV_913	2	0.75	2	2
ASV_900	1	1	0	1
ASV_742	1	0.666666666666667	0	1
ASV_747	1	1	0	1
ASV_998	1	0.454545454545455	0	1
ASV_1135	1	1	0	1
ASV_839	1	1	0	1
ASV_690	10	0.777777777777778	0	10
ASV_605	1	1	0	1
ASV_856	3	0.8	0	3
ASV_906	3	0.8	0	3
ASV_735	1	1	0	1
ASV_872	4	0.833333333333333	2.5	4
ASV_929	11	0.823529411764706	0.535714285714286	11
ASV_1221	1	1	0	1
ASV_1014	3	0.8	0	3
ASV_1197	3	1	2	3
ASV_1232	1	1	0	1
ASV_921	1	1	0	1
ASV_718	1	1	0	1
ASV_1092	2	1	0	2
ASV_1007	10	1	0	10
ASV_1200	2	1	0	2
ASV_1061	4	0.833333333333333	0	4
ASV_770	1	1	0	1
ASV_992	3	0.714285714285714	4	3
ASV_1043	10	1	0	10
ASV_1036	2	0.75	0	2
ASV_1191	1	1	0	1
ASV_953	6	1	0.75	6
