ID	log2FC	log2CPM	PValue	FDR	level	MeanA	MeanB	DE03P016	DE03P017	DE03P049	DE03P054	DE03P060	DE03P065	DE03P076	DE03P081	DE03P083	HE03P003	HE03P004	HE03P005	HE03P010	HE03P011	HE03P012	HE03P014	HE03P019	HE03P021	HE03P022	HE03P023	HE03P024	HE03P025	HE02P026	HE03P028	HE03P046	HE03P047	HE03P048	HE03P050	HE03P051	HE03P055	HE03P056	HE03P057	HE03P058	HE03P059	HE03P061	HE03P063	HE03P064	HE03P066	HE03P067	HE03P068	HE03P071	HE03P072	HE03P073	HE03P074	HE03P075	HE03P077	HE03P078	HE03P082
ASV_1	0.474	18.708	0.795169645264776	0.965294924060784	NotSig	12.357	8.899	5.559	5.685	4.241	39.807	7.76	4.29	42.824	0.878	0.167	5.398	1.445	3.533	3.433	9.738	9.472	3.86	24.005	7.176	1.535	9.108	2.813	2.383	6.424	0.605	8.341	35.115	4.912	16.357	10.502	24.428	12.358	20.43	5.382	6.593	13.547	4.582	3.015	2.059	8.854	12.753	13.729	8.899	2.473	1.369	20.715	18.259	1.294	0.174
ASV_2	-0.866	18.138	0.120449893394972	0.965294924060784	NotSig	5.651	10.301	2.275	4.014	6.094	3.257	7.295	11.431	16.075	0.33	0.085	10.767	2.068	4.455	1.049	2.452	1.163	11.74	2.15	0.832	11.869	6.047	2.628	28.84	21.114	3.717	10.075	14.996	21.567	15.735	2.442	25.894	13.733	7.421	23.135	17.578	4.899	19.831	4.675	15.84	4.445	4.945	10.622	10.095	3.244	25.417	7.449	18.853	7.738	0.228
ASV_4	0.662	18.452	0.876251151208846	0.965294924060784	NotSig	5.573	3.523	0.637	1.428	35.871	4.085	1.174	2.034	4.505	0.311	0.108	1.307	0.782	0.389	0.393	0.03	1.519	1.116	1	0.16	0.191	0.134	0.102	0.715	0.988	0.108	7.18	0.902	3.531	17.615	1.815	1.823	5.609	28.399	5.949	15.647	3.001	2.622	7.631	5.162	1.586	0.712	3.177	0.318	3.983	0.846	5.652	4.168	1.035	0.088
ASV_3	-0.616	17.852	0.603191669433734	0.965294924060784	NotSig	2.168	3.321	3.037	9.986	0.488	0.239	0.735	3.616	1.231	0.048	0.128	23.651	2.299	11.793	1.836	7.42	0.759	0.874	7.772	4.266	1.764	10.642	17.217	2.022	0.289	0.183	0.797	0.135	0.867	0.08	0.055	0.385	0.281	0.215	0.393	0.075	2.111	9.851	0.677	0.566	0.413	0.607	2.233	0.624	6.946	5.497	1.892	1.114	0.903	0.017
ASV_5	1.065	16.68	0.308596065185217	0.965294924060784	NotSig	2.944	1.407	0.969	1.983	10.497	0.879	8.526	2.118	1.158	0.186	0.178	0.823	1.273	0.779	0.841	2.434	1.767	1.452	0.543	0.138	0.348	0.917	0.293	0.379	0.09	0.304	1.981	2.033	1.403	0.554	0.515	0.942	2.686	0.543	4.718	0.499	3.635	0.657	1.336	0.509	0.632	0.939	0.753	1.7	2.76	9.494	2.765	0.737	0.691	0.028
ASV_11	2.014	18.269	0.67768913609453	0.965294924060784	NotSig	4.091	1.013	1.948	0.604	0.029	0.152	0.92	0.277	0.17	31.595	1.127	0.25	3.783	0.884	1.587	2.391	4.812	0.845	0.502	6.455	1.537	0.736	1.354	3.293	1.755	2.21	0.141	0.651	0.072	0.089	0.291	0.111	0.077	0.071	0.437	0.07	0.195	0.035	0.293	0.013	0.255	1.589	0.068	0.061	0.356	0.113	0.28	0.064	0.436	1.352
ASV_7	-0.634	17.577	0.658741252136477	0.965294924060784	NotSig	1.154	1.792	1.416	2.244	0.061	0.113	4.802	0.209	0.089	0.794	0.661	0.61	0.314	0.226	6.909	1.495	0.154	3.035	5.474	2.296	1.3	1.935	2.192	7.999	2.076	19.546	0.641	0.662	0.145	0.139	0.038	0.295	0.33	0.113	0.764	0.132	0.321	0.234	0.284	0.043	0.804	0.419	0.353	0.526	0.06	0.272	1.035	0.36	0.672	5.666
ASV_6	-0.393	16.609	0.389768363209152	0.965294924060784	NotSig	1.18	1.55	0.238	0.857	0.268	3.534	4.034	1.553	0.13	0.007	0.003	1.356	0.849	1.092	0.718	0.749	0.079	0.752	0.516	0.016	0.145	0.035	0.172	0.482	0.148	4.91	0.417	1.519	0.696	1.795	0.31	9.771	4.431	2.654	2.06	0.302	1.311	0.403	1.172	4.353	0.736	0.766	1.205	2.247	0.336	0.248	1.688	9.994	0.014	0.022
ASV_8	-1.188	16.275	0.375436231055647	0.965294924060784	NotSig	0.489	1.113	0.81	2.169	0.046	0.064	0.743	0.099	0.026	0.297	0.146	0.87	7.931	4.566	6.458	1.174	0.325	5.717	0.537	0.172	1.778	0.268	1.443	0.547	0.614	3.482	0.272	0.874	0.122	0.04	0.297	0.12	0.312	0.031	1.208	0.089	0.2	0.015	0.15	0.036	1.596	0.531	0.064	0.292	0.131	0.64	0.141	0.054	0.307	0.02
ASV_9	-0.42	16.525	0.896753272648184	0.965294924060784	NotSig	1.25	1.672	2.486	2.743	0.098	0.119	1.052	0.877	0.112	1.203	2.556	0.4	1.456	3.252	1.7	8.245	4.31	1.362	0.646	2.391	0.777	0.448	9.432	2.376	0.889	1.25	2.278	0.488	0.293	0.308	0.231	0.121	0.194	0.111	1.083	0.132	1.855	0.924	0.802	0.989	0.439	1.228	1.95	0.73	0.466	0.859	0.927	0.427	9.11	0.327
ASV_14	0.649	16.682	0.917322169805493	0.968921541857052	NotSig	1.557	0.993	1.779	1.26	0.011	0.064	0.548	0.101	0.005	0.884	9.36	0.542	0.504	0.183	1.368	0.403	2.639	2.054	2.274	3.56	1.13	2.107	1.007	1.238	0.677	4.019	0.088	0.117	0.031	0.121	0.065	0.041	0.072	0.028	0.198	0.032	0.493	0.037	0.195	0.021	0.262	0.141	1.432	0.126	0.081	0.068	0.212	0.036	0.603	10.512
ASV_13	-0.846	16.1	0.466096721195976	0.965294924060784	NotSig	0.639	1.148	2.982	0.389	0.086	0.133	0.239	0.315	0.114	0.853	0.635	5.477	0.279	0.163	0.528	0.083	3.411	1.717	3.33	7.022	5.197	1.638	0.405	0.525	1.171	0.616	0.237	0.083	0.12	0.902	0.171	0.102	0.13	0.078	0.525	1.195	0.712	0.254	0.473	0.04	0.808	0.314	3.858	0.287	0.11	0.367	0.41	0.517	0.274	1.25
ASV_15	1.641	17.721	0.658741252136477	0.965294924060784	NotSig	3.186	1.021	3.797	1.048	0.02	0.065	0.639	0.127	0.02	1.355	21.601	0.177	0.205	0.082	1.317	0.182	1.608	0.95	2.084	4.191	2.835	3.297	1.034	1.538	2.346	2.194	0.082	0.075	0.167	0.068	0.059	0.026	0.057	0.018	0.169	0.034	0.892	0.012	0.159	0.012	0.163	0.222	0.051	0.061	0.054	0.255	0.293	0.029	0.45	12.381
ASV_18	-0.549	16.344	0.775194296529647	0.965294924060784	NotSig	0.347	0.507	0.164	2.046	0.01	0.039	0.309	0.046	0.003	0.401	0.101	0.362	0.899	0.153	8.32	2.098	0.012	1.34	0.38	0.065	0.175	0.297	0.299	1.529	0.104	0.075	0.144	0.037	0.025	0.017	0.007	0.019	0.122	0.064	0.065	0.038	0.095	0.085	0.055	0.04	0.111	0.02	0.062	0.19	0.009	0.201	0.162	0.191	0.214	1.702
ASV_12	-1.212	17.596	0.603191669433734	0.965294924060784	NotSig	0.7	1.623	0.011	0.046	0.708	0.74	1.849	1.868	1.046	0.022	0.013	0.147	0.043	0.024	0.166	0.147	0.116	0.483	0.124	0.126	0.077	1.86	0.114	0.204	0.002	0.004	0.058	0.262	0.382	0.179	0.106	0.351	6.083	1.918	5.902	0.21	4.683	0.889	1.245	4.752	0.172	0.338	0.733	3.662	19.814	4.313	3.013	0.548	0.012	0.017
ASV_22	-0.499	14.182	0.93794462587066	0.972470194921114	NotSig	0.23	0.326	0.049	0.025	0.622	0.261	0.05	0.127	0.205	0.523	0.212	0.056	0.102	0.054	0.964	0.141	1.038	0.124	0.073	0.014	0.13	0.003	0.004	0.081	0.42	0.026	1.859	0.254	0.29	0.195	0.101	0.325	0.341	1.028	0.452	0.184	0.13	0.055	1.779	0.037	0.532	0.13	0.975	0.193	0.117	0.038	0.125	0.1	0.176	0.048
ASV_25	-0.056	15.789	0.249878329740558	0.965294924060784	NotSig	0.745	0.774	1.036	0.056	0.494	0.962	0.501	2.173	0.624	0.744	0.113	2.123	0.172	0.172	0.079	0.016	0.072	0.874	0.281	0.405	0.43	0.189	0.038	0.087	0.15	0.084	0.551	0.096	1.735	0.434	0.24	0.293	0.358	0.099	2.172	4.134	0.566	1.701	2.063	0.275	0.469	0.415	0.575	0.247	5.66	0.181	0.638	1.603	0.307	0.205
ASV_23	-0.168	15.679	0.835499391976648	0.965294924060784	NotSig	0.845	0.949	2.005	2.284	0.062	0.046	0.554	0.33	0.091	1.631	0.6	0.229	0.507	1.543	1.424	1.561	3.06	1.036	0.485	1.517	0.525	0.404	4.555	1.982	0.538	2.236	0.184	0.152	0.637	0.105	0.221	0.076	0.106	0.048	1.472	0.099	0.85	0.523	0.516	1.115	0.346	0.82	1.303	0.279	0.113	0.109	0.492	0.434	5.245	0.173
ASV_17	-1.235	16.854	0.498726188335883	0.965294924060784	NotSig	0.481	1.132	0.266	0.019	0.259	0.528	1.944	0.859	0.422	0.013	0.015	0.024	0.019	0.064	0.137	0.096	0.007	0.034	0.024	0.041	0.082	0.079	0.055	0.101	3.191	0.132	3.745	1.338	0.466	0.406	11.846	5.835	0.883	0.298	0.671	0.619	1.83	5.884	0.577	0.233	0.274	1.049	1.449	0.36	0.589	0.055	0.615	0.353	0.012	0.664
ASV_20	-1.371	16.282	0.404416432338495	0.965294924060784	NotSig	0.332	0.86	0.054	0.012	0.101	0.577	0.492	0.829	0.897	0.012	0.018	0.182	0.073	1.666	0.194	0.022	0	0.214	0.095	0.004	0.027	0.017	0.225	0.235	0.016	0.022	4.741	2.175	0.28	1.12	0.051	7.969	1.734	1.41	0.224	1.032	0.102	0.149	0.348	3.106	0.149	0.076	0.135	1.912	0.389	0.085	0.146	3.117	0.055	0.048
ASV_38	-0.787	13.503	0.466096721195976	0.965294924060784	NotSig	0.138	0.239	0.278	0.263	0.014	0.07	0.065	0.08	0.013	0.339	0.124	0.052	0.034	0.034	0.27	0.125	1.161	0.228	0.216	0.597	0.489	0.437	0.261	0.282	0.314	0.808	0.093	0.059	0.072	0.111	0.042	0.019	0.066	0.017	0.143	0.064	0.071	0.03	0.824	0.033	0.592	0.087	0.123	0.186	0.798	0.081	0.161	0.021	0.065	0.251
ASV_16	-0.118	15.515	0.696835901860122	0.965294924060784	NotSig	0.496	0.538	0.251	0.235	0.492	0.196	0.186	3.011	0.078	0.003	0.011	0.204	0.38	2.61	0.367	0.021	0.161	0.017	0.284	0	0.039	0.006	0.004	0.007	0.016	0.064	1.141	3.389	3.09	0.109	0.095	0.233	0.172	0.001	0.168	1.072	0.168	0.431	0.272	0.116	0.053	0.067	0.965	0.216	4.683	0.244	0.023	0.087	0.008	0.003
ASV_26	-0.221	14.655	0.696835901860122	0.965294924060784	NotSig	0.46	0.536	0.241	0.191	0.157	0.267	0.267	0.18	0.124	0.131	2.579	0.409	1.263	0.271	1.701	1.396	0.209	0.716	0.705	0.658	0.3	1.467	0.926	1.448	0.642	2.291	0.312	0.111	0.286	0.102	0.425	0.016	0.152	0.157	0.089	0.101	0.126	0.159	0.22	0.205	0.265	0.036	0.162	0.029	0.131	0.16	0.465	0.157	2.575	0.057
ASV_10	-4.715	9.198	0.138789729360369	0.965294924060784	NotSig	0	0.004	0	0	0	0	0	0	0	0.001	0	0	0.017	0	0.059	0.005	0.009	0.003	0	0.004	0.007	0.017	0.006	0	0	0.002	0.004	0	0	0	0	0	0	0	0	0	0	0	0	0.001	0	0	0	0	0	0	0.032	0	0	0
ASV_27	0.632	15.294	0.876251151208846	0.965294924060784	NotSig	0.686	0.443	0.287	0.78	0.007	0.045	0.149	0.12	0.012	0.759	4.017	0.271	1.018	0.229	2.947	1.819	0.009	0.883	0.792	0.168	1.18	0.195	1.221	0.177	0.249	0.216	0.07	0.058	0.022	0.005	0.032	0.016	0.031	0.048	0.058	0.065	0.845	0.027	0.482	0.081	2.039	0.307	0.499	0.048	0.177	0.085	0.167	0.031	0.129	0.575
ASV_21	-0.989	17.573	0.579089443173681	0.965294924060784	NotSig	0.908	1.803	0.166	0.354	0.68	0.129	0.452	5.893	0.048	0.355	0.094	1.297	19.499	19.178	1.019	0.36	0.057	0.084	1.453	0.002	0.016	0	0.004	0.007	0.055	0	0.689	0.253	1.076	0.047	0.095	0.141	0.325	0.064	0.109	0.176	0.731	1.198	0.507	0.272	0.058	0.148	0.14	0.016	0.114	0.422	0.861	1.792	17.995	0.045
ASV_65	-0.178	15.501	0.917322169805493	0.968921541857052	NotSig	0.518	0.587	2.201	0.604	0.012	0.099	0.338	0.053	0.007	0.809	0.543	0.182	0.57	0.108	0.593	0.203	4.637	0.588	0.918	2.359	0.739	2.706	1.617	1.076	0.358	3.055	0.082	0.04	0.034	0.096	0.152	0.057	0.052	0.043	0.059	0.034	0.097	0.01	0.037	0.037	0.123	0.764	0.041	0.098	0.071	0.041	0.032	0.004	0.182	0.982
ASV_40	-0.897	15.951	1	1	NotSig	0.489	0.911	0.939	0.387	0.616	0.323	0.853	0.49	0.665	0.025	0.102	0.288	0.186	0.138	0.037	0.016	0.442	0.088	0.163	0.423	0.207	0.704	0.045	0.081	0.102	0.042	1.787	1.378	4.338	0.553	0.34	1.174	0.92	0.27	2.923	0.733	0.755	6.335	0.522	0.124	0.362	3.764	0.784	2.363	0.443	0.205	0.59	1.448	0.228	0.217
ASV_54	-0.321	15.701	0.515469139159809	0.965294924060784	NotSig	0.313	0.391	0.067	0.084	0.004	0.086	0.123	0.092	0.026	0.176	2.161	0.093	0.15	0.094	0.292	0.043	0.057	0.691	0.073	3.029	0.361	0.905	0.231	0.3	0.199	0.216	0.202	0.03	0.028	0.096	0.048	0.035	0.049	0.057	0.073	0.143	5.328	0.045	0.034	0.512	0.595	0.125	0.029	0.008	0.127	0.01	0.7	0.061	0.083	0.117
ASV_35	-0.837	15.618	0.896753272648184	0.965294924060784	NotSig	0.253	0.452	0.36	0.505	0.011	0.023	0.096	0.091	0.03	0.341	0.824	0.231	0.397	0.148	0.611	0.278	0.072	0.572	0.425	0.115	0.371	0.102	0.144	0.036	0.065	0.187	0.03	0.003	0.037	0.029	0.061	0	0.016	0.056	0.069	0.115	5.029	0.03	2.825	0.058	1.925	0.213	2.003	0.022	0.02	0.025	1.231	0.043	0.033	0.018
ASV_31	0.223	15.769	0.917322169805493	0.968921541857052	NotSig	0.614	0.526	0.207	1.543	0.016	0.313	0.037	0.074	0.016	2.562	0.758	0.197	0.507	0.177	5.585	1.28	0.067	0.555	0.573	0.514	1.066	1.644	2.914	1.767	0.72	0.788	0.113	0.211	0.066	0.036	0.033	0.023	0.047	0.13	0.034	0.028	0.127	0.065	0.259	0.064	0.028	0.049	0.129	0.057	0.009	0.041	0.065	0.06	0.341	0.156
ASV_33	0.042	15.413	0.434647111050732	0.965294924060784	NotSig	0.444	0.431	0.103	0.047	1.421	1.866	0.218	0.216	0.091	0.026	0.007	0.322	0.102	0.392	0.103	0.154	0.034	0.01	0.411	0.14	0.161	1.208	0.227	0.043	0.009	0.033	0.183	0.123	0.313	0.109	0.227	0.271	4.362	2.272	0.198	0.158	0.331	0.072	0.223	0.273	0.142	0.141	0.3	2.134	0.704	0.365	0.159	0.407	0.005	0
ASV_37	0.945	15.462	0.0912289560787858	0.965294924060784	NotSig	0.57	0.296	0.43	0.082	0.32	1.071	0.487	2.078	0.612	0.004	0.044	0.073	0.077	0.18	0.018	0.006	0.166	0.116	0.082	0.19	0.005	0	0.004	0.049	0.028	0.07	0.318	0.364	4.514	0.437	0.301	0.123	0.222	0.036	0.134	0.156	0.163	0.396	0.812	0.191	0.177	0.251	0.205	0.09	0.921	0.105	0.455	0.09	0.003	0.018
ASV_51	-1.583	15.371	0.120449893394972	0.965294924060784	NotSig	0.14	0.419	0.115	0.081	0.018	0.057	0.408	0.058	0.02	0.251	0.252	0.241	0.332	0.232	0.349	1.027	0.01	0.183	0.422	0.024	0.275	0.09	0.504	2.343	0.42	4.239	0.157	0.12	0.034	0.092	0.777	0.057	0.182	0.085	0.198	0.074	0.034	0.057	0.223	0.103	0.676	1.369	0.158	0.414	0.033	0.132	0.157	0.111	0.073	0.345
ASV_87	-1.379	14.72	0.308596065185217	0.965294924060784	NotSig	0.134	0.348	0.266	0.624	0.016	0.007	0.182	0.012	0.003	0.065	0.028	0.101	0.634	0.424	1.823	0.433	1.046	0.264	0.157	0.071	0.234	0.332	1.49	2.294	0.316	2.698	0.022	0.426	0.01	0.009	0.012	0.016	0.056	0.007	0.055	0.004	0.025	0.022	0.061	0.025	0.026	0.038	0.016	0.139	0.017	0.052	0.01	0.05	0.115	0.029
ASV_39	-0.742	13.515	1	1	NotSig	0.116	0.194	0.297	0.247	0.013	0.112	0.105	0.108	0.008	0.112	0.044	0.056	0.101	0.049	0.771	1.171	0.142	0.659	0.064	0.059	0.816	0.084	0.375	0.031	0.055	0.007	0.015	0.126	0.092	0.027	0.049	0.028	0.068	0.063	0.054	0.013	0.244	0.645	0.101	0.061	0.151	0.103	0.06	0.019	0.009	0.111	0.461	0.261	0.023	0.358
ASV_67	-1.899	15.931	0.491567536274435	0.965294924060784	NotSig	0.088	0.329	0.002	0.007	0	0.028	0.642	0.033	0.01	0.059	0.015	0	0	0	0.095	0.053	0	0.01	0.002	0.002	0	0.003	1.223	0.48	0.623	6.246	0.007	0.447	0.01	0.003	0.017	0.051	0.246	0.148	0.031	0.038	0.042	0	0.461	0.013	0.049	0.022	0.078	2.125	0.01	0.11	0.019	0.126	0.014	0.032
ASV_55	1.631	15.411	0.260972785845031	0.965294924060784	NotSig	0.908	0.293	0.199	0.025	4.357	0.218	1.892	0.229	0.084	0.088	1.079	0.343	0.023	0.024	0.034	0.022	0.262	0.04	0.032	0.257	2.364	0.143	0.102	0.085	0.367	0.106	0.199	0.143	1.008	0.171	0.163	0.067	0.121	0.158	1.511	0.843	0.244	0.042	0.098	0.134	0.221	0.112	0.049	0.014	0.091	0.166	0.525	0.514	0.039	0.593
ASV_52	0.433	13.948	0.93794462587066	0.972470194921114	NotSig	0.266	0.197	1.58	0.096	0.067	0.019	0.158	0.06	0.025	0.195	0.194	0.339	0.036	0.079	0.066	0.019	0.985	0.055	0.295	0.773	0.377	0.087	0.076	0.182	0.217	0.394	0.003	0.006	0.042	0.024	0.051	0.029	0.06	0.021	0.072	0.169	0.395	0.087	0.259	0.019	0.2	0.092	0.527	0.06	0.009	0.038	0.302	0.383	0.195	0.658
ASV_36	1.16	14.78	0.549778814303663	0.965294924060784	NotSig	0.821	0.367	0.174	0.168	0.18	2.814	2.445	1.366	0.125	0.103	0.016	0.405	0.451	0.244	0.244	0.355	0.452	0.152	0.132	0.014	0.009	0.015	0.051	0.018	0.058	0.037	0.816	0.549	0.83	0.155	0.178	0.128	1.95	0.122	0.101	0.21	0.167	0.219	0.168	0.702	0.434	0.307	0.306	0.158	0.117	2.234	0.786	1.015	0.044	0.002
ASV_29	-0.503	14.805	0.133933418807524	0.965294924060784	NotSig	0.327	0.463	0.923	1.063	0.012	0.059	0.603	0.151	0.036	0.035	0.057	0.073	0.166	2.181	1.032	0.504	0.423	1.181	0.091	0.144	0.466	0.119	2.796	0.186	0.208	0.341	0.258	0.123	0.085	0.18	2.863	0.044	0.149	0.049	0.158	0.11	0.371	0.144	0.177	0.231	0.265	1.288	0.117	0.307	0.275	0.168	0.245	0.066	0.137	0.334
ASV_57	1.928	14.705	0.00661924564711604	0.559326257181306	NotSig	0.369	0.097	0.099	0.044	0.018	0.003	0.14	0.228	0.02	0.103	2.671	0.051	0.006	0.029	0	0	0.005	0	0.138	0	0	0	0	0.002	0	0	0.024	0.325	1.712	0.001	0	0.01	0.068	0.011	0.001	0.001	0	0.025	0.015	0.016	0.019	0	0.035	0.037	0.031	1.028	0.007	0.003	0.089	0.096
ASV_43	-0.149	14.951	1	1	NotSig	0.431	0.478	0.189	0.179	0.175	1.163	0.623	0.591	0.704	0.044	0.21	0.949	0.249	0.199	0.069	0.082	0.389	0.034	0.253	0.391	0.102	0.338	0.15	0.096	0.286	0.055	0.635	0.418	1.107	3.168	0.352	0.331	0.389	0.186	0.399	1.199	0.478	0.207	0.433	0.137	0.321	0.363	0.991	0.102	0.616	0.236	0.758	1.758	0.385	0.025
ASV_46	1.028	17.366	0.000512016337851957	0.0865307610969807	Enriched	1.64	0.804	0.489	0.965	0.419	5.205	0.372	6.406	0.285	0.371	0.247	4.593	2.623	0.433	0.081	0.077	0.411	0.029	1.346	0.032	0.039	0.015	0.019	0.276	0.062	0.02	0.322	0.282	0.196	0.12	0.172	0.102	0.112	0.126	0.1	0.159	0.254	0.951	0.22	0.122	0.072	0.078	0.164	0.03	0.143	0.277	0.133	0.146	16.887	0.143
ASV_59	-0.898	14.243	0.735683221670388	0.965294924060784	NotSig	0.166	0.31	0.084	0.123	0.022	0.3	0.047	0.043	0	0.361	0.519	0.016	0.019	0.008	0.668	1.219	0.283	0.357	0.074	0.358	1.339	0.506	0.373	0.121	1.205	0.119	0.129	1.322	0.092	0.033	0.108	0.051	0.043	0.257	0.025	0.037	0.297	0.007	0.15	0.049	0.413	0.105	0.008	0.005	0.01	0.016	0.196	0.061	0.076	1.939
ASV_30	-0.872	15.347	0.855828888734231	0.965294924060784	NotSig	0.257	0.47	0.09	0.322	0.155	0.351	0.355	0.779	0.102	0.142	0.012	0.17	0.15	1.092	0.74	0.146	0.036	0.231	0.107	0.004	0.018	0.009	0.028	0.036	0.088	0	0.316	0.204	0.114	4.167	0.055	0.21	1.416	0.165	0.071	0.019	0.247	0.07	0.336	2.301	0.555	1.071	0.316	1.822	0.39	0.657	0.187	0.774	0.003	0.003
ASV_138	-1.877	15.642	0.579089443173681	0.965294924060784	NotSig	0.083	0.303	0.008	0.098	0.013	0.033	0.005	0.325	0.076	0.172	0.012	0.15	0.268	0.013	0.085	0.069	0	1.812	0.154	0.069	0.402	0.134	0.288	0.004	0.03	0	0.006	0.006	0.004	0.013	0.119	0.01	0.012	0.035	0.008	0.013	0.101	0.212	0.027	0.061	0.678	0.401	0.642	0.031	5.112	0.133	0.441	0.263	0.016	0.002
ASV_42	-1.299	14.822	0.321315940887337	0.965294924060784	NotSig	0.135	0.332	0.015	0.149	0.094	0.142	0.084	0.565	0.111	0	0.054	0.014	0.015	0.015	0.092	0.09	0.039	0.238	0.029	0.041	0.027	0.381	0.081	0.195	0.065	0.68	0.325	0.455	0.06	0.415	0.088	0.136	0.556	0.169	0.09	0.179	0.038	0.107	0.308	0.257	1.398	1.799	2.896	0.946	0.161	0.282	0.155	0.093	0.014	0.002
ASV_72	-3.273	16.293	0.0765348743714949	0.965294924060784	NotSig	0.052	0.501	0.021	0.005	0.193	0.08	0	0.115	0.015	0.012	0.026	0.115	0.079	0.252	0.252	1.798	0.269	0.247	0.002	5.493	0.225	0.306	8.029	0.013	0.035	0.143	0.042	0.106	0.062	0.305	0.019	0.02	0.056	0.008	0.001	0.008	0.007	0.107	0.061	0.536	0.037	0.054	0.529	0.035	0.034	0.157	0.038	0.036	0.023	0.005
ASV_60	0.844	15.352	0.67768913609453	0.965294924060784	NotSig	0.52	0.29	0.066	0.138	0.01	0.033	0.096	0.086	0	4.183	0.066	0.336	1.71	0.769	0.241	0.014	0.017	0.422	0.104	0.03	0.227	0.084	0.114	0.007	0.058	0.004	0.03	0.024	0.012	0.483	2.394	0.016	0.172	0.179	0.021	0.025	0.01	0.037	0.137	0.193	0.736	1.918	0.082	0.265	0.017	0.244	0.022	0.023	0.084	0.032
ASV_41	-1.007	14.071	0.404416432338495	0.965294924060784	NotSig	0.154	0.309	0.135	0.002	0.047	0.219	0.264	0.255	0.412	0.029	0.022	0.026	0.002	0.16	0.084	0.083	0.009	0.04	0.006	0.184	0.234	0.442	0.269	0.011	0.169	0.147	1.721	0.185	0.136	0.195	1.306	0.942	0.662	0.104	0.16	1.046	0.811	0.159	0.15	0.088	0.177	0.276	0.076	0.295	0.124	0.007	0.447	0.407	0.012	0.706
ASV_48	1.929	16.727	0.156221306237271	0.965294924060784	NotSig	1.764	0.463	0.447	10.844	2.133	0.596	1.181	0.089	0.508	0.057	0.022	1.578	1.48	0.089	0.087	0.453	1.147	0.238	0.742	0.081	0.082	0.46	0.144	0	0.046	0.024	1.951	0.104	1.107	0.123	0.08	0.053	0.068	0.171	0.136	0.335	0.448	0.199	0.079	0.426	0.093	0.011	0.068	0.029	0.02	0.269	1.092	0.071	4.466	0.02
ASV_24	-1.967	17.573	0.243832088057501	0.965294924060784	NotSig	0.212	0.83	0	0	0.001	1.893	0	0.009	0	0.007	0	0	0	0.002	0	0	0	0.002	0	0.002	0	0.009	0.002	0.002	0	0	0.018	0.001	0.201	0.017	0	0.163	6.757	2.577	0.013	0.001	0.081	0	1.037	0	0.425	0.168	0.587	19.505	0.262	0.223	0.297	0	0	0
ASV_32	0.743	15.149	0.498726188335883	0.965294924060784	NotSig	0.561	0.335	3.242	0.272	0.199	0.251	0.142	0.618	0.307	0.006	0.011	0.117	0.087	0.204	0.122	0.077	0.209	0.179	0.585	0.514	0.214	0.242	0.125	0.045	0.083	0.037	0.527	0.124	0.12	0.226	0.071	0.242	0.122	0.101	1.322	0.074	0.148	3.633	0.43	0.258	0.135	0.177	0.417	0.141	0.241	0.544	0.281	0.879	0.016	0
ASV_113	2.382	17.353	0.775194296529647	0.965294924060784	NotSig	2.222	0.426	0.961	0.282	0.017	0.036	0.704	0.017	0.005	16.739	1.242	0.087	0.974	0.195	0.468	0.181	2.937	0.081	0.177	0.599	0.225	0.244	0.994	1.285	0.386	1.221	0.047	0.086	0.086	0.013	0.091	0.025	0.043	0.014	0.117	0.028	0.113	0.035	0.055	0.013	0.023	0.081	0.072	0.048	0.021	0.037	0.162	0.013	0.307	5.045
ASV_34	-0.72	14.917	0.515469139159809	0.965294924060784	NotSig	0.226	0.373	0.338	0.741	0.022	0.073	0.022	0.104	0.01	0.536	0.191	0.465	3.094	0.283	0.36	0.433	0.277	0.476	2.432	0.055	0.059	0.087	0.231	0.464	0.432	0.726	1.294	0.055	0.045	0.05	0.289	0.012	0.087	0.422	0.014	0.009	0.076	0.06	0.186	0.402	0.274	0.455	0.094	0.193	0.031	0.145	0.13	0.151	0.118	0.068
ASV_69	-0.651	14.807	0.588157661034235	0.965294924060784	NotSig	0.14	0.219	0.47	0.513	0.005	0.022	0.052	0.012	0	0.065	0.119	0.274	0.141	0.045	0.578	0.117	0.617	0.364	2.867	0.279	0.239	0.247	0.521	0.276	0.189	0.832	0.042	0.024	0.016	0.07	0.056	0.018	0.004	0.004	0.035	0.003	0.043	0.007	0.021	0	0.084	0.049	0.096	0.035	0.019	0.021	0.036	0.004	0.207	0.065
ASV_62	-0.21	13.687	0.585138236647849	0.965294924060784	NotSig	0.191	0.221	0.319	0.506	0.002	0.015	0.028	0.01	0.01	0.128	0.698	0.126	0.192	0.037	0.141	0.102	0.301	0.555	1.319	1.207	0.521	0.535	0.348	0.475	0.337	0.817	0.003	0.015	0.003	0.009	0.064	0.01	0.012	0.02	0.018	0.017	0.303	0.005	0.034	0.028	0.163	0.269	0.021	0.015	0.01	0.07	0.099	0.013	0.072	0.322
ASV_49	-0.266	13.876	0.515469139159809	0.965294924060784	NotSig	0.202	0.243	0.079	0.128	0.132	0.045	0.993	0.296	0.096	0.004	0.043	0.073	0.201	0.138	0.383	0.208	0.024	0.252	0.101	0.034	0.048	0.038	0.261	0.065	0.051	0	0.098	0.145	0.079	0.468	0.02	0.114	0.77	0.434	0.168	0.13	0.661	0.052	0.229	1.504	0.179	0.251	1.055	0.696	0.08	0.104	0.258	0.091	0.002	0.005
ASV_28	2.777	12.053	0.785992762577857	0.965294924060784	NotSig	0.047	0.007	0	0	0.001	0.425	0	0	0	0	0	0	0	0	0	0	0	0	0	0	0.002	0	0	0	0	0	0.009	0	0	0.008	0	0.088	0.107	0.05	0	0.005	0	0	0	0	0	0	0	0	0	0	0	0	0	0
ASV_50	-0.627	16.348	0.73106253556807	0.965294924060784	NotSig	0.315	0.487	0.008	0.049	0.02	0.268	0.035	0.103	2.334	0.018	0.001	0.142	0.172	1.816	0.034	0	0	0	0.023	0.008	0.014	0.3	0.011	0	0	0	0.509	0.009	0.037	1.87	0.016	0.146	1.023	0.133	0.037	0.013	0.014	0.11	0.732	0.264	0.272	0.58	0.322	8.341	0.125	0.488	0.18	1.208	0.002	0.034
ASV_58	1.348	14.753	0.61571950847483	0.965294924060784	NotSig	0.686	0.269	0.061	0.144	0.204	2.761	2.709	0.13	0.02	0.109	0.034	0.491	0.282	0.052	0.065	0.709	0.017	0.019	0.109	0.012	0.007	0.026	0	0.011	0.058	0	1.491	1.022	0.322	0.156	0.211	0.143	0.628	0.08	0.079	0.357	0.657	0.378	0.027	0.066	0.262	0.043	0.113	0.038	0.127	0.469	0.78	1.017	0.181	0
ASV_81	0.23	14.488	0.968394074846724	0.99791828444571	NotSig	0.325	0.277	1.536	0.31	0.01	0.009	0.185	0.048	0	0.53	0.297	0.047	0.26	0.062	0.891	0.134	0.966	0.19	0.389	0.603	0.832	0.684	0.464	1.137	0.714	2.298	0.055	0.034	0.041	0.013	0.035	0.01	0.021	0.003	0.045	0.003	0.027	0.015	0.076	0.009	0.109	0.067	0.15	0.072	0.024	0.023	0.043	0	0.2	0.057
ASV_56	-1.431	17.098	0.199193960617794	0.965294924060784	NotSig	0.2	0.54	0.056	0.147	0.006	0.077	0.032	0.096	0.079	0.396	0.914	0.096	0.048	0.013	0.399	0.256	0.033	14.025	0.191	0.302	0.055	0.02	0.053	0.099	0.021	0.007	0.013	0.081	0.026	0.118	0.022	0.025	0.037	0.032	0.025	0.015	0.862	0.02	0.183	0.006	0.023	0.054	0.029	0.004	0.006	0	0.27	0.029	0.162	3.413
ASV_47	0.303	14.457	0.578893623261333	0.965294924060784	NotSig	0.359	0.291	0.085	0.002	0.736	0.506	1.325	0.431	0.145	0.004	0	0.016	0.014	0.05	0.004	0	0.058	0.003	0.003	0	0.002	0.006	0.004	0.011	0	0	0.911	2.054	0.63	0.322	0.12	0.076	0.097	0.049	0.25	1.457	0.745	0.09	0.25	0.745	0.267	0.166	0.298	0.024	0.208	0.047	2.249	0.13	0.003	0.002
ASV_44	-0.339	15.08	0.640002503358999	0.965294924060784	NotSig	0.402	0.508	1.35	0.126	0.119	0.03	0.239	0.883	0.843	0.012	0.015	1.042	0.242	0.879	0.037	0.034	0.014	0.422	0.355	0.761	0.127	0.081	0.074	0.02	0.021	0.031	0.036	1.187	0.312	0.135	1.299	0.172	0.084	0.064	2.647	0.14	0.095	1.713	0.513	0.111	0.513	3.464	0.843	0.14	0.117	0.926	0.067	0.65	0.012	0.447
ASV_71	-0.556	13.336	0.597290966014448	0.965294924060784	NotSig	0.045	0.066	0.026	0.065	0.017	0.025	0.19	0.045	0.023	0.009	0.007	0.054	0.06	0.064	0.026	0.029	1.034	0.029	0.006	0.006	0.005	0	0.004	0.009	0.009	0.004	0.016	0.355	0.072	0.006	0.013	0.031	0.132	0.021	0.025	0.013	0.109	0	0.064	0.003	0.046	0.043	0.047	0.041	0.02	0.021	0.135	0.021	0.006	0.002
ASV_73	1.163	16.303	0.164221078988752	0.965294924060784	NotSig	0.892	0.398	0.35	0.056	1.27	0.025	0.36	5.592	0.236	0.123	0.016	0.241	0.438	0.141	0.021	0.016	0.243	0.234	0.216	0.002	0.011	0.015	0.004	0.016	0.002	0.002	0.356	0.043	0.119	0.116	0.129	0.025	0.087	0.064	0.189	0.11	0.955	0.261	8.086	0.121	0.295	0.329	0.021	0.052	0.209	0.021	1.915	0.384	0.03	0.011
ASV_94	0.613	13.743	0.755361531452764	0.965294924060784	NotSig	0.265	0.173	0.131	0.14	0.023	0.042	0.036	0.031	0.007	0.606	1.371	0.082	0.206	0.059	0.39	0.222	0.312	0.467	0.135	0.079	0.264	0.585	0.038	0.188	0.882	0.079	0.036	0.636	0.038	0.024	0.103	0.044	0.075	0.176	0.009	0.017	0.181	0.02	0.494	0.019	0.225	0.114	0.006	0.01	0.011	0.015	0.08	0.043	0.045	0.353
ASV_53	-1.758	13.139	0.404416432338495	0.965294924060784	NotSig	0.027	0.091	0.02	0.049	0.008	0.015	0.053	0.027	0	0.029	0.042	0.128	0.175	0.175	0.087	0.032	0.033	0.902	0.023	0.217	0.325	0.186	0.356	0.105	0.074	0.064	0.003	0.01	0.051	0.014	0.026	0.004	0.044	0.003	0.008	0.001	0.003	0.01	0.009	0.007	0.026	0.007	0.027	0.031	0.158	0.037	0.004	0.003	0.14	0.055
ASV_66	-0.493	13.023	0.172543013688789	0.965294924060784	NotSig	0.047	0.065	0	0.075	0.005	0.118	0.009	0.026	0	0.134	0.053	0	0	0.002	0.832	0.798	0	0.426	0	0	0.005	0.003	0.011	0.045	0.002	0	0.013	0.01	0.127	0.022	0.004	0.004	0.004	0.001	0.007	0.009	0.003	0.012	0.015	0.084	0.002	0	0	0	0	0.006	0	0	0.047	0.057
ASV_74	0.269	14.88	0.228653811781462	0.965294924060784	NotSig	0.406	0.337	0.279	0.096	0.49	0.267	0.2	1.974	0.289	0.023	0.031	0.325	0.228	0.271	0.043	0.018	0.027	0.179	0.097	0.063	0.016	0.006	0.017	0.036	0.002	0.004	2.929	0.065	0.403	0.184	0.142	0.085	0.091	0.073	0.312	0.071	1.645	0.889	3.015	0.222	0.218	0.146	0.121	0.016	0.415	0.058	0.39	0.246	0.045	0.012
ASV_63	0.299	15.409	0.450221824892423	0.965294924060784	NotSig	0.424	0.345	0.077	0.184	0.156	1.339	1.173	0.676	0.033	0.166	0.012	0.087	0.285	0.187	0.145	0.232	0.353	0.005	0.062	0.006	0.007	0.052	0.032	0.009	0.018	0.02	0.096	0.102	0.68	0.063	0.077	0.071	0.829	0.064	0.043	0.064	0.199	0.819	0.247	2.12	0.262	0.233	0.431	0.068	0.064	4.351	0.522	0.284	0.251	0
ASV_90	-1.368	15.06	0.434647111050732	0.965294924060784	NotSig	0.094	0.243	0.141	0.025	0.05	0.02	0.068	0.074	0.013	0.066	0.388	3.417	0.073	0.077	0.035	0.01	0.308	0.39	1.119	0.146	1.423	0.093	0.076	0.159	0.222	0.24	0.024	0.027	0.032	0.049	0.038	0.034	0.031	0.035	0.093	0.071	0.027	0.012	0.11	0.01	0.193	0.125	0.06	0.14	0.023	0.194	0.03	0.036	0.059	0.225
ASV_119	1.006	12.696	0.382300361993711	0.965294924060784	NotSig	0.101	0.05	0.664	0.033	0.006	0.001	0.083	0.026	0.016	0.05	0.034	0	0	0	0.103	0.075	0.051	0.034	0.048	0.18	0.239	0.192	0.246	0	0	0.194	0.03	0.018	0	0.068	0	0.015	0.01	0.004	0.009	0.001	0.006	0.01	0.122	0.013	0.016	0.031	0.076	0.039	0.016	0.005	0	0.003	0.017	0.097
ASV_881	0.769	14.467	0.492179630322253	0.965294924060784	NotSig	0.381	0.224	0.089	0.004	0.064	0.445	0.059	2.265	0.472	0.021	0.011	0.009	0.008	0.039	0.013	0.046	0	0.078	0.011	0.014	0.002	0	0	0.004	0.007	0.002	0.485	0.065	2.017	0.111	0.088	0.079	0.115	0.025	0.034	1.341	0.063	0.356	0.83	0.042	0.151	0.17	0.213	0.046	1.104	0.08	0.436	0.612	0.014	0.006
ASV_86	-3.06	16.858	0.49081117747969	0.965294924060784	NotSig	0.075	0.626	0	0	0.026	0.118	0.121	0.104	0.002	0.289	0.015	0	0	0	0.06	0.074	0.003	0.005	0	0	0	0	0.17	0.087	0.102	0.044	1.321	0.143	0.04	0.369	11.881	0.09	0.287	0.242	0.198	0.206	0.021	0.065	0.104	0.348	5.969	2.108	0.045	0.148	0.004	0.085	0.086	0.08	0.012	0.022
ASV_88	-1.282	16.605	0.603191669433734	0.965294924060784	NotSig	0.125	0.305	0.815	0.06	0.001	0.006	0.028	0.015	0.005	0.115	0.084	0.014	0.003	0.003	0.035	0.01	0.144	0.036	0.053	0.267	0.291	0.218	0.11	0.054	0.051	0.196	0.004	0.003	0.009	0.017	0.095	0.001	0.026	0.004	0.018	0.001	0.001	0	0.021	0.003	0.051	0.018	0.016	0.05	0.017	0.001	0.003	0.009	0.062	9.97
ASV_79	-0.19	14.304	0.585138236647849	0.965294924060784	NotSig	0.33	0.377	0.094	0.163	0.148	0.528	0.39	0.197	1.437	0.007	0.008	0.056	0.056	0.034	0.44	0.972	0.144	0.028	0.163	0.061	0.141	1.033	0.108	0.146	2.023	0.057	0.367	1.057	0.183	1.128	0.503	0.741	0.324	0.203	0.174	0.942	0.496	0.102	0.247	0.487	0.602	0.394	0.244	0.196	0.064	0.054	0.439	0.248	0.022	0.008
ASV_77	0.898	14.233	0.634424268151665	0.965294924060784	NotSig	0.417	0.224	0.087	0.061	1.926	0.454	0.624	0.265	0.338	0	0	0.051	0.071	0.032	0.001	0.011	0.111	0	0.088	0.006	0.023	0.02	0.006	0.016	0.016	0.002	0.369	0.278	0.444	0.844	0.188	0.191	0.4	0.187	0.675	0.709	0.277	0.396	0.226	0.423	0.244	0.045	0.285	0.323	0.259	0.591	0.589	0.318	0.012	0.006
ASV_124	-2.389	15.677	0.148510072084623	0.965294924060784	NotSig	0.062	0.324	0.159	0.144	0.019	0.052	0.052	0.009	0.002	0.116	0.004	0.023	0.107	0.022	0.329	0.267	0.002	0.498	0.16	0.073	0.07	0.794	0.091	0.22	0.074	0.015	0.772	0.124	0.013	0.344	0.635	0.015	0.093	0.83	0.01	0.02	0.057	0.005	0.326	0.022	5.237	0.674	0.158	0.015	0.003	0.007	0.344	0.001	0.005	0.166
ASV_99	-1.099	13.51	0.50057658859421	0.965294924060784	NotSig	0.047	0.101	0.136	0.144	0.005	0.016	0.027	0.021	0	0.072	0.005	0.117	0.218	0.069	0.054	0.016	0	0.16	0.142	0.111	0.009	0.006	0.004	0.096	0.055	0.029	0.021	0.003	0.026	0.04	0.043	0.009	0.138	0.408	0.042	0.053	1.167	0.01	0.207	0.012	0.441	0.022	0.045	0.007	0.004	0.001	0.035	0.12	0.005	0.003
ASV_85	-1.746	16.209	0.218519558183849	0.965294924060784	NotSig	0.167	0.561	0.238	0.441	0.109	0.241	0.384	0.038	0.008	0.023	0.023	0.334	7.577	1.042	0.772	4.523	0.317	0.279	0.367	0.053	0.161	0.047	0.774	0.309	0.734	1.067	0.131	0.166	0.123	0.217	0.104	0.045	0.074	0.039	0.076	0.372	0.301	0.251	0.168	0.131	0.177	0.04	0.47	0.084	0.017	0.081	0.239	0.027	0.19	0.005
ASV_75	-1.355	14.037	0.0329113025275483	0.965294924060784	NotSig	0.135	0.346	0.307	0.077	0.042	0.049	0.102	0.57	0.021	0.043	0.007	0.407	0.07	0.485	0.257	0.309	0.072	0.088	0.116	0.036	0.366	0.047	0.061	0.202	1.048	0.029	0.028	1.226	0.051	0.072	0.098	0.108	0.169	0.311	0.138	0.234	1.229	0.573	0.214	1.681	0.334	1.306	0.493	0.556	0.171	0.152	0.244	0.443	0.078	0.005
ASV_84	-0.005	13.648	0.561056972476639	0.965294924060784	NotSig	0.134	0.135	0.13	0.011	0.59	0.042	0.063	0.122	0.246	0.001	0.003	0.114	0.184	0.131	0	0	0	0.053	0.086	0.045	0.007	0	0.002	0.004	0.009	0.002	0.237	0.009	0.032	0.072	0.152	0.063	0.009	0.052	0.039	0.036	0.468	0.01	0.043	0.043	0.123	0.125	0.564	0.057	1.284	0.106	0.112	0.968	0.002	0.006
ASV_106	0.296	13.68	0.852168640494557	0.965294924060784	NotSig	0.079	0.064	0	0.018	0.008	0.009	0.098	0.003	0	0.559	0.015	0	0	0	0.295	0.205	0	0.103	0	0.01	0.025	0	0.125	0	0	0.007	0.007	0.006	0.021	0	0.01	0.007	0.003	0.055	0.016	0.008	0.052	0	0.027	0.084	1.312	0.043	0.004	0.005	0.003	0.023	0.016	0.003	0.02	0.012
ASV_76	-0.616	14.99	0.855828888734231	0.965294924060784	NotSig	0.217	0.333	0.202	0.084	0.656	0.094	0.226	0.159	0.437	0.04	0.054	0.063	0.112	0.118	0.449	0.104	0.212	0.091	0.097	3.254	0.214	0.218	0.498	1.119	0.328	2.014	0.12	0.092	0.117	0.082	0.136	0.092	0.156	0.329	0.846	0.064	0.139	0.07	0.207	0.134	0.105	0.141	0.185	0.118	0.063	0.19	0.129	0.521	0.036	0.012
ASV_78	-2.372	14.234	0.0265382540015464	0.965294924060784	NotSig	0.056	0.288	0.054	0.138	0.056	0.091	0.089	0.043	0.026	0	0.001	0.059	0.203	0.264	0.132	0.035	0.074	0.571	0.067	0.03	0.02	0.003	0.089	0.027	0.042	0.004	0.313	0.627	0.116	0.299	0.187	0.088	1.192	0.183	0.118	0.045	1.077	0.055	0.113	0.125	0.376	1.927	0.544	1.391	0.053	0.057	0.496	0.063	0.156	0.002
ASV_83	-0.166	14.681	0.7312801704227	0.965294924060784	NotSig	0.259	0.29	0.154	0.364	0.44	0.074	0.059	0.519	0.711	0.004	0	0.204	0.232	0.431	0.097	0.71	0.012	0.224	1.343	0.059	0.014	0.017	0.017	0.099	0.002	0	0.595	0.044	0.586	0.069	0.038	0.044	0.032	0.01	0.126	0.066	0.071	0.702	2.627	0.149	0.153	0.168	0.363	0.027	0.435	0.085	0.753	0.7	0.003	0
ASV_64	-0.959	12.191	0.60009755178809	0.965294924060784	NotSig	0.013	0.026	0.041	0.028	0.001	0	0	0.048	0	0	0	0.007	0.073	0.086	0.028	0.002	0.468	0	0.051	0	0.005	0.009	0	0.002	0	0.002	0.007	0.004	0	0	0.001	0.001	0.001	0	0	0.001	0	0.007	0.043	0.173	0	0	0	0	0	0.006	0.001	0.016	0	0
ASV_97	-0.463	13.394	0.549778814303663	0.965294924060784	NotSig	0.167	0.23	0.153	0.321	0.013	0.032	0.28	0.055	0.015	0.101	0.531	0.087	0.62	0.384	0.414	0.269	0.855	0.067	0.113	0.78	0.332	0.116	1.077	0.545	0.342	0.33	0.166	0.108	0.037	0.031	0.094	0.02	0.046	0.011	0.196	0.021	0.151	0.032	0.034	0.033	0.105	0.112	0.101	0.091	0.038	0.889	0.023	0.023	0.235	0.034
ASV_89	-0.075	12.757	0.603191669433734	0.965294924060784	NotSig	0.11	0.116	0.079	0.042	0.029	0.073	0.084	0.171	0.503	0.004	0.009	0.049	0.022	0.047	0.097	0.083	0.219	0.152	0.015	0.144	0.066	0.067	0.07	0.009	0.005	0.119	0.229	0.025	0.116	0.692	0.1	0.042	0.168	0.041	0.195	0.026	0.077	0.142	0.198	0.128	0.063	0.208	0.035	0.565	0.036	0.044	0.071	0.15	0.002	0.022
ASV_70	-1.355	16.073	0.863642305665374	0.965294924060784	NotSig	0.114	0.291	0.376	0.016	0.108	0.093	0.209	0.202	0.013	0	0.007	0.035	0.051	0.034	0.003	0.003	0.058	0.076	0.041	0.024	0	0.029	0.006	0	0.009	0.009	0.022	0.021	0.663	0.027	0.09	0.032	0.184	0.085	0.014	0.023	6.894	0.062	0.143	0.217	0.105	0.267	0.107	0.107	0.77	0.441	0.652	0.043	0.003	0
ASV_100	2.69	16.779	0.284133619553256	0.965294924060784	NotSig	1.41	0.219	0.131	0.713	0.007	0.149	0.173	0.036	0	0.238	11.242	0.107	0.147	0.007	0.097	1.134	0.063	0.481	1.214	0.002	0.339	0.023	0.1	0.282	0.125	2.678	0.015	0.043	0.029	0.008	0.252	0.018	0.012	0.003	0.03	0.042	0.015	0.01	0.015	0.031	0.321	0.533	0.06	0.01	0.017	0.07	0.006	0.004	0.126	0.054
ASV_93	0.562	13.639	0.341634616786777	0.965294924060784	NotSig	0.398	0.27	0.169	0.165	0.823	0.403	1.212	0.322	0.482	0.006	0.003	0.037	0.029	0.03	0.007	0.008	0.096	0.017	0.047	0.006	0.016	0	0.002	0	0.014	0.004	0.107	0.14	0.562	0.179	0.136	0.334	0.331	0.158	0.898	1.157	0.27	0.491	0.421	0.555	0.172	0.103	0.564	0.144	0.795	1.276	0.571	0.838	0.002	0.003
ASV_118	0.029	14.18	0.596101684304904	0.965294924060784	NotSig	0.094	0.093	0	0	0.008	0.366	0.071	0	0.005	0.396	0.004	0	0	0	0.17	0.026	0	0.007	0	0.002	0.032	0.003	0.015	0.004	0.009	0.002	0.052	0.297	0.019	0.018	0.006	0.02	0.065	0.206	0.062	0.036	1.856	0.002	0.012	0.019	0.014	0.018	0.023	0.079	0.003	0.043	0.409	0.081	0.002	0
ASV_98	-0.34	14.221	0.185354665470644	0.965294924060784	NotSig	0.054	0.069	0.1	0.091	0	0	0.001	0.092	0.002	0.009	0.194	0	0.006	0.061	0	0	0	0	0.133	0	0.014	0	0	0.009	0.005	0.011	0	0	0	0	0.001	0	0	0	0	0	0.001	0.11	0.058	0.145	0	0	0.045	0.005	0.014	0.115	0.004	0.029	0.011	1.91
ASV_61	0.003	14.477	0.832102422490036	0.965294924060784	NotSig	0.262	0.261	0.002	0.692	0.007	0.07	0.462	0.161	0.96	0	0	0.012	0.005	0.029	0.31	0.345	0	0.157	0.012	0.01	0.009	0.035	0.117	0.002	0	0	0.233	0.007	0.275	0.014	0.004	0.06	1.737	2.002	0.048	0.001	0.193	0	0.055	0	0.146	0.065	0.057	0.499	1.291	0.017	2.281	0.151	0	0
ASV_117	-1.887	14.064	0.33497176283343	0.965294924060784	NotSig	0.031	0.115	0.038	0.03	0.006	0.042	0	0.029	0.005	0.043	0.088	0.007	0.036	0.05	1.713	0.262	0.053	0.043	0.018	0.091	0.111	0.006	0.013	0.011	0.018	0	0.134	0.068	0.009	0.077	0.058	0.003	0.004	0.152	0.005	0.005	0.01	0.045	0.012	0.087	0.369	0.184	0.181	0.004	0.03	0.004	0.012	0.053	0.012	0.535
ASV_104	-0.2	13.946	0.815275465130828	0.965294924060784	NotSig	0.118	0.136	0.113	0.245	0.013	0.016	0.006	0.217	0	0.443	0.011	0.005	0.022	0.01	0.32	0.302	0.069	0.445	0.088	0.071	0.266	0.035	0.273	0.027	0.021	0.042	0.013	0.015	0.16	0.009	0.009	0.003	0.041	0.228	0.003	0.003	0.088	1.579	0.497	0.142	0.098	0.087	0.164	0.008	0.001	0.047	0.014	0.033	0.065	0.003
ASV_105	-2.924	13.734	0.848603606096906	0.965294924060784	NotSig	0.007	0.053	0	0	0.002	0.007	0.005	0.003	0	0.028	0.016	0	0	0	0.041	0.03	0	0.04	0	0	0	0	0	0.002	0.002	0	0	0	0.041	0	0	0.001	0.065	0.015	0.004	0	0	0.002	0.262	0.001	0.009	0.007	0.045	1.363	0.033	0.035	0.01	0.01	0.016	0.014
ASV_136	-1.249	13.284	0.233511405191655	0.965294924060784	NotSig	0.03	0.072	0.034	0.019	0.023	0.077	0.009	0.027	0.048	0.012	0.022	0	0	0	0.001	0	0.002	0	0.041	0.097	0.02	0.009	0.223	0.02	0.048	0	0.997	0.018	0.021	0.049	0.001	0.003	0.035	0.007	0.013	0.008	0.01	0.224	0.034	0.076	0.002	0	0.021	0.071	0.006	0.085	0	0.026	0.606	0.018
ASV_174	0.403	13.47	0.711381737175609	0.965294924060784	NotSig	0.173	0.131	0.053	0.31	0	0.006	0.006	0.031	0.002	1.135	0.016	0.031	0.057	0.013	0.273	0.277	0.036	0.241	0.051	0.522	0.448	0.035	0.36	0.085	0.037	0.004	0	0.003	0	0.006	0.13	0.009	0.012	0.034	0.001	0.001	0.008	0.017	1.068	0.003	0.783	0.278	0	0.007	0.007	0	0.175	0.02	0.03	0.043
ASV_112	0.979	14.03	0.855828888734231	0.965294924060784	NotSig	0.218	0.111	1.624	0.138	0.004	0.022	0.006	0.045	0.01	0.104	0.009	0.031	0.167	0.019	0.044	0.008	0.019	0.007	0.278	0.087	0.061	1.673	0.049	0.018	0.023	0.011	0.122	0.013	0.021	0.386	0.048	0.003	0.009	0.007	0.017	0.012	0.031	0.102	0.043	0.031	0.007	0.06	0.016	0.008	0.003	0.005	0.091	0.089	0.181	0.513
ASV_111	0.491	12.954	0.579089443173681	0.965294924060784	NotSig	0.185	0.132	0.128	0.063	0.708	0.358	0.377	0.002	0.012	0.009	0.008	0.009	0.081	0.01	0.139	0.793	0.026	0.052	0.003	0.01	0.091	0.003	0.006	0.027	0.051	0	0.515	0.059	0.165	0.304	0.171	0.169	0.256	0.74	0.215	0.548	0.388	0.007	0.082	0.001	0.021	0	0.041	0.001	0.009	0.009	0.096	0.007	0.023	0.005
ASV_126	0.934	11.447	0.526073049702787	0.965294924060784	NotSig	0.055	0.029	0.279	0.016	0	0.012	0.018	0.019	0.008	0.115	0.031	0.031	0.002	0.002	0.019	0.016	0.002	0.01	0.065	0.095	0.07	0.076	0.064	0.022	0.023	0.108	0.033	0.007	0.007	0.091	0.023	0.007	0.013	0.001	0.003	0.02	0.004	0	0.119	0.007	0.014	0.011	0.018	0.073	0.006	0.001	0	0.004	0.012	0.046
ASV_96	-4.028	17.005	0.27877744193363	0.965294924060784	NotSig	0.038	0.618	0	0.002	0	0	0	0	0	0.338	0.001	0.002	0.008	0.002	0.025	0.003	0	0.002	0.002	0	0	0.006	0	0.002	0.002	0	0	0.061	0	0.084	13.151	0.022	0.001	0	0	0.119	0	0	0	0	2.097	8.485	0	0	0	0	0.019	0	0.002	0
ASV_130	-1.18	14.719	0.876251151208846	0.965294924060784	NotSig	0.12	0.273	0.062	0.019	0.115	0.191	0.129	0.233	0.158	0.16	0.015	0.033	0.104	0.035	0.26	0.061	0.026	0.034	0.044	0.012	0.002	0.009	0.006	0.002	0.005	0	0.705	0.101	0.082	1.396	1.102	0.964	0.069	0.074	0.42	2.698	0.217	0.351	0.323	0.127	0.218	0.15	0.238	0.033	0.315	0.03	0.188	0.151	0.045	0.008
ASV_137	-1.663	14.053	0.302476393005626	0.965294924060784	NotSig	0.024	0.075	0.095	0.016	0.007	0.067	0.021	0.003	0	0.003	0	0.009	0.015	0	0.012	0.002	0.022	0.005	0.062	0.128	0.109	1.699	0.091	0.052	0.074	0.046	0.01	0.001	0.009	0.079	0.055	0.006	0.015	0.022	0.113	0.036	0.018	0	0.009	0.009	0.009	0.065	0.002	0.02	0	0.007	0.058	0.029	0	0.009
ASV_107	0.029	10.423	0.832390833568835	0.965294924060784	NotSig	0.022	0.021	0.015	0	0.113	0.026	0.013	0.014	0.015	0.001	0	0.009	0.011	0.008	0.006	0.005	0.005	0.043	0.008	0.004	0.002	0	0.002	0.007	0.007	0	0.108	0.004	0.098	0.038	0.02	0.004	0.015	0.032	0.014	0.021	0.137	0.005	0.034	0.001	0	0.002	0.018	0.001	0.105	0.004	0.052	0.001	0	0
ASV_109	-1.905	12.188	0.122187720684392	0.965294924060784	NotSig	0.014	0.051	0.021	0.019	0	0.006	0.032	0.002	0.002	0.031	0.009	0.007	0.029	0.012	0.078	0.078	0.065	0.048	0.003	0.016	0.043	0.038	0.187	0.222	0.072	0.467	0.003	0.007	0.01	0	0.006	0.006	0.119	0.059	0.039	0	0.01	0	0.027	0.003	0.012	0.002	0.016	0.162	0.01	0.06	0.013	0.007	0.042	0.008
ASV_189	0.061	12.709	0.795169645264776	0.965294924060784	NotSig	0.205	0.197	0.163	0.24	0.09	0.609	0.151	0.236	0.112	0.21	0.035	0.112	0.411	0.067	0.424	0.226	0.103	0.34	0.301	0.065	0.236	0.218	0.67	0.253	0.566	0.147	0.099	0.056	0.467	0.061	0.059	0.02	0.097	0.217	0.115	0.113	0.171	0.052	0.449	0.16	0.137	0.083	0.129	0.05	0.333	0.118	0.267	0.263	0.008	0.006
ASV_92	-1.424	14.005	0.56707322302713	0.965294924060784	NotSig	0.04	0.108	0	0	0.014	0.096	0.061	0.014	0.177	0.001	0	0.005	0.011	0.098	0.015	0	0	0	0	0	0.005	0.003	0.002	0	0.03	0.002	0.007	0.006	0.021	0.005	0.003	0.069	0.843	0.15	0.329	0.025	0.045	0	0.046	0.033	0.202	0.175	0.125	1.644	0.054	0.063	0.167	0.034	0	0
ASV_82	1.672	14.18	0.534384900074216	0.965294924060784	NotSig	0.353	0.111	0.062	0.063	0.019	0.026	1.856	0.26	0.874	0.016	0	0.131	0.043	0.148	0.016	0.102	0	0.009	0.018	0	0.002	0	0.013	0.002	0.002	0	0.163	0.098	0.026	0.026	0.017	0.582	0.04	0.057	0.085	0.064	0.714	0.035	0.07	0.397	0.2	0.269	0.242	0.027	0.033	0.166	0.412	0.107	0	0.003
ASV_95	-0.55	13.501	0.561152664037732	0.965294924060784	NotSig	0.093	0.136	0.003	0.016	0.128	0.113	0.133	0.423	0.021	0	0	0.063	0.039	0.037	0.007	0.037	0.007	0.005	0.021	0.002	0.014	0.009	0.004	0.007	0.021	0.002	0.273	0.104	0.226	0.01	0.055	0.077	1.16	0.063	0.846	0.077	0.06	0.167	0.235	0.318	0.042	0.06	0.045	0.685	0.442	0.023	0.023	0.023	0.012	0.015
ASV_110	2.308	13.801	0.428098126367463	0.965294924060784	NotSig	0.215	0.044	1.427	0.07	0.001	0.001	0	0.003	0	0.398	0.038	0.005	0.014	0.01	0.063	0.037	0.699	0.081	0.042	0.136	0.02	0.012	0.006	0.072	0.037	0.103	0.012	0.001	0.015	0.004	0.003	0.004	0.006	0.004	0.042	0.003	0.006	0.007	0.031	0.003	0.021	0.049	0.002	0.039	0.007	0.012	0.036	0.004	0.012	0.034
ASV_80	-4.565	13.003	0.429966104796928	0.965294924060784	NotSig	0.001	0.023	0	0	0	0.009	0	0	0	0	0	0	0.003	0	0.006	0	0	0	0	0	0	0	0	0	0	0	0	0.006	0	0	0.003	0.821	0	0.001	0	0.046	0.003	0	0	0	0.002	0	0	0	0	0.001	0	0	0	0
ASV_114	-1.176	13.626	0.561056972476639	0.965294924060784	NotSig	0.027	0.062	0.12	0.077	0	0.019	0.008	0.005	0	0.013	0.005	0.049	0.012	0.007	0.016	0.011	0.027	0.021	1.264	0.006	0.007	0.041	0.021	0.004	0.002	0.002	0.086	0.001	0.004	0.335	0.027	0	0.003	0	0.012	0.06	0.039	0.002	0.015	0.007	0.023	0.052	0.031	0.014	0.003	0.007	0.18	0.014	0.008	0.006
ASV_199	1.815	11.492	0.934794250481224	0.972470194921114	NotSig	0.037	0.01	0.002	0	0.001	0	0.288	0.005	0.035	0	0.001	0.002	0	0	0	0	0	0	0.008	0.002	0	0	0	0	0	0	0.004	0.019	0.004	0.064	0.003	0.007	0.018	0.007	0.008	0.008	0.025	0	0.021	0	0	0.004	0.008	0.11	0.009	0.004	0.004	0.004	0	0.065
ASV_159	0.689	12.471	0.603191669433734	0.965294924060784	NotSig	0.14	0.087	0.35	0.137	0.018	0.045	0.026	0.067	0.025	0.029	0.568	0.217	0.054	0.049	0.09	0.397	0.06	0.272	0.136	0.271	0.189	0.096	0.025	0.108	0.282	0.125	0.027	0.096	0.032	0.08	0.03	0.051	0.019	0.004	0.013	0.017	0.014	0.007	0.11	0.004	0.156	0.067	0.068	0.008	0.017	0.021	0.028	0.009	0.009	0.137
ASV_116	0.678	12.821	0.863675290360182	0.965294924060784	NotSig	0.192	0.12	0.085	0.217	0.644	0.013	0.155	0.556	0.049	0.007	0	0.035	0.091	0.044	0.368	0.187	0.026	0.286	0.045	0.016	0.018	0.009	0.078	0.011	0.069	0.002	0.055	0.192	0.051	0.029	0.058	0.044	0.037	0.01	0.045	0.11	0.16	0.192	0.29	0.112	0.197	0.143	0.281	0.061	0.221	0.223	0.724	0.154	0.006	0
ASV_122	-1.615	14.04	0.508909500400596	0.965294924060784	NotSig	0.042	0.128	0.276	0.007	0.03	0.003	0.035	0.005	0.002	0.003	0.016	0.257	0.11	0.02	0.066	0	0.937	0	0.033	0.225	0.45	0.393	0.04	0.07	0.028	0.121	0.003	0.009	0.006	0.005	0.048	0.007	0.01	0.003	0.025	0.001	0.001	0.04	0	0	0.202	0.114	1.685	0.004	0.006	0.018	0.001	0.001	0.044	0.015
ASV_120	-2.106	15.123	0.691501711813293	0.965294924060784	NotSig	0.047	0.204	0	0.002	0.004	0.075	0.041	0.14	0.002	0.069	0.093	0.129	0.253	0.088	0.004	0.008	0	0.157	0	0	0.005	0.009	0.765	0.309	0.328	0.927	0.003	0.003	0.062	0	0	0.003	0.087	0.004	0.001	0.004	0.008	0.147	0.027	0.013	0.009	0	0.08	0.016	0.08	0.021	0.01	0.006	3.568	0.815
ASV_91	0.015	11.902	0.129852102143859	0.965294924060784	NotSig	0.041	0.041	0.007	0.082	0.068	0.023	0.027	0.007	0.008	0.006	0.14	0.012	0.002	0.012	0.06	0.03	0.051	0.383	0.029	0	0.002	0	0.002	0.325	0.005	0.002	0	0	0	0	0.029	0.009	0.149	0.006	0	0	0.01	0.012	0	0.003	0.058	0.087	0.045	0	0	0.03	0.167	0.056	0.003	0.003
ASV_152	-0.407	13.08	0.735683221670388	0.965294924060784	NotSig	0.125	0.166	0.039	0.028	0.068	0.189	0.283	0.065	0.307	0.01	0.138	0.042	0.012	0.019	0.084	0.038	0.074	0.01	0.171	0.087	0.023	0.163	0.006	0.054	0.065	0.033	0.405	0.2	0.138	0.866	0.404	0.195	0.355	0.158	0.312	0.348	0.16	0.047	0.073	0.039	0.174	0.764	0.195	0.183	0.061	0.007	0.307	0.126	0.056	0.022
ASV_129	1.775	14.598	0.876251151208846	0.965294924060784	NotSig	0.352	0.103	2.48	0.377	0.008	0.023	0.041	0.017	0.003	0.197	0.022	0.224	0.693	0.535	0.094	0.01	0.313	0.007	0.186	0.415	0.082	0.087	0.276	0.211	0.058	0.046	0.088	0.015	0.006	0.019	0.038	0.007	0.032	0.097	0.012	0.001	0.015	0.002	0.037	0.013	0.019	0.013	0.07	0.094	0.016	0.032	0.014	0.104	0.009	0.023
ASV_176	2.115	14.195	0.711381737175609	0.965294924060784	NotSig	0.248	0.057	0.031	0.005	0.01	0.012	0.006	0.039	0	1.875	0.256	0	0	0.002	0.046	0.002	0.027	0	0.008	0.018	0.296	0.044	0.002	0.105	0.134	0.101	0.025	0.001	0.006	0	0.035	0.012	0.001	0.021	0.014	0.522	0.008	0.1	0.235	0.004	0.107	0.016	0.047	0.023	0.003	0.002	0.006	0.006	0.125	0.133
ASV_200	0.108	13.339	0.755361531452764	0.965294924060784	NotSig	0.15	0.139	0.08	0.138	0.065	0.075	0.673	0.122	0.049	0.104	0.042	0.073	0.144	0.082	0.075	0.165	0.414	0.01	0.073	0.087	0.134	0.157	0.24	0.161	0.046	0.073	0.312	0.146	0.168	0.046	0.041	0.061	0.168	0.032	1.036	0.04	0.217	0.045	0.021	0.061	0.005	0.02	0.099	0.048	0.093	0.383	0.072	0.023	0.343	0.011
ASV_103	-1.948	13.72	0.114104368461626	0.965294924060784	NotSig	0.044	0.17	0.03	0.212	0.01	0.045	0.005	0.01	0.008	0.047	0.031	0.026	0.169	0.091	1.349	1.099	0.038	0.117	0.02	0.047	0.082	0.076	0.695	0.803	0.169	0.121	0.45	0.024	0.006	0.015	0.022	0.004	0.013	0.008	0.052	0.007	0.15	0.032	0.162	0.046	0.179	0.076	0.191	0.022	0.009	0.027	0.032	0.011	0.196	0.014
ASV_154	0.025	14.842	0.876251151208846	0.965294924060784	NotSig	0.232	0.228	0.056	0.102	0.079	0.635	0.174	0.13	0.008	0.019	0.884	0.299	2.937	0.281	0.385	0.475	0.002	0.116	0.068	0.024	0.02	0.038	0.066	0.141	0.286	0.555	0.089	0.071	0.053	0.252	0.122	0.042	0.041	0.029	0.072	0.336	0.074	0.376	0.131	0.509	0.237	0.036	0.049	0.124	0.047	0.237	0.013	0.017	0.232	0.012
ASV_148	0.382	14.407	0.231276485812127	0.965294924060784	NotSig	0.177	0.136	0	0.002	0.013	0	0	0.685	0.002	0.719	0.175	0	0	0	0.01	0.003	0	0.016	0	0	0	0	0	0	0	0	0	0	0	0	0	0	0.006	0.003	0	0	0	1.444	0.442	0.263	0.005	0.007	0.661	0.003	0.004	0.001	0	0.004	2.173	0.262
ASV_209	-1.013	13.31	0.567331175792137	0.965294924060784	NotSig	0.05	0.101	0.01	0.009	0.017	0.171	0.048	0.005	0.084	0.031	0.078	0.035	0.07	0.123	0.364	0.083	0	0.031	0.014	0.049	0.143	0.157	0.121	0.085	0.171	0.057	0.074	0.012	0.047	0.015	0.088	0.01	0.091	0.21	0.001	0.011	0.021	0.015	0.015	0.007	0.62	0.043	1.016	0.014	0.009	0.009	0.091	0.017	0.017	0.002
ASV_115	-1.793	16.191	0.755361531452764	0.965294924060784	NotSig	0.086	0.299	0.013	0.011	0.037	0.155	0.177	0.348	0.015	0.016	0.004	0.023	0.014	0.02	0.009	0.008	0.089	0.105	0.023	0.012	0.02	0.093	0.023	0.011	0	0.002	0.056	0.432	0.148	0.077	0.152	0.061	0.147	1.094	0.018	0.065	0.074	0.249	0.305	7.483	0.042	0.022	0.035	0.005	0.01	0.075	0.11	0.525	0.008	0.002
ASV_188	-0.577	11.94	0.721324044792687	0.965294924060784	NotSig	0.037	0.055	0.056	0	0.03	0.016	0.025	0.062	0.102	0.032	0.007	0.028	0	0.005	0.023	0.032	0	0.003	0.008	0.063	0.061	0.393	0.093	0.004	0.009	0.059	0.129	0.016	0.009	0.101	0.058	0.025	0	0.003	0.301	0.008	0.008	0.017	0.067	0.066	0.044	0.027	0.004	0.014	0.006	0.011	0.013	0.069	0.003	0.347
ASV_203	-0.774	12.422	0.492214876791493	0.965294924060784	NotSig	0.028	0.047	0.033	0.081	0.005	0.019	0.078	0.012	0.008	0.003	0.012	0.042	0.105	0.062	0.081	0.074	0.002	0.078	0.06	0.01	0.002	0	0.04	0.036	0.016	0.064	0.009	0.044	0.001	0.027	0.064	0.01	0.037	0.013	0.018	0.012	0.014	0.025	0.043	0.012	0.074	0.549	0.016	0.075	0.014	0.041	0.012	0.007	0	0.063
ASV_146	-1.049	15.406	0.621482821152029	0.965294924060784	NotSig	0.168	0.348	0.031	0.067	0.524	0.371	0.353	0.122	0.043	0.001	0.001	0.037	0.06	0.019	0.132	0.043	0.022	0.079	0.048	0.012	0.025	0.157	0.023	0.011	0.062	0.009	0.407	0.455	3.193	0.866	0.485	0.089	0.218	0.125	0.211	4.342	0.303	0.12	0.156	0.176	0.065	0.141	0.398	0.121	0.268	0.032	0.299	0.34	0.016	0.003
ASV_142	-3.069	14.26	0.730144084368956	0.965294924060784	NotSig	0.016	0.136	0.002	0.005	0.008	0.099	0.001	0.009	0.016	0.003	0.003	0.047	0.096	0.044	0	0	0	0	0.008	0.524	0.391	1.961	0.392	0.004	0.005	0	0.052	0.529	0.028	0	0	0.022	0.146	0.883	0.004	0.001	0.004	0	0.058	0.004	0.007	0.016	0.002	0.007	0.007	0	0.009	0.05	0	0.008
ASV_143	-0.381	14.431	0.515469139159809	0.965294924060784	NotSig	0.116	0.151	0.034	0.082	0.403	0.135	0.041	0.135	0.206	0.001	0.004	0.143	0.081	0.012	0.048	0.44	0.01	0.24	0.094	0.01	0.009	0.003	0.006	0.054	0.014	0	0.153	0.03	0.508	0.027	0.02	0.102	0.097	0.024	0.012	0.009	0.024	0.665	0.314	0.019	0.072	0.011	0.189	0.022	2.209	0.031	0.028	0.117	0.034	0.006
ASV_108	0.629	11.412	0.491567536274435	0.965294924060784	NotSig	0.089	0.057	0.002	0.056	0.112	0.241	0.273	0.096	0.005	0.016	0	0.016	0.031	0.008	0.004	0.01	0.003	0.271	0.012	0	0.002	0.006	0.002	0	0	0	0.039	0.047	0.122	0.098	0.087	0.06	0.084	0.011	0.136	0.052	0.098	0.042	0.207	0.218	0.044	0.065	0.049	0.054	0.014	0.086	0.019	0.241	0	0
ASV_123	1.635	13.297	0.267127637583775	0.965294924060784	NotSig	0.178	0.057	0.069	0.084	0.036	0.019	0.24	0.146	1.006	0	0	0.035	0.031	0.077	0.004	0	0.483	0.093	0.07	0.006	0.136	0.003	0.038	0.004	0.018	0.018	0.024	0.39	0.042	0.014	0.003	0.123	0.022	0.013	0.068	0.03	0.055	0.012	0.018	0.016	0	0.002	0.113	0.027	0.023	0.028	0.106	0.077	0.002	0.006
ASV_125	-4.18	12.664	0.591631414710542	0.965294924060784	NotSig	0.002	0.041	0.002	0	0	0.013	0.003	0.002	0	0.001	0	0.007	0.002	0	0.007	0	0	0	0.009	0.209	0.264	0.649	0.276	0.013	0.014	0.013	0.016	0.003	0.007	0.083	0.022	0	0.006	0	0.001	0.005	0	0	0	0	0	0	0	0	0	0	0	0	0	0
ASV_407	-0.453	11.814	0.615635750990703	0.965294924060784	NotSig	0.016	0.023	0	0	0.004	0.012	0.056	0.002	0	0.069	0.007	0	0	0	0.003	0.005	0	0	0	0	0	0	0	0	0	0.002	0.001	0.071	0.003	0	0.001	0.006	0.003	0.018	0.001	0.009	0.052	0	0.009	0.063	0.002	0	0.027	0.008	0.007	0.36	0.004	0.206	0.016	0.002
ASV_141	-0.145	14.482	0.466096721195976	0.965294924060784	NotSig	0.113	0.125	0.1	0.012	0.242	0.103	0.394	0.103	0.056	0.006	0.001	0.037	0.037	0.039	0.035	0.034	0.14	0.021	0.011	0.04	0.039	0.009	0.036	0.02	0.021	0.011	0.079	0.041	2.288	0.05	0.033	0.022	0.041	0.006	0.255	0.016	0.238	0.012	0.058	0.04	0.046	0.069	0.076	0.046	0.409	0.231	0.072	0.201	0.017	0
ASV_127	-2.021	15.795	0.760264240854941	0.965294924060784	NotSig	0.066	0.269	0.327	0.191	0.002	0	0.008	0.007	0.002	0.016	0.044	0.089	0.107	0.052	0.094	0.029	2.033	0.112	0.142	5.684	0.468	1.007	0.492	0.052	0	0.004	0.003	0	0.032	0	0.001	0	0.006	0.006	0	0	0.008	0.007	0	0.001	0.002	0	0.008	0.004	0.027	0.004	0.001	0	0.012	0.012
ASV_140	2.249	14.058	0.0606657006056488	0.965294924060784	NotSig	0.3	0.063	0.048	0.005	0.182	0.534	0.044	1.705	0.162	0.01	0.012	0.037	0.051	0.071	0.004	0	0.003	0.003	0.044	0.008	0	0.009	0.011	0.02	0.009	0.002	0.674	0.016	0.025	0.102	0.104	0.048	0.024	0.015	0.009	0.011	0.008	0.052	0.555	0.037	0.123	0.043	0.285	0	0.014	0.017	0.004	0.016	0.006	0
ASV_135	0.278	14.583	0.615220163149203	0.965294924060784	NotSig	0.206	0.17	0.021	1.342	0.011	0.006	0.012	0.457	0	0.006	0	0.005	0.011	0.012	2.454	0.616	0.007	0.2	0.038	0	0.009	0.003	0.002	0	0.035	0	0.007	0.279	0	0.072	0.093	0.168	0.012	0.001	0.003	0.001	0.041	0.035	0.134	0.594	1.289	0.128	0.137	0.024	0.006	0.086	0.081	0.041	0.002	0
ASV_147	0.312	14.475	0.640002503358999	0.965294924060784	NotSig	0.169	0.136	0.015	0.142	0.88	0.046	0.163	0.25	0.007	0.015	0.001	0.007	0.054	0.025	0.208	0.08	0.026	0.086	0.021	0.006	0.075	0.012	0.051	0.011	0.072	0.004	0.013	0.077	0.013	0.023	0.017	0.007	0.009	0.008	0.014	0.044	0.137	0.042	0.436	0.093	0.137	0.179	0.099	0.046	0.058	2.277	0.737	0.089	0.005	0
ASV_158	-2.298	16.672	0.656964080982657	0.965294924060784	NotSig	0.071	0.349	0.005	0	0.001	0.015	0	0.01	0	0.581	0.026	0	0	0	0.094	1.257	0	0.04	0	0.375	10.441	0.215	0.348	0.004	0	0	0	0.003	0	0	0	0.007	0.021	0.422	0.003	0	0.029	0.002	0.104	0.091	0.012	0.004	0.016	0.033	0.006	0.012	0.003	0	0.031	0.018
ASV_220	1.256	14.556	0.795169645264776	0.965294924060784	NotSig	0.399	0.167	0.223	2.409	0.131	0.428	0.121	0.062	0.196	0.022	0	0.065	0.053	0.025	0.051	0.053	0.104	0.672	0.218	0.162	0.077	0.579	0.081	0.056	0.129	0.011	0.338	0.35	0.253	0.266	0.266	0.265	0.391	0.234	0.321	0.263	0.118	0.097	0.052	0.046	0.084	0.125	0.09	0.204	0.058	0.012	0.115	0.153	0.062	0.015
ASV_134	0.456	12.011	0.278801547981424	0.965294924060784	NotSig	0.11	0.08	0.03	0.035	0.144	0.254	0.154	0.151	0.193	0.012	0.02	0.035	0.056	0.029	0.059	0.413	0.007	0.003	0.021	0	0.009	0.02	0.006	0.043	0.065	0.044	0.131	0.256	0.28	0.037	0.11	0.048	0.078	0.264	0.052	0.131	0.098	0.122	0.11	0.033	0.039	0.013	0.033	0.022	0.13	0.106	0.08	0.143	0.008	0
ASV_207	-2.085	14.484	0.894107450918936	0.965294924060784	NotSig	0.024	0.103	0.002	0	0	0.01	0.013	0.019	0.002	0.138	0.035	0.009	0.005	0	0.001	0	0.007	0.005	0.005	0.292	2.292	0.044	0.045	0.117	0.506	0.169	0	0.004	0	0	0.019	0.026	0.001	0.01	0	0.015	0.004	0	0	0.003	0.114	0.103	0.01	0.018	0.004	0.08	0	0	0.012	0.092
ASV_101	-4.553	12.056	0.454315880513476	0.965294924060784	NotSig	0.002	0.038	0	0	0.005	0.003	0	0.005	0.002	0	0	0	0	0	0.004	0	0	0	0.002	0	0	0	0	0.175	0.009	0.009	0.001	0.004	0.003	0.003	0	0.001	0.001	0.01	0	0	0.011	0	0.006	0.025	0.423	0.426	0	0	0	0.158	0.007	0.194	0	0
ASV_167	-0.982	13.78	0.832102422490036	0.965294924060784	NotSig	0.061	0.12	0.199	0	0.092	0.129	0.057	0.024	0.048	0	0	0.128	0.152	0.071	0.006	0.005	0	0.107	0.006	0.083	0.002	0.009	0	0.013	0	0	0.89	0.031	1.054	0.075	0.029	0.038	0.034	0.001	0.013	0.147	0.027	0.045	1.407	0.016	0.039	0.02	0.037	0.018	0.047	0.009	0.035	0.106	0	0
ASV_149	-0.431	12.823	0.67768913609453	0.965294924060784	NotSig	0.11	0.149	0.335	0.287	0.047	0.122	0.089	0.091	0.015	0.001	0.005	0.058	0.04	0.076	0.048	0.601	0.365	0.095	0.124	0.008	0.018	0.047	0.006	0.009	0.236	0.024	0.025	0.328	0.025	0.061	0.137	0.494	0.096	0.07	0.034	0.056	0.471	0.027	0.055	0.314	0.725	0.114	0.074	0.062	0.02	0.055	0.313	0.483	0.002	0.003
ASV_870	0.523	12.41	0.347730518793963	0.965294924060784	NotSig	0.086	0.06	0.03	0.007	0.233	0.319	0.043	0.027	0.063	0.043	0.009	0.033	0.025	0.024	0.031	0.026	0.06	0.021	0.017	0.016	0.034	0.012	0.002	0.027	0.055	0.004	0.255	0.022	0.092	0.106	0.084	0.029	0.138	0.544	0.051	0.217	0.073	0.012	0.095	0.006	0.009	0.018	0.002	0.007	0.098	0.01	0.033	0.023	0.017	0.003
ASV_210	-1.378	14.975	0.874070643507538	0.965294924060784	NotSig	0.049	0.128	0.005	0.009	0.004	0.17	0.005	0.017	0.012	0.132	0.09	0.016	0.008	0.005	0.026	0.006	0.009	0.016	0.03	0.022	0.057	0.087	0.025	0.018	0.069	0.004	0.269	0.055	0.01	0.11	0.052	0.001	0.029	0.141	0.03	0.001	0.007	0.005	0.095	0.006	0.383	0.078	0.006	0.003	0	0.021	0	0.021	0.048	3.222
ASV_157	-1.904	10.696	0.301356491398082	0.965294924060784	NotSig	0.006	0.021	0.025	0.012	0.002	0	0	0.002	0.002	0.003	0.005	0.03	0.025	0.02	0.001	0	0.014	0.005	0.038	0.053	0.095	0.166	0.074	0.011	0.002	0.018	0.018	0.001	0.013	0.005	0.091	0	0.006	0.001	0.001	0.001	0.003	0	0.027	0	0.012	0.004	0	0.011	0.001	0.001	0.025	0	0	0.051
ASV_144	-0.138	12.996	0.894585900885839	0.965294924060784	NotSig	0.072	0.08	0.008	0	0.013	0.106	0.096	0.077	0.348	0.003	0	0.026	0.019	0.114	0	0.029	0.012	0.012	0.018	0.014	0.007	0.003	0.006	0	0	0	0.061	0.163	0.316	0.139	0.34	0.117	0.19	0.055	0.067	0.817	0.167	0.002	0.006	0	0.042	0.031	0.006	0.012	0.1	0	0.184	0.027	0	0.003
ASV_121	-0.281	13.58	0.775194296529647	0.965294924060784	NotSig	0.099	0.12	0.028	0.011	0.074	0.064	0.191	0.293	0.218	0.01	0.001	0.009	0.005	0.15	0.009	0.002	0.002	0.003	0.008	0.004	0	0.006	0.013	0.121	0.005	0.004	0.539	0.038	0.24	0.102	0.11	0.026	0.062	0.078	0.158	1.224	0.125	0.129	0.223	0.261	0.063	0.114	0.109	0.052	0.365	0.032	0.109	0.173	0.012	0.003
ASV_311	-1.691	13.603	0.321315940887337	0.965294924060784	NotSig	0.058	0.189	0.057	0.091	0.065	0.064	0.102	0.106	0.026	0.009	0.005	0.073	0.02	0.076	0.009	0.014	0.021	0.012	0.048	0.006	0.111	0.015	0.072	0.078	0.369	0.037	0.2	0.26	0.448	0.966	0.043	0.074	0.668	0.109	1.244	0.079	0.052	0.08	0.082	0.654	0.016	0.036	0.64	0.202	0.037	0.237	0.022	0.079	0.167	0.002
ASV_166	2.453	13.142	0.315335075799974	0.965294924060784	NotSig	0.161	0.029	0	0	0.006	0.02	0.008	0.904	0.505	0.001	0.003	0	0	0	0.001	0.002	0	0.003	0	0.004	0	0.003	0	0	0	0.002	0.003	0.01	0.343	0.003	0	0.039	0.01	0.011	0	0	0	0.112	0.354	0.105	0	0	0.018	0.012	0.057	0.009	0.017	0.023	0	0.003
ASV_177	-0.795	12.534	0.711381737175609	0.965294924060784	NotSig	0.044	0.076	0	0.077	0.02	0.003	0.022	0.142	0.015	0.004	0.109	0.007	0.043	0.209	0.048	0.046	0.005	0.229	0.003	0.462	0.055	0.015	0.03	0.096	0.032	0.128	0.009	0.004	0	0.024	0	0.003	0.003	0	0	0.003	0.001	0.259	0.021	0.058	0.137	0.117	0.593	0.008	0.034	0.111	0.019	0.056	0.083	0.003
ASV_235	-0.899	12.376	0.466096721195976	0.965294924060784	NotSig	0.083	0.155	0.061	0.074	0.13	0.125	0.119	0.039	0.188	0.006	0.005	0.059	0.015	0.013	0.01	0.046	0.231	0.016	0.045	0.322	0.073	0.451	0.042	0.056	0.217	0.02	0.344	0.466	0.532	0.133	0.198	0.398	0.464	0.186	0.503	0.068	0.067	0.286	0.031	0.012	0.019	0.123	0.041	0.245	0.046	0.016	0.054	0.107	0.061	0.015
ASV_151	0.355	12.955	0.884487779290663	0.965294924060784	NotSig	0.143	0.112	0.008	0.065	0.03	0.489	0.421	0.197	0.008	0.07	0	0.224	0.175	0.013	0.129	0.469	0.021	0.166	0.08	0.008	0.014	0.003	0.045	0.022	0.185	0.007	0.74	0.099	0.104	0.047	0.033	0.007	0.019	0.013	0.013	0.068	0.143	0.062	0.027	0.033	0.074	0.047	0.066	0.004	0.038	0.794	0.303	0.04	0.031	0
ASV_169	-1.479	12.835	0.234325976733309	0.965294924060784	NotSig	0.025	0.069	0.01	0.012	0.062	0.038	0.012	0.048	0.04	0.001	0	0.03	0.012	0.03	0.095	0.069	0	0.05	0.041	0.01	0.023	0.268	0.023	0.009	0	0	0.022	0.731	0.056	0.004	0.014	0.066	0.141	0.042	0.08	0.005	0.071	0.027	0.061	0.01	0.019	0.013	0.055	0.071	0.338	0.143	0.036	0.024	0.002	0
ASV_128	-2.346	15.815	0.243332955646731	0.965294924060784	NotSig	0.041	0.207	0	0	0	0	0.001	0.365	0	0	0	0	0	0	0	0	0	0	0	0	0	0	0	0.013	0.002	0.009	0	0	0	0	0	0	0	0.003	0.009	0.007	0.14	0.077	0.168	1.148	0	0.002	0.298	0.136	0.118	5.763	0.003	0.164	0	0
ASV_131	3.916	14.311	0.977664669012823	1	NotSig	0.273	0.018	0	0	0	0.009	2.032	0.413	0	0	0.003	0.002	0	0	0	0.005	0	0	0	0	0	0	0	0	0	0	0	0.016	0.001	0.001	0.001	0.071	0.012	0.006	0.058	0.021	0.042	0	0.003	0.007	0.223	0.173	0.002	0.001	0.05	0.006	0.003	0	0	0
ASV_156	-1.289	7.974	0.655318235371671	0.965294924060784	NotSig	0.001	0.003	0	0	0	0.006	0.001	0.002	0.003	0	0	0.002	0	0	0.001	0	0	0.003	0	0	0.002	0	0	0	0.018	0	0.001	0	0.019	0.008	0.007	0.001	0.006	0	0.004	0.025	0.001	0	0	0	0	0.002	0.008	0	0.016	0	0.001	0	0	0
ASV_183	0.808	12.154	1	1	NotSig	0.041	0.023	0	0	0.05	0.309	0.005	0	0	0	0	0	0	0	0.003	0	0	0	0	0	0.002	0	0	0.004	0.005	0.154	0.004	0	0	0.001	0.03	0.06	0.087	0.053	0.456	0.032	0.008	0	0	0	0	0.002	0	0	0	0	0	0	0	0
