ID	methanol_oxidation	methylotrophy	sulfate_respiration	sulfur_respiration	dark_sulfite_oxidation	sulfite_respiration	respiration_of_sulfur_compounds	knallgas_bacteria	dark_hydrogen_oxidation	dark_sulfur_oxidation	dark_oxidation_of_sulfur_compounds	fermentation	aerobic_chemoheterotrophy	human_pathogens_all	human_gut	human_associated	mammal_gut	animal_parasites_or_symbionts	aromatic_compound_degradation	aliphatic_non_methane_hydrocarbon_degradation	hydrocarbon_degradation	nitrate_respiration	nitrate_reduction	nitrogen_respiration	fumarate_respiration	ureolysis	chemoheterotrophy
HE02P026	0	0	0	1.32221929473392	0	0	1.32221929473392	0.301029995663981	0.301029995663981	0	0	3.90509396832787	3.37639444203727	0	0	0	0	3.54666602507018	0	0	0	0	3.41296427199666	0	0	0	3.91067775474271
HE03P003	2.22010808804005	2.22010808804005	0	0	1.27875360095283	0	0	0	0	1.27875360095283	1.27875360095283	3.68547301972276	3.60325266198165	0	0.698970004336019	0.698970004336019	0.698970004336019	3.39689644914252	1.25527250510331	0	0	0	3.39898106665813	0	0	2.2148438480477	3.89092377148901
HE03P004	0	0	0	0	0	0	0	0	0	0	0	3.74748949225867	2.87040390527903	0	0	0	0	3.53173430927655	0.903089986991944	0	0	0	2.65321251377534	0	0	0	3.77829599108883
HE03P005	2.35218251811136	2.35218251811136	0	0	1.46239799789896	0	0	0	0	1.46239799789896	1.46239799789896	3.6736658762457	3.48628876096057	0	0.903089986991944	0.903089986991944	0.903089986991944	3.60948768985329	1.25527250510331	0	0	0	3.16256440652302	0	0	2.03742649794062	3.82170999729838
HE03P010	0.301029995663981	0.301029995663981	0	0.301029995663981	0.301029995663981	0	0.301029995663981	0	0	0.301029995663981	0.301029995663981	3.81264601623312	2.88592633980143	0	1.04139268515822	1.04139268515822	1.04139268515822	3.27783833300205	0	0	0	0	2.63346845557959	0	0	0	3.84217222938562
HE03P011	0	0	0.301029995663981	0.301029995663981	0	0.301029995663981	0.477121254719662	0	0	0	0	3.82904633685318	3.16643011384328	0	0	0	0	3.18780263871842	0	0	0	0	2.74115159885178	0	0	0	3.89525675314489
HE03P012	0	0	0	0	0	0	0	0	0	0	0	3.8842287696326	2.54282542695918	0	0	0	0	3.11627558758054	0	0	0	0	2.91855453055027	0	0	0	3.89608508542329
HE03P014	0	0	0	0	0	0	0	0	0	0	0	3.75549372841512	3.19755621315354	0	0	0	0	3.65272969606925	0	0	0	0	3.20790353038605	0	0	0	3.77778918743487
HE03P019	2.12385164096709	2.12385164096709	0	0	1.30102999566398	0	0	0	0.301029995663981	1.30102999566398	1.30102999566398	3.81284653696707	3.12515582958053	0.301029995663981	0	0.301029995663981	0	3.1215598441875	0.698970004336019	0.301029995663981	0.301029995663981	0.477121254719662	2.91750550955255	0.477121254719662	0.301029995663981	2.11727129565576	3.88411536201167
HE03P021	0	0	0.301029995663981	0	0.301029995663981	0.301029995663981	0.301029995663981	0.301029995663981	0.301029995663981	0.301029995663981	0.301029995663981	3.8677031332701	2.81157500587059	0	0.698970004336019	0.698970004336019	0.698970004336019	3.09933527768596	1.53147891704226	0	0	0	3.04960561259497	0	0	0	3.89899927088979
HE03P022	0	0	0	0	0	0	0	0.903089986991944	0.903089986991944	0	0	3.86081696386454	3.22814360759774	0	0.301029995663981	0.301029995663981	0.301029995663981	3.49568306761692	1.49136169383427	0	0	0	3.41929472175346	0	0	0	3.87737134586977
HE03P023	0	0	0	0	0	0	0	1.69019608002851	1.69019608002851	0	0	3.7435881501599	3.32448823330766	0	0	0	0	3.43743344379797	0.477121254719662	0	0	0	2.99607365448528	0	0	0	3.84217222938562
HE03P024	0	0	0	1.27875360095283	0	0	1.27875360095283	0.698970004336019	0.698970004336019	0	0	3.8011291875797	3.33385014510255	0	0	0	0	3.09236969962912	0	0	0	0	2.68124123737559	0	0	0	3.90928852416225
HE03P025	0	0	0	1.30102999566398	0	0	1.30102999566398	0.301029995663981	0.301029995663981	0	0	3.90552604843505	3.52257463269118	0	0	0	0	3.54431614174743	0	0	0	0	3.49512788124293	0	0	0	3.92453771777549
HE03P028	0	0	0.301029995663981	1.47712125471966	0	0.301029995663981	1.49136169383427	0	0	0	0	3.90287278544608	3.01703333929878	0	0	0	0	2.86746748785905	0.301029995663981	0	0	0	2.77742682238931	0	0	0	3.93560801851787
HE03P046	0	0	0	0	0	0	0	0	0	0	0	3.77407880075252	3.33203427702752	0	0	0	0	3.65858371540706	0	0	0	0	3.30059548388996	0	0	0	3.80106052984786
HE03P047	0	0	0	0	0	0	0	0	0	0	0	3.88913355596672	3.4401216031878	0	0	0	0	3.46434048462767	0	0	0	0	3.32283927268632	0	0	0	3.93018465229862
HE03P048	0	0	0	0	0	0	0	0	0	0	0	3.83492909646058	3.47712125471966	0.477121254719662	0.301029995663981	0.602059991327962	0.301029995663981	3.60021030640933	0	0	0	0	3.47508980338901	0	0	0	3.87482957787972
HE03P050	0	0	0	0	0	0	0	0	0	0	0	3.82249498527875	3.45055700941833	0	0	0	0	3.69626899674553	0	0	0	0	3.45651785780526	0	0	0	3.84173477897474
HE03P051	0	0	0	0	0	0	0	0	0	0	0	3.78002912733734	2.67942789661212	0	0	0	0	3.49982449583958	0	0	0	0	2.62428209583567	0	0	0	3.79351100579286
HE03P055	0	0	0	0	0	0	0	0	0	0	0	3.90789483541628	3.69196510276736	0.301029995663981	0	0.301029995663981	0	3.61087300038005	0	0	0	0	3.58240429801903	0	0	0	3.97122944727624
HE03P056	0	0	0	0	0	0	0	0	0	0	0	3.75289315488459	3.68069802969764	1.68124123737559	0	1.68124123737559	0	3.56050441519506	0	0	0	0	3.39181692361325	0	0	0	3.91275330367132
HE03P057	0	0	0	0	0	0	0	0	0	0	0	3.6457169393696	3.41614103116833	0.954242509439325	0	0.954242509439325	0	3.7394141026987	0	0	0	0	3.16967443405881	0	0	0	3.75197157473633
HE03P058	0	0	0	0	0	0	0	0	0	0	0	3.86457040685343	3.57379958221574	0	0.301029995663981	0.301029995663981	0.301029995663981	3.58748646541096	0	0	0	0	3.5280163411892	0	0	0	3.91975778050189
HE03P059	0	0	0	0	0	0	0	0	0.301029995663981	0	0	3.79281177124815	3.37930551775058	0	0	0	0	3.65896484266443	0.301029995663981	0	0	0.301029995663981	3.49150176623733	0.301029995663981	0.301029995663981	0	3.82026715716096
HE03P061	0	0	0	0	0	0	0	0	0	0	0	3.67724184594665	3.27875360095283	0.477121254719662	0.301029995663981	0.602059991327962	0.301029995663981	3.58399179919832	0.301029995663981	0	0	0	3.07736790528416	0	0	0	3.75853342223729
HE03P063	0	0	0	0	0	0	0	0	0	0	0	3.81630759943194	3.59900923982334	0	0.301029995663981	0.301029995663981	0.301029995663981	3.5449357658815	0.301029995663981	0	0	0	3.41145134213794	0	0	0	3.91855453055027
HE03P064	0	0	0	0.301029995663981	0	0	0.301029995663981	0	0	0	0	3.59295357154787	3.11226976841727	0.301029995663981	0.698970004336019	0.778151250383644	0.698970004336019	3.72729720280359	0.301029995663981	0	0	0	3.12678057701201	0	0	0	3.64532400156229
HE03P066	0	0	0	0	0	0	0	0	0	0	0	3.74772246203551	3.60681114691896	0	0	0	0	3.68169339200456	0	0	0	0	3.50324577146511	0	0	0	3.83365699689287
HE03P067	0	0	0	0	0.301029995663981	0	0	0	0.301029995663981	0.301029995663981	0.301029995663981	3.68187412212865	3.12385164096709	0	0.301029995663981	0.301029995663981	0.301029995663981	3.65301945109961	1.38021124171161	0	0	0.301029995663981	3.13385812520333	0.301029995663981	0.301029995663981	0	3.72353776153206
HE03P068	0	0	0	0	0	0	0	0	0.845098040014257	0	0	3.81411435612913	3.18298496700358	0	0.477121254719662	0.477121254719662	0.477121254719662	3.38435341413751	0	0	0	0.845098040014257	3.07627625540422	0.845098040014257	0.845098040014257	0	3.84862011743413
HE03P071	0	0	0	0	0	0	0	0	0	0	0	3.81103850860422	3.42553422049826	0.301029995663981	0.698970004336019	0.778151250383644	0.698970004336019	3.51851393987789	0.602059991327962	0	0	0	3.3914644118391	0	0	0	3.8774865280696
HE03P072	0	0	0	0.301029995663981	0	0	0.301029995663981	0	0.301029995663981	0	0	3.77844068357123	3.75686422406055	1.44715803134222	0	1.44715803134222	0	3.50704587242733	0.602059991327962	0	0	0.301029995663981	3.46760810558363	0.301029995663981	0.301029995663981	0	3.95192007352029
HE03P073	0	0	0	0	0.301029995663981	0	0	0	0	0.301029995663981	0.301029995663981	3.57170883180869	3.59769518592551	0	0	0	0	3.40001963506516	0	0	0	0	3.11693964655076	0	0	0	3.85751341477669
HE03P074	0	0	0	0	0	0	0	0	0	0	0	3.83720952780121	3.66209644541792	0	0	0	0	3.53262700122889	0.301029995663981	0	0	0	3.50324577146511	0	0	0	3.93666451300008
HE03P075	0	0	0	0	0.477121254719662	0	0	0	0	0.477121254719662	0.477121254719662	3.74834310448755	3.28510702956681	0	1	1	1	3.47610671684019	1.6232492903979	0	0	0	3.11327469246435	0	0	0	3.8213169705911
HE03P077	0	0	0	0	0	0	0	0	0.301029995663981	0	0	3.83352958175864	3.59139855128125	0	0	0	0	3.59483435558332	0.301029995663981	0	0	0.301029995663981	3.52387647563813	0.301029995663981	0.301029995663981	0	3.90671205694296
HE03P078	0	0	0	0	0	0	0	0	0	0	0	3.70061719568206	3.00216606175651	0	0	0	0	3.74209640230324	0	0	0	0	2.99563519459755	0	0	0	3.71222866961954
HE03P082	0	0	0	0	0	0	0	0	0	0	0	3.83346586017069	1.6232492903979	0	0	0	0	3.42078061954857	0	0	0	0	2.57749179983723	0	0	0	3.83397537127991
HE05P026	0	0	0	1.27875360095283	0	0	1.27875360095283	0	0	0	0	3.93038861824432	3.58308536634769	0	0	0	0	3.64305768375145	0	0	0	0	3.76819396163307	0	0	0	3.93656400513527
HE07P004	0	0	0	0	0	0	0	0	0	0	0	3.77085201164214	3.14488541828714	0	0.845098040014257	0.845098040014257	0.845098040014257	3.31302311032324	0.698970004336019	0	0	0	2.58092497567562	0	0	0	3.84447717574568
HE07P010	0	0	0	1.17609125905568	0	0	1.17609125905568	0	0	0	0	3.72664572024091	2.82994669594164	0	0	0	0	3.4944328987264	0	0	0	0	2.59217675739587	0	0	0	3.75419538818984
HE07P012	0	0	0	0	0	0	0	0.301029995663981	0.301029995663981	0	0	3.8065869343278	2.22010808804005	0	0.477121254719662	0.477121254719662	0.477121254719662	3.16820274684263	0	0	0	0	2.46538285144842	0	0	0	3.81458051601032
HE07P019	0	0	0	0	0	0	0	0	0.301029995663981	0	0	3.772395061082	3.10380372095596	0	0.477121254719662	0.477121254719662	0.477121254719662	3.20574554094266	2.57863920996807	0	0	0.301029995663981	2.51054501020661	0.301029995663981	0.301029995663981	0	3.84683175282326
HE07P021	0	0	0	0	0	0	0	0.698970004336019	0.698970004336019	0	0	3.66782637895071	3.63508143601087	0	0	0	0	3.34576569311449	0	0	0	0	3.07809415040641	0	0	0	3.90124030207331
HE07P022	0	0	0	0	0	0	0	0.602059991327962	0.602059991327962	0	0	3.74343136514668	3.19920647916166	0	0	0	0	3.62664826847401	0	0.301029995663981	0.301029995663981	0	3.27044590801796	0	0	0	3.77988496319264
HE07P023	0	0	0	1.23044892137827	0	0	1.23044892137827	0.602059991327962	0.602059991327962	0	0	3.83847127907193	3.47523522260413	0	0	0	0	3.55412558151301	0	0	0	0	3.38237730346811	0	0	0	3.8885725968576
HE07P024	0	0	0	0	0	0	0	0	0	0	0	3.53377205838472	3.50893352605003	0	0	0	0	3.48330195235817	0	0	0	0	2.63447727016073	0	0	0	3.80915553174718
HE07P025	0	0	0	1.20411998265592	0	0	1.20411998265592	0	0.301029995663981	0	0	3.65906007224094	2.87966920563205	0	0.602059991327962	0.602059991327962	0.602059991327962	3.54530711646582	0.954242509439325	0	0	0.301029995663981	2.54900326202579	0.301029995663981	0.301029995663981	0	3.71197585435176
HE07P028	0	0	0	2.03742649794062	0	0	2.03742649794062	0	0.301029995663981	0	0	3.92293295655521	2.39967372148104	0	0	0	0	2.86033800657099	0	0	0	0.301029995663981	2.33041377334919	0.301029995663981	0.301029995663981	0	3.93074532831111
HE07P046	0	0	0	0	0	0	0	0	0	0	0	3.81384775422885	3.54654266347813	0	0	0	0	3.09307130637606	0	0	0	0	2.9106244048892	0	0	0	3.96838954184707
HE07P047	0	0	0	0	0	0	0	0	0.301029995663981	0	0	3.63628725209851	3.71045586433542	0	0	0	0	3.28712962071911	0.301029995663981	0	0	0.301029995663981	3.09691001300806	0.301029995663981	0.301029995663981	0	3.93242302637674
HE07P048	0	0	0	0	0	0	0	0	0	0	0	3.72296280894249	3.19617618503997	0.301029995663981	0	0.301029995663981	0	3.36248247475117	0	0	0	0	3.001733712809	0	0	0	3.81298016603948
HE07P051	0	0	0	0.301029995663981	0	0	0.301029995663981	0	0	0	0	3.91354895790652	3.30362797638389	0	0	0	0	3.33284226699435	0	0	0	0	3.24104815067164	0	0	0	3.93771844361726
HE07P055	0	0	0	0	0	0	0	0	0	0	0	3.878751520173	3.43536650661266	0	0	0	0	3.46834733041216	0	0	0	0	3.29247759366778	0	0	0	3.92783213286658
HE07P056	0	0	0	0	0	0	0	0	0.301029995663981	0	0	3.92839585225671	3.68833081811227	0.845098040014257	0	0.845098040014257	0	3.70748501196747	0	0	0	0.301029995663981	3.65417654187796	0.301029995663981	0.301029995663981	0	3.95371138042756
HE07P057	0	0	0	0	0	0	0	0	0	0	0	3.75258617874041	3.65609820201283	0.602059991327962	0	0.602059991327962	0	3.80284211273907	0	0	0	0	3.59933713299249	0	0	0	3.83372069044463
HE07P058	0	0	0.477121254719662	0	0	0.477121254719662	0.477121254719662	0	0	0	0	3.82445127003661	2.78816837114117	0	0	0	0	3.23854788768133	0.602059991327962	0	0	0	2.92012332629072	0	0	0	3.83569057149243
HE07P059	0	0	0.301029995663981	0	0	0.301029995663981	0.301029995663981	0	0.477121254719662	0	0	3.89597473235906	3.27600198996205	0	0	0	0	3.33061666729444	0.477121254719662	0	0	0.477121254719662	3.19173039336286	0.477121254719662	0.477121254719662	0	3.9251573271759
HE07P061	0	0	0	0	0	0	0	0	0	0	0	3.86664172056604	3.45423489574827	0	0	0	0	3.46299661202806	0.301029995663981	0	0	0	3.33445375115093	0	0	0	3.92001891602891
HE07P063	0	0	0	0	0	0	0	0	0	0	0	3.64443858946784	3.49512788124293	0	0.301029995663981	0.301029995663981	0.301029995663981	3.65552259625342	0	0	0	0	3.1476763242411	0	0	0	3.79885773174749
HE07P064	0	0	0	0	0	0	0	0	0	0	0	3.87788942537148	3.20139712432045	0	0.954242509439325	0.954242509439325	0.954242509439325	3.46819958607261	0.698970004336019	0	0	0	3.23603314711764	0	0	0	3.88778603483837
HE07P066	0	0	0	0	0	0	0	0	0.301029995663981	0	0	3.66959578102431	3.53478735862949	0	0	0	0	3.53895056201436	0	0	0	0.301029995663981	3.29336255471145	0.301029995663981	0.301029995663981	0	3.7979596437372
HE07P068	0	0	0	0	0	0	0	0	0	0	0	3.83569057149243	3.54715912132742	0.301029995663981	0	0.301029995663981	0	3.583765368285	0	0	0	0	3.50242711998443	0	0	0	3.90243805619866
HE07P071	0	0	0	0	0	0	0	0	0	0	0	3.80420760508204	3.71875073473967	0.477121254719662	0	0.477121254719662	0	3.62634036737504	0.845098040014257	0	0	0	3.57019256109573	0	0	0	3.92562145479083
HE07P072	0	0	0	0	0	0	0	0	0	0	0	3.58771096501891	3.22530928172586	0	0	0	0	3.66304097489397	0	0	0	0	3.24551266781415	0	0	0	3.68340729913209
HE07P073	0	0	0.301029995663981	0.698970004336019	0	0.301029995663981	0.778151250383644	0	0	0	0	3.86711377983198	3.71825250009775	0	0	0	0	3.68475562210862	0.301029995663981	0	0	0	3.63437649408837	0	0	0	3.93348728784871
HE07P074	0	0	0	0	0	0	0	0	0	0	0	3.52775875252097	3.69905685454767	0	0	0	0	3.35621713421974	0	0	0	0	2.92116605063774	0	0	0	3.88592633980143
HE07P075	0	0	0	0	0	0	0	0	0	0	0	3.64699153747712	3.39287274540208	0	0.301029995663981	0.301029995663981	0.301029995663981	3.51930284923543	0.301029995663981	0	0	0	3.10754912974469	0	0	0	3.78132445566699
HE07P077	0	0	0	0	0	0	0	0	0	0	0	3.71281800020785	3.07627625540422	0	0	0	0	3.64117654661311	0.301029995663981	0	0	0	3.4323277922616	0	0	0	3.74327452351193
HE07P078	0	0	0	0	0	0	0	0	0	0	0	3.68268647824977	2.53402610605613	0	0	0	0	3.63508143601087	0	0	0	0	2.23552844690755	0	0	0	3.70191321121234
HE10P003	0.301029995663981	0.301029995663981	0	0	0	0	0	0	0	0	0	3.71222866961954	3.02284061087653	0	0.477121254719662	0.477121254719662	0.477121254719662	3.5152113043278	2.58994960132571	0	0	0	2.51054501020661	0	0	0.301029995663981	3.7769915848564
HE10P049	0	0	0	0	0	0	0	0	0	0	0	3.96834283095895	3.07881918309885	0	0	0	0	3.14643813528577	0	0	0	0	3.04532297878666	0	0	0	3.97529391535621
HE10P054	0	0	0	0	0	0	0	0	0	0	0	3.70654710264036	3.33183204443625	0.301029995663981	0	0.301029995663981	0	3.6773331514199	0	0	0	0	3.29534714833362	0	0	0	3.77151398997967
HG00P003	2.37291200297011	2.37291200297011	0	0	1.38021124171161	0	0	0	0	1.38021124171161	1.38021124171161	3.67098760301003	3.03342375548695	0	0.845098040014257	0.845098040014257	0.845098040014257	3.49009900506331	2.43136376415899	0	0	0	2.62634036737504	0	0	2.32837960343874	3.75089392038213
HG00P010	0	0	0	0.477121254719662	0	0	0.477121254719662	0	0	0	0	3.78717699247055	3.3809344633307	0	0	0	0	3.33304402982349	0	0	0	0	3.20167017964658	0	0	0	3.86605092400927
HG00P011	0.301029995663981	0.301029995663981	0	0.477121254719662	0	0	0.477121254719662	0	0	0	0	3.80140371001736	3.10037054511756	0.954242509439325	0	0.954242509439325	0	3.36698297597785	0	0	0	0	2.99211148778695	0	0	0.301029995663981	3.84348194303996
HG00P012	0	0	0	0	0	0	0	0	0	0	0	3.83321088028261	2.91222205653242	0	0.778151250383644	0.778151250383644	0.778151250383644	3.11859536522376	0	0	0	0	2.55022835305509	0	0	0	3.87592898492293
HG00P014	0	0	0	0	0	0	0	0	0	0	0	3.69931730102138	2.61804809671209	0	0.602059991327962	0.602059991327962	0.602059991327962	3.45209324901773	0	0	0	0	2.42324587393681	0	0	0	3.71833557890851
HG00P021	0	0	0	0	0	0	0	0	0.301029995663981	0	0	3.75104803482019	3	0.477121254719662	0	0.477121254719662	0	3.32878720035453	0	0.602059991327962	0.602059991327962	0.301029995663981	2.66838591669	0.301029995663981	0.301029995663981	0	3.79775212865071
HG00P022	0	0	1	0	0	1	1	1.04139268515822	1.04139268515822	0	0	3.65820225338701	2.66651798055488	0	0.698970004336019	0.698970004336019	0.698970004336019	3.41630758705988	1.38021124171161	0	0	0	2.9106244048892	0	0	0	3.69037330691606
HG00P023	0	0	0	0	0	0	0	0.477121254719662	0.477121254719662	0	0	3.62231766083384	2.59217675739587	0	0	0	0	3.54120469068326	0	0	0	0	2.59328606702046	0	0	0	3.64345267648619
HG00P024	0	0	0	0.602059991327962	0	0	0.602059991327962	0.903089986991944	0.903089986991944	0	0	3.70765532353119	2.82994669594164	0	0	0	0	3.12483014941386	0	0	0	0	2.8555191556678	0	0	0	3.75081684264975
HG00P025	0	0	0	1.07918124604762	0	0	1.07918124604762	0	0	0	0	3.80475260215046	2.35602585719312	0	0.698970004336019	0.698970004336019	0.698970004336019	3.37051308959859	1.44715803134222	0	0	0	3.18127177155946	0	0	0	3.81237851115419
HG00P026	0	0	0	1.04139268515822	0	0	1.04139268515822	0.477121254719662	0.602059991327962	0	0	3.8593785044256	2.67394199863409	0	0	0	0	3.27021285489624	1.39794000867204	0	0	0.301029995663981	3.04178731897175	0.301029995663981	0.301029995663981	0	3.8667007560425
HG00P028	0	0	0	1.94939000664491	0	0	1.94939000664491	0	0.698970004336019	0	0	3.84584190742176	2.56584781867352	0	0	0	0	3.23904909314019	0.477121254719662	0	0	0.698970004336019	2.6170003411209	0.698970004336019	0.698970004336019	0	3.85333310500234
HG00P046	0	0	0	0	0	0	0	0	0.301029995663981	0	0	3.72615646617276	3.3021143769562	0	0	0	0	3.76012078526457	0	0	0	0.301029995663981	3.33000770087276	0.301029995663981	0.301029995663981	0	3.7504312486602
HG00P047	0	0	0	0	0	0	0	0	0	0	0	3.88286591972163	2.51321760006794	0	0	0	0	3.19755621315354	0	0	0	0	2.53781909507327	0	0	0	3.88935773688893
HG00P048	0	0	0	0	0	0	0	0	0	0	0	3.87215627274829	3.56086269472746	0	0	0	0	3.64048143697042	0	0	0	0	3.51679970408162	0	0	0	3.89674661560741
HG00P050	0	0	0	0	0	0	0	0	0.301029995663981	0	0	3.85381984585676	3.64305768375145	0	0	0	0	3.67219025118825	0	0	0	0.301029995663981	3.55339751012388	0.301029995663981	0.301029995663981	0	3.91222205653242
HG00P051	0	0	0.301029995663981	0	0	0.301029995663981	0.301029995663981	0	0.301029995663981	0	0	3.79518458968242	3.35964579267454	0	0	0	0	3.52009032811284	0	0	0	0.301029995663981	3.2380461031288	0.301029995663981	0.301029995663981	0	3.85985852048099
HG00P055	0	0	0	0	0	0	0	0	0	0	0	3.68565218411552	3.37438169805088	0.301029995663981	0	0.301029995663981	0	3.7701152947871	0	0	0	0	3.45255306322893	0	0	0	3.73431968085901
HG00P056	0	0	0	0	0	0	0	0	0	0	0	3.8563058664333	3.50338206347373	0.602059991327962	0	0.602059991327962	0	3.59184341122478	0	0	0	0	3.40568778667278	0	0	0	3.90590376621662
HG00P058	0	0	0	0	0	0	0	0	0	0	0	3.91907809237607	3.63265971329391	0	0	0	0	3.67495294804857	0	0	0	0	3.60129931019434	0	0	0	3.9447293603033
HG00P059	0	0	0	0	0	0	0	0	0	0	0	3.78038932847095	3.11126251365907	0	0	0	0	3.56902258602956	0	0	0	0	3.23172438332852	0	0	0	3.79823617636794
HG00P061	0	0	0	0	0	0	0	0	0	0	0	3.71591981743358	3.45954325828041	0	0	0	0	3.61108573341487	0	0	0	0	3.27760921430409	0	0	0	3.82588029893618
HG00P063	0	0	0.903089986991944	0	0	0.903089986991944	0.903089986991944	0	0.301029995663981	0	0	3.77691900284205	3.33745926129066	0	0	0	0	3.3647385550554	0	0	0	0.301029995663981	2.97680833733807	0.301029995663981	0.301029995663981	0	3.85973856619715
HG00P064	0	0	0.301029995663981	0	0	0.301029995663981	0.301029995663981	0	0	0	0	3.79643555881017	3.50447086249442	0	0.602059991327962	0.602059991327962	0.602059991327962	3.53832233323144	0.698970004336019	0	0	0	3.36078268987328	0	0	0	3.87395965474335
HG00P066	0	0	0	0	0	0	0	0	0.698970004336019	0	0	3.82975391892497	3.5358002908249	0	0	0	0	3.498448403174	0	0	0	0.698970004336019	3.50718097726024	0.698970004336019	0.698970004336019	0	3.8886848466597
HG00P071	0	0	0	0	0	0	0	0	0.301029995663981	0	0	3.76484835719341	3.42176840120692	0	0.301029995663981	0.301029995663981	0.301029995663981	3.56984189940376	0	0	0	0.301029995663981	3.31260043926126	0.301029995663981	0.301029995663981	0	3.8316138553091
HG00P072	0	0	0	0	0	0	0	0	0	0	0	3.89125861690414	3.81763146719052	0.778151250383644	0.301029995663981	0.845098040014257	0.301029995663981	3.73735169580371	0.954242509439325	0	0	0	3.71608685377483	0	0	0	3.96731391828708
HG00P073	0	0	0	0	0	0	0	0	0	0	0	3.56205482965638	3.72956972630197	0	0	0	0	3.32407657973949	0	0	0	0	3.07954300740291	0	0	0	3.91158370098108
HG00P074	0	0	0	0.698970004336019	0	0	0.698970004336019	0	0.602059991327962	0	0	3.77026273817059	3.44994098877334	0	0.301029995663981	0.301029995663981	0.301029995663981	3.46731206298055	0.477121254719662	0	0	0.602059991327962	3.22141423784234	0.602059991327962	0.602059991327962	0	3.86882070619752
HG00P075	0	0	0	0	0	0	0	0	0	0	0	3.58771096501891	3.43616264704076	0	0	0	0	3.38934331125208	0.301029995663981	0	0	0	2.78532983501077	0	0	0	3.79726754083072
HG00P077	0	0	0	0	0	0	0	0	0	0	0	3.78532983501077	3.52917360326172	0	0.301029995663981	0.301029995663981	0.301029995663981	3.37493155397819	0.477121254719662	0	0	0	3.20736503746907	0	0	0	3.91587450285769
HG00P078	0	0	0	0	0	0	0	0	0	0	0	3.8059084550742	3.45560611258187	0	0	0	0	3.56217386336465	0.477121254719662	0	0	0	3.38987455839099	0	0	0	3.86858566655877
HG00P082	0	0	0	0	0	0	0	0	0	0	0	3.77048380943111	1.65321251377534	0	0	0	0	3.45178643552429	0	0	0	0	2.79169064902012	0	0	0	3.77166095934889
HS00P003	0	0	0	0.301029995663981	0	0	0.301029995663981	0	0	0	0	3.76930346018908	3.41279642871654	0	0	0	0	3.72098574415374	0	0	0	0	3.49262072204319	0	0	0	3.80174661921946
HS00P004	0	0	0	0	0	0	0	0	0	0	0	3.79330135361311	3.29622628726116	0	1.41497334797082	1.41497334797082	1.41497334797082	3.47334096418594	0	0	0	0	3.24477176149529	0	0	0	3.85113599501157
HS00P010	0	0	0	0	0	0	0	0	0	0	0	3.71474876072506	3.69722934275972	1.46239799789896	1.47712125471966	1.76342799356294	1.47712125471966	3.52737208282761	0	0	0	0	3.33665982345442	0	0	0	3.90821685308939
HS00P011	0	0	0	0.301029995663981	0	0	0.301029995663981	0.301029995663981	0.301029995663981	0	0	3.77151398997967	3.14019367857863	0.477121254719662	1.30102999566398	1.34242268082221	1.30102999566398	3.54777470538782	0	0	0	0	3.10687054447865	0	0	0	3.80854855124041
HS00P012	0	0	0	0	0	0	0	0	0	0	0	3.83467497446274	2.87563993700417	0	0	0	0	3.39846084960822	0	0	0	0	2.85125834871908	0	0	0	3.8560639533331
HS00P014	2.47275644931721	2.47275644931721	0	0	1.46239799789896	0	0	0	0.778151250383644	1.46239799789896	1.46239799789896	3.75974336759772	3.12287092286444	0	1.32221929473392	1.32221929473392	1.32221929473392	3.43104194533589	1.20411998265592	0	0	0.778151250383644	3.03140846425162	0.778151250383644	0.778151250383644	2.41329976408125	3.8228216453031
HS00P019	2.34635297445064	2.34635297445064	0	0	1.44715803134222	0	0	0	0	1.44715803134222	1.44715803134222	3.81914894280713	3.44947839918736	0	1.69897000433602	1.69897000433602	1.69897000433602	3.51613857671707	0	0	0	0	3.39619934709574	0	0	2.16731733474818	3.88138465677057
HS00P025	0	0	0.602059991327962	0	0	0.602059991327962	0.602059991327962	0	0	0	0	3.77298145034496	3.44963265047007	0.698970004336019	0.602059991327962	0.903089986991944	0.602059991327962	3.44669246637153	1.30102999566398	2.75127910398334	2.75127910398334	0	3.45101845215546	0	0	0	3.86787978345838
HS00P029	0	0	0	0	0	0	0	0	0	0	0	3.7098633174404	3.51134851549021	0	0	0	0	3.27646180417324	0	0	0	0	2.95856388322197	0	0	0	3.89520147477889
HS00P034	0	0	0	0	0	0	0	0	0.301029995663981	0	0	3.75959230864598	3.09377178149873	0.477121254719662	0.301029995663981	0.602059991327962	0.301029995663981	3.39058187855044	0.778151250383644	1.47712125471966	1.47712125471966	0.301029995663981	2.86153441085904	0.301029995663981	0.301029995663981	0	3.82691664718492
HS00P036	0	0	0	0	0	0	0	0	0	0	0	3.86021818466876	2.99956548822598	0.602059991327962	0	0.602059991327962	0	2.81624129999178	0.301029995663981	0	0	0	2.49692964807321	0	0	0	3.90832413927618
HS00P040	0	0	0	0	0	0	0	0	0	0	0	3.75120209458835	3.47334096418594	0.301029995663981	0	0.301029995663981	0	3.43663963169266	0	0	0	0	3.27160930137883	0	0	0	3.87616008482563
HS00P041	0	0	0	0	0	0	0	1.32221929473392	1.32221929473392	0	0	3.82412583391655	3.62675085368339	0	0	0	0	3.48770386316373	0	0	0	0	3.44185217577329	0	0	0	3.93211847202912
HS00P042	0	0	0	0	0	0	0	0	0	0	0	3.81881950754754	3.42732378635725	0	0	0	0	3.45848676379821	0.301029995663981	1.20411998265592	1.20411998265592	0	3.29754166781816	0	0	0	3.88823567327057
HS00P044	0	0	0	0	0	0	0	0	0	0	0	3.85082995984853	3.51534389308838	0	0	0	0	3.62971533264713	0	0	0	0	3.49052030936335	0	0	0	3.89248417936469
HS00P045	0	0	0	0	0	0	0	1.5910646070265	1.5910646070265	0	0	3.82568570802176	3.12090281761453	0	0	0	0	3.38934331125208	0.301029995663981	0	0	0	3.00817418400643	0	0	0	3.8747716371843
HS00P046	0	0	0	0.301029995663981	0	0	0.301029995663981	0	0	0	0	3.34713478291002	1.75587485567249	0	0	0	0	3.59988307207369	0	0	0	0	2.28103336724773	0	0	0	3.35024801833416
HS00P047	0	0	0	0	0	0	0	0	0	0	0	3.90460736381545	3.446070935701	0	0	0	0	3.49554433754645	0.903089986991944	0	0	0	3.75762374590839	0	0	0	3.93394260274126
HS00P048	0	0	0	0	0	0	0	0	0	0	0	3.78304557211469	1.72427586960079	0	0	0	0	3.45438746714695	0	0	0	0	2.02118929906994	0	0	0	3.78426058256608
HS00P050	0	0	0	0	0	0	0	0	0	0	0	3.39932753215868	2.76715586608218	0	0	0	0	3.00216606175651	0	0	0	0	2.82930377283102	0	0	0	3.43743344379797
HS00P051	0	0	0	0.301029995663981	0	0	0.301029995663981	0	0	0	0	3.566083784168	1.96848294855394	0	0	0	0	3.65446533352015	0	0	0	0	2.56937390961505	0	0	0	3.56808433131539
HS00P055	0	0	0	0	0	0	0	0	0	0	0	3.74538712132001	2.29003461136252	0	0	0	0	3.5358002908249	0	0	0	0	2.40483371661994	0	0	0	3.75495958772171
HS00P056	0	0	0	0	0	0	0	0.301029995663981	0.301029995663981	0	0	3.87005258169354	3.49817266063654	0	0.698970004336019	0.698970004336019	0.698970004336019	3.64256343710439	0.477121254719662	0	0	0	3.69600671521855	0	0	0	3.88778603483837
HS00P057	0	0	0.477121254719662	0.477121254719662	0	0.477121254719662	0.698970004336019	0	0	0	0	3.80256849831396	1.61278385671974	0	0	0	0	3.46553155697355	0	0	0	0	2.5092025223311	0	0	0	3.80746737568428
HS00P058	0	0	0	0	0	0	0	0	0	0	0	3.94324712513786	3.71474876072506	0	0	0	0	3.74842062246757	0	0	0	0	3.86445174715818	0	0	0	3.94987770403687
HS00P059	0	0	0	0	0	0	0	0	0	0	0	3.70104963072914	2.27646180417324	0	0.301029995663981	0.301029995663981	0.301029995663981	3.41128291301738	0.301029995663981	0	0	0	2.53907609879278	0	0	0	3.71307032585564
HS00P061	0	0	0	0	0	0	0	0	0	0	0	3.75250940078884	3.14207646107328	0	0.301029995663981	0.301029995663981	0.301029995663981	3.52439612210384	0	0	0	0	3.04257551244019	0	0	0	3.81730087839332
HS00P063	0	0	0	0	0	0	0	0	0	0	0	3.79351100579286	2.11727129565576	0	0	0	0	3.48086892368717	0	0	0	0	2.01283722470517	0	0	0	3.79837437668156
HS00P064	0	0	0	0	0	0	0	0	0	0	0	3.72484908762939	2.48000694295715	0	0	0	0	3.61909333062674	0	0	0	0	3.13161866434913	0	0	0	3.74491854244135
HS00P068	0	0	0	0	0	0	0	0	0	0	0	3.87523494645016	3.22891340599469	0	0.301029995663981	0.301029995663981	0.301029995663981	3.22141423784234	0	0	0	0	3.03702787975578	0	0	0	3.91692746611299
HS00P071	0	0	0	0	0	0	0	0	0	0	0	3.86758532654704	2.64443858946784	0.301029995663981	0	0.301029995663981	0	3.19451434188247	0	0	0	0	2.7041505168398	0	0	0	3.88711070312488
HS00P072	0	0	0	0.301029995663981	0	0	0.301029995663981	0	0	0	0	3.83129374437701	3.26810972980848	0.477121254719662	0	0.477121254719662	0	3.3142886609475	0	0	0	0	2.9982593384237	0	0	0	3.90633504180509
HS00P073	0	0	0	0.602059991327962	0	0	0.602059991327962	0	0	0	0	3.67960957177976	2.93247376467715	0.845098040014257	0.602059991327962	1	0.602059991327962	3.50256366910736	0.778151250383644	0	0	0.301029995663981	3.13987908640124	0.301029995663981	0	0	3.71239713140672
HS00P074	0	0	0	1.32221929473392	0	0	1.32221929473392	0	0	0	0	3.5854607295085	3.61605519497659	1.46239799789896	0	1.46239799789896	0	3.16256440652302	0	0	0	0	2.60530504614111	0	0	0	3.88530466758897
HS00P075	0	0	0	0.477121254719662	0	0	0.477121254719662	0	0	0	0	3.90827049949572	2.54282542695918	0	0	0	0	3.21932250841934	0	0	0	0	2.82020145948564	0	0	0	3.90923500336831
HS00P077	0	0	0	0	0	0	0	0	0	0	0	3.88806711340744	2.63548374681491	1.41497334797082	0	1.41497334797082	0	3.25333800532611	0	0	0	0	2.68394713075151	0	0	0	3.89359533381988
HS00P082	0	0	0	0	0	0	0	0	0	0	0	3.7388598020722	2.81557774832427	0.698970004336019	0.301029995663981	0.778151250383644	0.301029995663981	3.54752857645978	0	0	0	0	2.83569057149243	0	0	0	3.75762374590839
HS00P109	0	0	0	0	0	0	0	0	0	0	0	3.60766943668824	2.51851393987789	0	0	0	0	3.25911584418507	0.477121254719662	0	0	0	2.61909333062674	0	0	0	3.64087877870162
HS00P110	0	0	0	0	0	0	0	0	0	0	0	3.8992731873176	2.46982201597816	0	0	0	0	2.84695532501982	0.301029995663981	0	0	0	2.8926510338773	0	0	0	3.91200937558698
HS00P118	0	0	0	0	0	0	0	0	0	0	0	3.72623804680264	2.50785587169583	0	0	0	0	2.88252453795488	0	0	0	0	1.81954393554187	0	0	0	3.74826557266874
HS00P137	0	0	0	0	0	0	0	0	0	0	0	3.75823040845775	2.46538285144842	0	0	0	0	2.82865989653532	0.903089986991944	0	0	0	2.92220627743902	0	0	0	3.77553763478096
HS00P142	0	0	0	0	0	0	0	0	0	0	0	3.87233112123025	2.60205999132796	0	0	0	0	2.90794852161227	1.07918124604762	0	0	0	3.15198239545747	0	0	0	3.88761730033574
HS00P167	0	0	1.39794000867204	0	0	1.39794000867204	1.39794000867204	0	0	0	0	3.66152874013198	1.39794000867204	0	0.301029995663981	0.301029995663981	0.301029995663981	3.22891340599469	0.903089986991944	0	0	0	2.2380461031288	0	0	0	3.66473596851871
HS00P176	0	0	0.845098040014257	0	0	0.845098040014257	0.845098040014257	0	0.903089986991944	0	0	3.80215775318696	2.00432137378264	0	0.778151250383644	0.778151250383644	0.778151250383644	3.15503222879097	0.903089986991944	0	0	0.903089986991944	3.3386556655787	0.903089986991944	0.903089986991944	0	3.80712895559242
HS00P179	0	0	0	0	0	0	0	0	0.301029995663981	0	0	3.83314711191279	2.57978359661681	0.301029995663981	0	0.301029995663981	0	2.97358962342726	0.903089986991944	0	0	0.301029995663981	3.44901531634779	0.301029995663981	0.301029995663981	0	3.84329508273651
HS00P192	0	0	0.301029995663981	0	0	0.301029995663981	0.301029995663981	0	0.301029995663981	0	0	3.72320931040511	1.89209460269048	0	0.301029995663981	0.301029995663981	0.301029995663981	3.19865708695442	0.602059991327962	0	0	0.301029995663981	3.04766419460156	0.301029995663981	0.301029995663981	0	3.72908375704361
HS00P198	0	0	1.55630250076729	1.72427586960079	0	1.55630250076729	1.94448267215017	0	0	0	0	3.73822544814251	2.8318697742805	0	0	0	0	3.03742649794062	0.477121254719662	0	0	0	2.40823996531185	0	0	0	3.77771673860963
HS00P201	0	0	1.79934054945358	0	0	1.79934054945358	1.79934054945358	0	0.698970004336019	0	0	3.69992440274248	2.26717172840301	0.301029995663981	0	0.301029995663981	0	2.94939000664491	0.698970004336019	0	0	0.778151250383644	2.33645973384853	0.778151250383644	0.698970004336019	0	3.71725431276255
HS00P93	0	0	1.11394335230684	1.84509804001426	0	1.11394335230684	1.91381385238372	0	0	0	0	3.76514679010803	1.39794000867204	0	0	0	0	2.62838893005031	0.477121254719662	0	0	0	1.75587485567249	0	0	0	3.77195474896395
HS00P96	0	0	0	0	0	0	0	0	0	0	0	3.69284691927723	2.41664050733828	0	0	0	0	3.22582599146189	0	0	0	0	2.61172330800734	0	0	0	3.71070956572434
HS03P003	0	0	0	0	0	0	0	0	0	0	0	3.70867579272654	3.5556988947189	0	0	0	0	3.34399906905716	0	0	0	0	3.10516942799933	0	0	0	3.89159320434897
HS03P004	0	0	0	0	0	0	0	0	0	0	0	3.66351247041516	3.64708942871655	0	1.44715803134222	1.44715803134222	1.44715803134222	3.46996920949996	0.477121254719662	0	0	0	3.14113609012074	0	0	0	3.88722333136252
HS03P005	0.778151250383644	0.778151250383644	0.301029995663981	0	0.301029995663981	0.301029995663981	0.301029995663981	0	0	0.301029995663981	0.301029995663981	3.72271616748849	3.55424680816611	0.602059991327962	1.73239375982297	1.75587485567249	1.73239375982297	3.4344092075875	0	0	0	0	3.07261747654524	0	0	0	3.89148170383952
HS03P010	0	0	0	0	0	0	0	0	0.301029995663981	0	0	3.74725639744214	3.50297305906563	0.602059991327962	0.903089986991944	1.04139268515822	0.903089986991944	3.09061070782841	0	0	0	0.301029995663981	2.58883172559421	0.301029995663981	0.301029995663981	0	3.92844706320918
HS03P011	0	0	0	0	0	0	0	0	0	0	0	3.85660806843694	3.32797162362301	0	0.602059991327962	0.602059991327962	0.602059991327962	3.34966598409663	0.301029995663981	0	0	0	3.11394335230684	0	0	0	3.91524149730619
HS03P012	0	0	0	0	0	0	0	0	0	0	0	3.90671205694296	2.5910646070265	0	0.602059991327962	0.602059991327962	0.602059991327962	2.80071707828239	0	0	0	0	2.38560627359831	0	0	0	3.91944421046524
HS03P014	2.20139712432045	2.20139712432045	0	0	1.36172783601759	0	0	0	0	1.36172783601759	1.36172783601759	3.7462448717202	3.46893780566546	0.301029995663981	1	1.04139268515822	1	3.50037371435337	0.477121254719662	0	0	0.301029995663981	3.26458172923808	0.301029995663981	0	2.19589965240923	3.85691006030079
HS03P019	0.301029995663981	0.301029995663981	0	0	0.301029995663981	0	0	0	0	0.301029995663981	0.301029995663981	3.64295887940979	3.50009919191572	0	0.845098040014257	0.845098040014257	0.845098040014257	3.4970679363985	0.903089986991944	0	0	0	3.03901732199741	0	0	0	3.83403901815947
HS03P024	0	0	0.698970004336019	0	0	0.698970004336019	0.698970004336019	0	0	0	0	3.75883622474696	3.51574141666937	0.301029995663981	0	0.301029995663981	0	3.15350998930084	0.477121254719662	1.95904139232109	1.95904139232109	0	2.90579588036787	0	0	0	3.91960102378411
HS03P025	0	0	0	0	0	0	0	0	0	0	0	3.72965066833592	3.63968566124268	0	0	0	0	3.46523409498801	0.845098040014257	2.82542611776782	2.82542611776782	0	3.35659943572497	0	0	0	3.89921841785137
HS03P026	0	0	0.301029995663981	0	0	0.301029995663981	0.301029995663981	0	0	0	0	3.80597635071756	3.1476763242411	0	0	0	0	3.34986008219233	0	0	0	0	3.15228834438306	0	0	0	3.86033800657099
HS03P029	0	0	0	0	0	0	0	0	0	0	0	3.62510657540347	3.2718416065365	0	0	0	0	3.40036527334994	0	0	0	0	2.91960102378411	0	0	0	3.76633847525129
HS03P031	0	0	0	0	0	0	0	1.69897000433602	1.73239375982297	0	0	3.78738962135211	3.24204423936955	0.477121254719662	0	0.477121254719662	0	3.43088094645289	0	0	0	0.698970004336019	3.07114529045108	0.698970004336019	0.698970004336019	0	3.85497367372642
HS03P034	0	0	0	0	0	0	0	0	0.301029995663981	0	0	3.57852460527499	3.39967372148104	0	0	0	0	3.57703198562603	0	1.5910646070265	1.5910646070265	0.301029995663981	3.01745072951054	0.301029995663981	0.301029995663981	0	3.76581751530992
HS03P035	0	0	0	0	0	0	0	0	0	0	0	3.75747194776567	3.62726341656822	0.954242509439325	0	0.954242509439325	0	3.4782778319196	0	0	0	0	3.28936595152003	0	0	0	3.91813522616636
HS03P040	0	0	0	0	0	0	0	0	0	0	0	3.79148011602	3.2626883443017	0	0	0	0	3.01199311465926	0	0.301029995663981	0.301029995663981	0	2.65896484266444	0	0	0	3.89713204338209
HS03P041	0	0	0.301029995663981	0	0	0.301029995663981	0.301029995663981	0	0	0	0	3.71474876072506	3.37106786227174	1.11394335230684	0	1.11394335230684	0	3.59835270986928	0	0	0	0	3.32014628611105	0	0	0	3.79761373015308
HS03P042	0	0	0	0	0	0	0	0	0	0	0	3.74780009086437	3.36772854608698	0.954242509439325	0	0.954242509439325	0	3.51811894714315	0.477121254719662	1.63346845557959	1.63346845557959	0	3.22634208716363	0	0	0	3.84192231167945
HS03P044	0	0	0	0	0	0	0	0	0.301029995663981	0	0	3.66482994114309	3.46834733041216	0	0	0	0	3.27966694404846	0	0	0	0.301029995663981	3.13321945673249	0.301029995663981	0.301029995663981	0	3.87057946055268
HS03P045	0	0	0	0	0	0	0	1.07918124604762	1.07918124604762	0	0	3.84235957333068	3.47377883464672	0	0	0	0	3.00518051250378	0	0	0	0	3.02530586526477	0	0	0	3.96894968098134
HS03P046	0	0	0	0	0	0	0	0	0	0	0	3.83613414946537	2.69897000433602	0	0	0	0	3.45727618606133	0	0	0	0	2.75511226639507	0	0	0	3.83664054157277
HS03P047	0	0	0	0	0	0	0	0	0	0	0	3.84004333060349	2.77959649125782	0	0	0	0	3.14643813528577	0	0	0	0	2.79028516403324	0	0	0	3.85805571805036
HS03P048	0	0	0	0	0	0	0	0	0	0	0	3.85052370887899	3.16494737262184	0	0.301029995663981	0.301029995663981	0.301029995663981	3.498448403174	0	0	0	0	3.18667386749975	0	0	0	3.86320385902863
HS03P050	0	0	0	0	0	0	0	0	1	0	0	3.78986263004638	2.41664050733828	0	0	0	0	3.16613397030511	0	0	0	1	2.65896484266444	1	1	0	3.79218149614968
HS03P051	0	0	0	0.301029995663981	0	0	0.301029995663981	0	0	0	0	3.88603927556644	3.39304846641678	0	0	0	0	3.31576049066573	0	0	0	0	3.31827208021163	0	0	0	3.9507541815935
HS03P055	0	0	0	0	0	0	0	0	0	0	0	3.63828953541426	2.01283722470517	0	0	0	0	3.63848925695464	0.301029995663981	0	0	0	2.70329137811866	0	0	0	3.64216763440495
HS03P056	0	0	0	0	0	0	0	0	0	0	0	3.62900161928699	2.62531245096167	0	0	0	0	3.67163559660213	0	0	0	0	2.50514997831991	0	0	0	3.65934563574618
HS03P057	0	0	0	0	0	0	0	0	0	0	0	3.82743389540078	2.5327543789925	0	0	0	0	3.49471102520526	0	0	0	0	3.09968064110925	0	0	0	3.8285310066451
HS03P058	0	0	0	0	0	0	0	0	0	0	0	3.72672720902657	3.81023251799508	0	0	0	0	3.56014583984905	0.301029995663981	0	0	0	3.52465571235778	0	0	0	3.95172597542459
HS03P059	0	0	0	0	0	0	0	0	0	0	0	3.88513496606343	2.58206336291171	0.845098040014257	0	0.845098040014257	0	3.30984300471607	0	0	0	0	3.24154648059655	0	0	0	3.89226160691554
HS03P061	0	0	0	0	0	0	0	0	0	0	0	3.66838591669	3.84285876244529	0	0	0	0	3.43949059038968	0	0	0	0	3.41697317260304	0	0	0	3.96642334594369
HS03P063	0	0	0	0	0	0	0	0	0	0	0	3.73639650227664	2.33041377334919	0.698970004336019	1.61278385671974	1.65321251377534	1.61278385671974	3.45530177165708	1.20411998265592	0	0	0.698970004336019	2.39619934709574	0.698970004336019	0	0	3.7427251313047
HS03P064	0	0	0	0	0	0	0	0	0	0	0	3.77568324902604	2.68033551341456	0	0	0	0	3.32263271169222	0	0	0	0	2.35793484700045	0	0	0	3.80270532707435
HS03P066	0	0	0	0	0	0	0	0	0	0	0	3.76693309383728	3.11991541025799	0	0	0	0	3.61836193110988	0.477121254719662	0	0	0	3.11394335230684	0	0	0	3.78002912733734
HS03P067	0	0	0	0	0	0	0	0	0	0	0	3.77349389227097	2.84757265914211	0	0	0	0	3.4896772916637	0	0	0	0	3.2464985807958	0	0	0	3.77720925814568
HS03P068	0	0	0	0	0	0	0	0	0	0	0	3.7701152947871	3.14891099310936	0	0.602059991327962	0.602059991327962	0.602059991327962	3.43039759138697	0.301029995663981	0	0	0	3.41879829059035	0	0	0	3.77611979905299
HS03P071	0	0	0	0	0	0	0	0	0	0	0	3.93726707221141	2.86451108105839	0.477121254719662	0	0.477121254719662	0	3.00560944536028	0	0	0	0	3.10890312766731	0	0	0	3.95080282296466
HS03P072	0	0	0	0.301029995663981	0	0	0.301029995663981	0	0	0	0	3.87972649663958	2.23552844690755	0	0	0	0	3.20547503674089	0	0	0	0	2.58994960132571	0	0	0	3.88643431962894
HS03P073	0	0	0	0	0	0	0	0	0	0	0	3.83784086165552	2.59549622182557	0	0	0	0	3.38453261549425	0	0	0	0	2.68484536164441	0	0	0	3.84341966520492
HS03P074	0	0	0	0	0	0	0	0	0	0	0	3.84929654083473	3.40226138245468	2.07918124604762	0	2.07918124604762	0	3.54082981411108	0	0	0	0	3.36135002435227	0	0	0	3.88806711340744
HS03P075	0	0	0	0	0	0	0	0.477121254719662	0.477121254719662	0	0	3.94777670846474	3.75396586586516	0.301029995663981	1.07918124604762	1.11394335230684	1.07918124604762	3.78218586649202	0	0	0	0	3.77312792403333	0	0	0	3.95264716975894
HS03P077	0	0	0	0.602059991327962	0	0	0.602059991327962	0	0	0	0	3.8342935124427	3.17114115102838	0	0.477121254719662	0.477121254719662	0.477121254719662	3.43885865942056	0	0	0	0	3.15624619039734	0	0	0	3.85363738195859
HS07P004	0	0	0.301029995663981	0	0	0.301029995663981	0.301029995663981	0	0	0	0	3.79719826983896	3.53844805171022	0.477121254719662	1.07918124604762	1.14612803567824	1.07918124604762	3.28194193344082	0	0	0	0	3.07003786660776	0	0	0	3.93580945380993
HS07P010	0	0	0.301029995663981	0.301029995663981	0	0.301029995663981	0.477121254719662	0	0	0	0	3.78024528386535	3.54530711646582	0.845098040014257	1.81291335664286	1.85125834871908	1.81291335664286	3.36716948853468	0	0	0	0	3.17926446433903	0	0	0	3.91169015875386
HS07P011	0.301029995663981	0.301029995663981	0	0	0	0	0	0	0	0	0	3.80167805903589	3.29928933408768	0	0.778151250383644	0.778151250383644	0.778151250383644	3.30792370361188	1.11394335230684	0	0	0	3.10687054447865	0	0	0.301029995663981	3.87453979707101
HS07P012	0	0	0	0.301029995663981	0	0	0.301029995663981	0	0	0	0	3.77415185895471	3.06145247908719	0	1.11394335230684	1.11394335230684	1.11394335230684	3.46731206298055	0.477121254719662	0	0	0	3.07224989761351	0	0	0	3.8055008581584
HS07P014	0	0	0	0	0	0	0	0	0	0	0	3.77633790962018	3.46044678388072	0	0.903089986991944	0.903089986991944	0.903089986991944	3.41547416810924	2.55022835305509	0	0	0	3.19728055812562	0	0	0	3.88280904139244
HS07P019	0.301029995663981	0.301029995663981	0	0	0	0	0	0	0	0	0	3.66903780088516	3.46893780566546	0	0.698970004336019	0.698970004336019	0.698970004336019	3.45453998496482	1.67209785793572	0	0	0	2.98317507203781	0	0	0	3.84323277809801
HS07P024	0	0	0.301029995663981	0	0	0.301029995663981	0.301029995663981	0	0	0	0	3.71850168886727	3.39932753215868	0	0.301029995663981	0.301029995663981	0.301029995663981	3.36210531929377	0.845098040014257	2.31806333496276	2.31806333496276	0	3.1215598441875	0	0	0	3.83683028648888
HS07P025	0	0	0	0	0	0	0	0	0	0	0	3.64443858946784	3.60195140413352	0	0	0	0	3.4996870826184	0	0	0	0	3.15044940946088	0	0	0	3.86003838980719
HS07P026	0	0	0	0	0	0	0	0	0	0	0	3.73559889969818	3.06483221973857	0	0	0	0	3.53122337453303	0	0	0	0	3.12872228433843	0	0	0	3.7979596437372
HS07P029	0	0	0	0	0	0	0	0	0	0	0	3.68142215572101	3.49009900506331	0	0	0	0	3.46938013584993	0	0	0	0	3.16820274684263	0	0	0	3.85424529706612
HS07P031	0	0	0	0	0	0	0	1.20411998265592	1.20411998265592	0	0	3.78397500341267	3.36398782974849	0.301029995663981	0	0.301029995663981	0	3.29247759366778	0	0	0	0	2.93901977644867	0	0	0	3.89287340688877
HS07P034	0	0	0	0	0	0	0	0	0	0	0	3.66763970605641	3.07881918309885	0	0	0	0	3.65040466986803	0	0	0	0	3.27760921430409	0	0	0	3.71891668601486
HS07P035	0	0	0	0	0	0	0	0	0	0	0	3.8258154449852	3.67933703052079	0.954242509439325	0	0.954242509439325	0	3.60292771285919	0	0	0	0	3.49789674291322	0	0	0	3.93135615046793
HS07P036	0	0	0	0	0	0	0	1.79934054945358	1.79934054945358	0	0	3.66294661433262	3.13924921757161	1	0	1	0	3.65600232068296	0.602059991327962	0	0	0	3.32139127831169	0	0	0	3.73287604136271
HS07P040	0	0	0	0	0	0	0	1.7481880270062	1.75587485567249	0	0	3.82801506422398	2.95520653754194	0	0	0	0	3.32242605240595	0	0	0	0.301029995663981	3.01994668167884	0.301029995663981	0.301029995663981	0	3.86021818466876
HS07P041	0	0	0	0	0	0	0	0	0	0	0	3.770925614639	3.39304846641678	0.301029995663981	0	0.301029995663981	0	3.54691264318124	0	0.698970004336019	0.698970004336019	0	3.23628527744803	0	0	0	3.8483738838446
HS07P042	0	0	0	0	0	0	0	0	0	0	0	3.71189154988058	3.4696747725518	0.301029995663981	0	0.301029995663981	0	3.55509444857832	0	1.76342799356294	1.76342799356294	0	3.20520436394814	0	0	0	3.8380931384456
HS07P045	0	0	0	0	0	0	0	0	0	0	0	3.73798732633343	3.42340972773309	0.845098040014257	0	0.845098040014257	0	3.70859084515034	0	0	0	0	3.3914644118391	0	0	0	3.78901632679337
HS07P046	0	0	0	0	0	0	0	0	0.301029995663981	0	0	3.76708162136332	1.95904139232109	0	0.301029995663981	0.301029995663981	0.301029995663981	3.50064806337191	0	0	0	0.301029995663981	2.09342168516224	0.301029995663981	0.301029995663981	0	3.76804581410242
HS07P047	0	0	0	0	0	0	0	0	0.698970004336019	0	0	3.77959649125782	1.88649072517248	0	0	0	0	3.46269740810172	0	0	0	0.698970004336019	2.82672252016899	0.698970004336019	0.698970004336019	0	3.78354628227035
HS07P048	0	0	0	0	0	0	0	0.845098040014257	0.845098040014257	0	0	3.84067056133341	3.57275546515422	0	0.301029995663981	0.301029995663981	0.301029995663981	3.67651071028255	0	0	0	0	3.49009900506331	0	0	0	3.89331781161611
HS07P050	0	0	0	0	0	0	0	0	0.301029995663981	0	0	3.71382642438052	1.98677173426624	0	0	0	0	3.5686709780099	0	0	0	0.301029995663981	2.45331834004704	0.301029995663981	0.301029995663981	0	3.71650416377322
HS07P051	0	0	0	0.477121254719662	0	0	0.477121254719662	0	0	0	0	3.73078227566639	2.8318697742805	0.602059991327962	1.66275783168157	1.69019608002851	1.66275783168157	3.55581968306119	0.954242509439325	0	0	0.301029995663981	2.82672252016899	0.301029995663981	0	0	3.74264658993874
HS07P055	0	0	0	0	0	0	0	0	0	0	0	3.73271534034999	2.14301480025409	0	0	0	0	3.58489634413745	0	0	0	0	2.02118929906994	0	0	0	3.74012573696573
HS07P056	0	0	0	0	0	0	0	0	0	0	0	3.5081255360832	2.88536122003151	0	0	0	0	3.72542155007426	0	0	0	0	2.87563993700417	0	0	0	3.56878821231535
HS07P057	0	0	0	0	0	0	0	0	0	0	0	3.89253980465864	3.07918124604762	0	0	0	0	3.43392976560846	0	0	0	0	3.1156105116743	0	0	0	3.89696690193315
HS07P058	0	0	0.698970004336019	0	0	0.698970004336019	0.698970004336019	0	0	0	0	3.72615646617276	3.28555730900777	0.477121254719662	0	0.477121254719662	0	3.32980452216407	0	0	0	0	2.88252453795488	0	0	0	3.84553211749358
HS07P059	0	0	0.477121254719662	0	0	0.477121254719662	0.477121254719662	0	0.301029995663981	0	0	3.88930170250631	2.45636603312904	0	0.602059991327962	0.602059991327962	0.602059991327962	3.18098558078673	1.30102999566398	0	0	0.301029995663981	3.55412558151301	0.301029995663981	0.301029995663981	0	3.89392812654261
HS07P061	0	0	0	0	0	0	0	0	0	0	0	3.38898878512471	2.77378644498119	0	0	0	0	3.89426066444699	0	0	0	0	3.13257984765974	0	0	0	3.40071063677323
HS07P063	0	0	0	0	0	0	0	0	0	0	0	3.67154308526257	2.72916478969277	0	0.301029995663981	0.301029995663981	0.301029995663981	3.68618923424402	0	0	0	0	3.30685374869301	0	0	0	3.69783936821836
HS07P064	0	0	0	0	0	0	0	0	0	0	0	3.92142634101527	3.4895366294821	0	0.477121254719662	0.477121254719662	0.477121254719662	3.56407397897715	0	0	0	0	3.60873991906879	0	0	0	3.93318347917461
HS07P066	0	0	0	0	0	0	0	0	0	0	0	3.88132758410055	2.98272338766855	0	0	0	0	3.02857125269254	0	0	0	0	2.68574173860226	0	0	0	3.91650658711516
HS07P068	0	0	0	0	0	0	0	0	0	0	0	3.66940986728778	1.99122607569249	0	0	0	0	3.67237497874608	0	0	0	0	2.87098881376058	0	0	0	3.67145055421249
HS07P071	0	0	0.477121254719662	0.477121254719662	0	0.477121254719662	0.698970004336019	0	0	0	0	3.85545858038604	3.09656243837414	0.698970004336019	0.301029995663981	0.778151250383644	0.301029995663981	3.41962536088774	0	0	0	0.301029995663981	3.06892761168207	0.301029995663981	0	0	3.87892373396757
HS07P072	0	0	0	0	0	0	0	0.301029995663981	0.301029995663981	0	0	3.78859255592036	3.01745072951054	0.301029995663981	0	0.301029995663981	0	3.40823996531185	0.477121254719662	0	0	0	3.00860017176192	0	0	0	3.80841355140037
HS07P073	0	0	0	0	0	0	0	0	0	0	0	3.75050839485135	3.51534389308838	0	0	0	0	3.75853342223729	0	0	0	0	3.52543355342882	0	0	0	3.78283080520259
HS07P074	0	0	0	0.301029995663981	0	0	0.301029995663981	0	0	0	0	3.5736836930938	2.45178643552429	0.602059991327962	0.301029995663981	0.698970004336019	0.301029995663981	3.74052058605366	0	0	0	0	2.2405492482826	0	0	0	3.59073040579269
HS07P075	0	0	0	0.301029995663981	0	0	0.301029995663981	0	0	0	0	3.89014146006458	3.066698550423	0.301029995663981	0.778151250383644	0.845098040014257	0.778151250383644	3.3059958827708	0	0	0	0	3.56062387454993	0	0	0	3.9006947744524
HS07P077	0	0	0	0	0	0	0	0	0.477121254719662	0	0	3.7049222912234	2.59659709562646	0	0.602059991327962	0.602059991327962	0.602059991327962	3.56667313760612	0	0	0	0.477121254719662	3.49982449583958	0.477121254719662	0.477121254719662	0	3.70850588095524
HS10P003	0	0	0	0	0	0	0	0	0	0	0	3.76290352849906	3.50297305906563	0	0	0	0	3.54678935163126	0	0	0	0	3.37106786227174	0	0	0	3.85070748537454
