ID	log2FC	log2CPM	PValue	FDR	level	MeanA	MeanB	HE10P003	HE07P004	HE07P010	HE07P012	HE07P019	HE07P021	HE07P022	HE07P023	HE07P024	HE07P025	HE05P026	HE07P028	HE07P046	HE07P047	HE07P048	HE10P049	HE07P051	HE10P054	HE07P055	HE07P056	HE07P057	HE07P058	HE07P059	HE07P061	HE07P063	HE07P064	HE07P066	HE07P068	HE07P071	HE07P072	HE07P073	HE07P074	HE07P075	HE07P077	HE07P078	DE07P016	DE10P016	DE08P017	DE07P049	DE07P054	DE07P060	DE07P065	DE07P076
ASV_112	-4.216	11.213	1.59287461342484e-10	2.69195809668798e-08	Depleted	0.047	0.988	0.011	0.035	0.007	0.028	0.176	0.106	0.071	0.284	0.041	0.005	0.018	0.006	0.027	0.005	0.001	0.008	0.021	0.021	0.007	0.001	0.005	0.034	0.018	0.094	0.053	0.073	0.016	0.355	0.019	0.012	0.011	0.015	0.022	0.02	0.023	7.328	0.261	0.164	0.015	0.018	0.065	0.051	0.001
ASV_10	-4.746	7.965	0.000358912257873435	0.0303280857903052	Depleted	0.003	0.087	0	0.03	0	0.049	0	0.003	0.014	0.005	0	0	0	0	0	0	0.001	0	0	0	0	0	0	0	0	0	0.002	0	0	0	0.001	0	0	0.002	0	0	0	0	0.659	0.029	0	0	0	0.007	0
ASV_22	-2.336	13.047	0.00128086106798262	0.0651865059884276	Depleted	0.333	2.026	0.051	0.314	0.157	0.811	0.064	0.024	0.075	0.099	0	0.113	0.558	0.031	0.193	0.26	0.441	0.259	0.062	1.029	4.082	0.172	0.521	0.079	0.047	0.073	0.039	0.02	0.064	0.096	0.568	0.511	0.295	0.034	0.036	0.288	0.201	0.354	13.655	0.024	1.134	0.621	0.086	0.051	0.285
ASV_28	-5.683	11.267	0.00189477496829416	0.0651865059884276	Depleted	0.014	1.094	0	0	0	0	0	0	0	0	0	0	0	0	0.135	0	0.001	0	0	0.08	0.122	0.065	0.082	0.005	0	0.001	0	0	0	0	0	0	0	0	0	0	0	0	0	0	0	8.751	0	0	0
ASV_176	-2.397	9.754	0.00192859485172863	0.0651865059884276	Depleted	0.034	0.218	0	0	0.007	0.089	0	0.005	0.118	0.028	0	0.147	0.172	0.065	0.006	0.004	0.01	0	0.004	0.006	0.058	0.008	0.005	0.045	0.008	0.043	0.111	0.033	0.007	0.016	0.068	0.001	0.004	0.013	0.001	0.08	0.035	0.05	1.52	0.008	0.004	0.004	0.016	0.106	0.036
ASV_122	-2.302	10.211	0.00308991053970362	0.0737176238383873	Depleted	0.058	0.287	0.012	0.003	0	0.247	0.033	0.032	0.59	0.336	0.027	0.157	0.152	0.02	0.001	0.011	0.017	0.004	0.019	0.009	0.067	0	0.046	0.005	0.019	0.016	0.021	0.008	0.003	0.008	0.022	0.107	0.023	0.002	0.003	0.005	0.016	0.139	2.051	0.015	0.007	0.008	0.006	0	0.071
ASV_109	3.175	9.562	0.00349875056748586	0.0737176238383873	Enriched	0.052	0.009	0.008	0.006	0.103	0.026	0.017	0.027	0.016	0.031	0.006	0.069	0.041	0.706	0.003	0.002	0.006	0.003	0.004	0.002	0.036	0.077	0.013	0.004	0.005	0.004	0.006	0	0.007	0.002	0.069	0.008	0.165	0.02	0.005	0.016	0.311	0.017	0.003	0.011	0.003	0.014	0.016	0.003	0.005
ASV_158	5.432	10.057	0.00371653638198337	0.0737176238383873	Enriched	0.122	0.003	0	0.002	0.144	0	0	0.199	2.609	0.44	0.177	0.064	0.319	0	0	0	0.004	0	0	0.005	0.006	0.048	0.021	0	0.001	0	0.011	0	0.064	0.004	0.071	0.001	0.014	0.002	0	0.005	0.062	0	0.003	0	0	0.011	0	0.007	0
ASV_5	-1.697	14.73	0.00410327782748216	0.0737176238383873	Depleted	1.493	4.113	2.213	1.61	0.655	1.601	1.047	0.119	0.118	0.527	0.22	0.147	0.095	0.161	0.703	1.174	3.081	1.038	0.763	4.73	1.176	1.89	1.837	3.056	3.349	2.082	0.286	0.556	3.617	0.694	0.92	0.581	4.139	0.579	3.958	3.267	0.248	1.454	0.481	0.662	15.673	8.292	1.809	2.196	2.337
ASV_67	5.255	13.46	0.00436198957623593	0.0737176238383873	Enriched	0.886	0.036	0	0	0.383	0	0.026	0.003	0	0.291	0	0.977	0.419	25.767	0.01	0.014	0.012	0.003	0.054	0.208	0.014	0.13	0.005	0.019	1.459	0.01	0.005	0	0.011	0.061	0.591	0.006	0.491	0.005	0.011	0.027	0.004	0.003	0.005	0.009	0	0.1	0.065	0.044	0.06
ASV_105	3.835	7.512	0.00544653372300293	0.0836785635624996	Enriched	0.014	0.001	0	0	0.028	0	0	0	0	0.002	0.002	0.005	0	0.008	0	0	0.005	0	0	0.007	0.001	0.09	0.021	0	0.006	0.001	0	0.003	0.031	0.049	0.068	0.036	0.085	0.008	0.008	0.003	0.015	0	0	0	0	0.003	0.006	0	0
ASV_50	4.069	13.095	0.00597010039529658	0.0840789139004268	Enriched	0.928	0.059	0.104	0.108	0	0	0.022	0.04	0.014	0.163	0.004	0	0	0	0.013	0.022	0.255	0.011	0.084	0.153	0.14	16.441	0.094	0.114	0.005	0.013	0.011	0.075	0.254	5.592	5.031	0.384	1.11	1.643	0.513	0.072	0	0.06	0.008	0.021	0.035	0.098	0.071	0.103	0.078
ASV_140	-2.113	10.893	0.00776260516624316	0.0953789364179273	Depleted	0.08	0.605	0.058	0.022	0.002	0.002	0.073	0.098	0.009	0.073	0.002	0.012	0	0.01	0.021	0.061	0.073	0.035	0.055	0.522	0.024	0.052	0.042	0.051	0.005	0.059	0.048	1.188	0.035	0.037	0	0.058	0.017	0.011	0.004	0.031	0.009	0.006	0.003	0.018	0.222	0.225	0.003	4.292	0.067
ASV_91	-2.38	10.454	0.00793883287495996	0.0953789364179273	Depleted	0.062	0.338	0.009	0.016	0.273	0.021	0.011	0.008	0.007	0.002	0	0.221	0.015	0.002	0.006	0	0.075	0.004	0.003	0.037	0.025	0.053	0.004	0.001	0.003	0.001	0.006	0	0.014	0.045	0.003	0	0	1.004	0.237	0.027	0.026	0.023	0.002	0.942	0.208	1.476	0.003	0	0.049
ASV_120	4.203	12.656	0.0084655860725971	0.0953789364179273	Enriched	0.528	0.042	6.194	0.14	0	0	0.399	0.005	0.005	0.605	0.066	0.621	0.211	8.232	0.006	0.012	0.001	0.003	0.007	0.102	0.014	0.006	0.003	0.006	0.064	0.059	0.267	0.028	0.004	0	0.052	0.175	0.011	0.171	0.003	0	1.026	0.002	0	0.006	0	0.169	0.021	0.089	0.048
ASV_106	3.668	8.642	0.0108328837685495	0.111042791697084	Enriched	0.031	0.003	0	0	0.382	0	0	0	0.024	0.026	0.261	0	0	0.01	0	0.034	0.038	0.004	0.001	0.009	0.046	0.005	0.003	0.001	0.019	0.006	0.003	0	0.014	0.008	0.004	0.003	0.003	0.136	0	0.008	0.042	0	0	0	0.005	0.006	0.011	0	0
ASV_407	2.798	7.414	0.011169984963612	0.111042791697084	Enriched	0.011	0.002	0.004	0.002	0.039	0	0.001	0	0	0	0	0.017	0.003	0.008	0.006	0.009	0.007	0.005	0.007	0.001	0.003	0.008	0	0.005	0.009	0.008	0.003	0.003	0.033	0	0.01	0	0.095	0.005	0.007	0.044	0.039	0	0	0	0	0.01	0.003	0.003	0
ASV_6	2.49	14.726	0.0149740995333041	0.140590156729355	Enriched	2.005	0.518	0.534	0.556	0.243	0.068	0.273	0.09	0.056	0.028	0.563	0.169	0.232	0.155	14.745	17.764	0.469	0.259	1.066	1.369	1.838	0.92	0.757	0.322	1.219	0.161	0.122	0.155	6.214	5.694	3.639	0.123	1.108	5.995	1.14	2.099	0.011	0.528	0.015	0.208	0.62	0.89	0.786	0.831	0.262
ASV_101	4.122	7.936	0.017662810737128	0.15314180131334	Enriched	0.022	0.001	0	0	0	0	0	0.053	0	0	0.012	0.115	0.026	0.006	0.008	0.006	0	0.003	0.004	0.001	0	0.001	0.005	0	0	0.003	0.002	0	0.107	0.21	0	0	0.176	0	0	0.023	0	0	0	0	0.001	0.006	0	0	0
ASV_115	-1.856	11.982	0.0181232900962532	0.15314180131334	Depleted	0.2	0.556	0.024	0.047	0.015	0.077	0.012	0.008	0.019	0.546	0.014	0.027	0	0.002	0.063	0.111	0.817	0.153	0.064	0.197	0.12	0.196	0.04	0.42	0.074	0.033	0.24	0.073	1.967	0.022	0.084	0	0.188	0.038	0.027	1.255	0.023	0.071	0.011	0.017	3.294	0.42	0.125	0.352	0.154
ASV_16	3.056	14.376	0.019037159712012	0.153203809110954	Enriched	1.389	0.332	0.119	0.286	0.004	0.221	0.176	0	0.061	0.012	0.008	0.002	0.018	0.004	9.382	21.058	0.293	0.288	0.174	0.037	0.436	0.014	0.189	0.466	0.376	3.237	6.168	0.739	0.107	0.024	0.22	0.898	0.26	2.45	0.03	0.016	0.829	0.282	0.055	0.204	0.001	0.243	0.583	0.889	0.397
ASV_123	-1.732	10.764	0.0235524523176868	0.180925656440412	Depleted	0.112	0.318	0.046	0.028	0	0.332	0.062	0.027	0.209	0.014	0.008	0.007	0.003	0.002	0.129	0.044	0.134	0.011	0.109	0.004	0.011	0.009	0.056	0.128	1.41	0.049	0.006	0.063	0.02	0.008	0.019	0.04	0.619	0.082	0.207	0.028	0.005	0.143	0	0.077	0.004	0.009	0.106	0.055	2.152
ASV_95	3.183	13.588	0.0252798497341526	0.185751939350948	Enriched	0.528	0.132	0.042	0.03	0.002	0.008	0.03	0.016	0.007	0.005	0	0.007	0.023	0.002	0.114	0.108	0.148	12.903	0.003	0.799	0.103	0.148	0.606	0.052	0.095	1.45	0.188	0.96	0.08	0.035	0.26	0.186	0.053	0.008	0.011	0.003	0.005	0.024	0.01	0.026	0.32	0.199	0.184	0.277	0.019
ASV_135	3.151	11.821	0.0273815233712557	0.188812348453656	Enriched	0.353	0.038	0.003	0.006	2.74	0.004	0.047	0.005	0.007	0.073	0.053	0.005	0	0	0	0.036	0.005	0	8.536	0.002	0.015	0.023	0	0.004	0.201	0.004	0.021	0.013	0.121	0.069	0.055	0.015	0.111	0.11	0.03	0.045	0.004	0.027	0.066	0.071	0.054	0.006	0.003	0.027	0.049
ASV_92	3.577	12.152	0.0279308207771681	0.188812348453656	Enriched	0.46	0.038	0.005	0.008	0	0	0.003	0	0	0.017	0.002	0	0.003	0	0.001	0.01	0.079	0.1	0.032	0.093	0.1	7.751	0.129	0.029	0.051	0.049	0.002	0.018	0.004	0.049	7.234	0.116	0.101	0.002	0.12	0.006	0	0.005	0.006	0.002	0.099	0.019	0.17	0	0.004
ASV_23	1.659	13.332	0.0307276271201234	0.199729576280802	Enriched	0.768	0.353	0.959	0.627	0.743	2.104	3.474	0.65	0.367	0.709	0.54	0.839	0.45	1.419	0.044	0.105	0.595	0.142	0.362	0.105	0.129	0.297	0.09	0.509	0.663	0.403	0.575	0.085	0.538	0.476	0.128	0.103	0.155	0.341	0.706	2.876	4.57	0.924	0.296	0.522	0.138	0.123	0.391	0.256	0.174
ASV_126	-1.662	8.614	0.0325971400748781	0.203422219569161	NotSig	0.021	0.082	0	0.003	0.007	0.006	0.024	0.069	0.071	0.099	0.055	0.042	0.015	0.029	0.001	0	0.004	0.004	0.007	0.002	0	0.003	0.003	0.026	0.07	0.006	0	0.013	0.01	0.082	0.003	0.001	0.006	0.003	0.014	0	0.058	0.419	0	0.078	0	0.003	0.124	0.031	0.005
ASV_9	1.557	13.77	0.0337030896327604	0.203422219569161	NotSig	1.055	0.539	1.422	1.141	0.744	3.052	3.348	0.924	0.623	0.839	1.011	0.773	0.553	2.08	0.111	0.133	0.427	0.165	0.524	0.123	0.235	0.603	0.109	0.652	1.687	0.589	0.922	0.188	0.417	1.521	0.335	0.492	0.347	0.479	1.956	2.007	6.384	1.387	0.427	0.645	0.131	0.072	0.686	0.718	0.242
ASV_125	3.08	8.444	0.0378420882549765	0.220528031554863	NotSig	0.038	0.004	0.003	0.002	0.004	0	0	0.289	0.334	0.366	0.226	0.017	0.008	0.004	0	0.001	0.006	0	0.004	0	0.003	0.001	0.001	0.017	0.014	0.008	0.003	0	0	0.006	0.016	0	0	0.002	0	0	0	0.011	0	0.014	0.001	0	0.006	0	0
ASV_97	1.608	11.449	0.0426844357917535	0.226703553150277	NotSig	0.216	0.095	0.351	0.233	0.694	0.364	0.277	0.167	0.181	0.13	1.763	0.091	0.229	0.449	0.01	0.01	0.072	0.02	0.182	0.031	0.096	0.123	0.017	0.107	0.202	0.021	0.085	0.01	0.069	0.033	0.021	0.029	0.305	0.09	0.167	0.145	0.795	0.208	0.05	0.231	0.032	0.133	0.065	0.027	0.014
ASV_87	2.144	12.33	0.0427277376191486	0.226703553150277	NotSig	0.416	0.125	0.294	0.762	4.414	0.737	0.308	0.393	0.045	0.18	0.107	0.486	0.329	4.581	0.013	0.01	0.024	0.007	0.036	0.044	0.047	0.075	0.005	0.138	0.13	0.018	0.056	0	0.072	0.043	0.021	0.019	0.098	0.034	0.019	0.1	0.922	0.33	0.068	0.321	0.004	0.221	0.027	0.017	0.016
ASV_33	-1.569	13.552	0.0432343299528909	0.226703553150277	NotSig	0.676	1.471	0.216	0.129	0.071	0.023	0.14	0.491	0.155	2.374	0.604	0.042	0.018	0.008	0.186	0.324	7.309	0.36	0.094	3.319	0.391	0.524	0.321	0.048	0.071	0.083	0.338	0.063	0.222	0.076	2.928	0.815	0.195	0.929	0.278	0.471	0.042	0.054	0.006	0.033	8.486	2.287	0.257	0.109	0.53
ASV_167	2.26	9.943	0.0474640445656766	0.226703553150277	NotSig	0.083	0.022	0.224	0.08	0.002	0	0.024	0.056	0	0.017	0.004	0.002	0	0	0.043	0.599	0.326	0.025	0.017	0.019	0.013	0.023	0.001	0.695	0.008	0.038	0.006	0.003	0.019	0.012	0.009	0.023	0.01	0.276	0.037	0.288	0.003	0	0	0	0.015	0.066	0.049	0.027	0.019
ASV_51	1.803	12.409	0.0482969951184237	0.226703553150277	NotSig	0.392	0.172	0.769	1.045	0.507	0.03	1.329	0.281	0.082	0.392	0.242	1.468	0.528	2.039	0.018	0.047	0.025	0.004	0.258	0.098	0.046	0.068	0.043	0.069	0.274	0.033	0.295	0.04	0.211	0.069	0.136	0.023	0.283	0.049	0.037	0.031	2.839	0.102	0.057	0.666	0.02	0.114	0.06	0.294	0.065
ASV_40	1.93	14.048	0.0488411894873226	0.226703553150277	NotSig	1.145	0.533	0.169	0.182	0.03	0.081	0.294	0.319	0.195	0.175	0.072	0.044	0.216	0.027	0.409	0.159	0.731	0.176	0.315	0.634	0.289	0.369	1.098	2.338	1.577	23.464	1.267	1.003	0.169	0.61	0.754	0.69	1.111	0.302	0.36	0.341	0.116	0.364	0.016	0.074	0.458	0.218	2.209	0.581	0.346
ASV_71	2.475	11.469	0.0490805445861258	0.226703553150277	NotSig	0.284	0.062	0.071	0.061	0.011	7.598	0.006	0.003	0.005	0.002	0.008	0.005	0	0	0.018	0.017	0.236	0.011	0.066	0.021	0.006	0.257	0.013	0.159	1.044	0.033	0.008	0	0.011	0.024	0.025	0.014	0.125	0.005	0.056	0.003	0.001	0.179	0.029	0.018	0.011	0.026	0.133	0.065	0.032
ASV_104	2.092	11.61	0.0496333222873388	0.226703553150277	NotSig	0.251	0.083	0.129	0.102	0.181	0.138	0.513	0.053	0.075	0.104	1.611	0.366	0.033	0.024	0.005	0.143	0.099	0.008	0.006	0.01	0.013	0.017	0.007	0.001	0.004	0.049	4.397	0.028	0.333	0.027	0.109	0.001	0.011	0.043	0.051	0.019	0.071	0.041	0.008	0.339	0.004	0.051	0.008	0.185	0.029
ASV_53	2.72	14.045	0.0561327295487622	0.245999529305245	NotSig	1.63	0.27	10.899	6.434	2.579	0.006	0.406	0.313	13.22	0.449	13.906	7.2	0.79	0.133	0.001	0	0.101	0.008	0.021	0.096	0.006	0.01	0.005	0.007	0.049	0.025	0.013	0	0.071	0.004	0.016	0.008	0.067	0.018	0	0.013	0.166	0.035	0.223	1.696	0.028	0.093	0.038	0.024	0.025
ASV_17	1.978	14.008	0.0567691221473642	0.245999529305245	NotSig	1.198	0.468	0.029	0.017	0.107	0.028	0.053	0.045	0.061	0.08	0.027	0.11	0.087	0.037	0.764	0.422	13.152	4.081	0.992	0.749	4.641	0.545	0.852	1.311	3.732	0.553	2.743	4.363	0.299	0.253	0.209	0.486	0.536	0.172	0.1	0.117	0.183	0.062	0	0.053	0.671	0.188	1.711	0.756	0.306
ASV_29	1.621	12.619	0.0602251289013843	0.254451169608349	NotSig	0.571	0.221	0.87	0.222	2.645	0.09	0.434	0.308	1.655	0.577	5.85	1.163	0.216	0.425	0.009	0.019	0.077	0.001	0.213	0.072	0.028	0.07	0.033	0.694	1.099	0.101	0.079	0.065	0.564	0.251	0.288	0.173	0.353	0.832	0.391	0.052	0.069	0.107	0.084	1.068	0.027	0.038	0.132	0.26	0.056
ASV_121	1.547	11.032	0.0652782716737667	0.269073851533331	NotSig	0.18	0.08	0.216	0.031	0.006	0.004	0.044	0.016	0.009	0.021	0.008	0.65	0.015	0.006	0.017	0.111	0.35	0.023	0.041	0.282	0.019	0.027	0.077	0.969	0.39	0.351	0.211	0.576	0.27	0.067	0.029	0.49	0.142	0.3	0.108	0.411	0.005	0.021	0.002	0.041	0.058	0.015	0.133	0.25	0.122
ASV_207	2.393	9.17	0.0677532369007615	0.272626119910207	NotSig	0.054	0.011	0	0	0	0.002	0.001	0.053	0.635	0.05	0.031	0.091	0.571	0.112	0.001	0.009	0	0	0.003	0.006	0.056	0.003	0.004	0	0.012	0	0.002	0.038	0	0	0.024	0.16	0.02	0	0	0.016	0.005	0.012	0.053	0.002	0.003	0.001	0.005	0.007	0.004
ASV_13	-1.312	13.587	0.0728477324569677	0.286308529889012	NotSig	0.853	2.172	0.145	0.101	0.144	1.214	0.449	1.221	2.849	1.539	0.242	0.427	13.318	0.323	0.048	0.065	0.141	0.041	0.062	0.146	0.179	0.157	0.1	0.277	0.156	0.19	0.129	0.414	0.012	2.545	0.608	0.439	0.178	0.053	1.173	0.647	0.109	1.149	12.774	0.262	0.063	0.061	1.7	0.215	1.149
ASV_72	1.587	11.094	0.0762888614544943	0.293018581495671	NotSig	0.186	0.064	0.099	0.047	1.24	0.134	0.004	0.488	0.432	0.319	1.126	0.348	0.057	0.345	0.206	0.03	0.118	0.011	0.017	0.034	0.313	0.072	0.005	0.006	0.008	0.001	0.048	0.013	0.242	0.016	0.028	0.085	0.055	0.205	0.134	0.113	0.12	0.002	0.024	0	0.103	0.152	0.003	0.085	0.14
ASV_116	1.371	10.819	0.0896330478386663	0.33662189077188	NotSig	0.159	0.081	0.021	0.058	0.14	0.032	0.054	0.016	0.005	0.033	0.021	0.012	0.005	0.004	0.287	0.035	0.028	0.025	0.055	0.029	0.032	0.045	0.035	0.129	0.082	0.559	0.27	0.045	0.186	0.125	0.777	0.043	0.869	0.179	1.265	0.075	0.004	0.069	0.026	0.086	0.017	0.066	0.043	0.28	0.057
ASV_128	3.596	10.641	0.101536339811092	0.363133559982764	NotSig	0.163	0.021	0	0	0	0	0	0	0	0	0	0.002	0.005	0.004	0	0	0.008	0	0	0.005	0	0.004	0.009	0	0	0.008	0.032	0.055	2.109	0	0.143	0.094	3.085	0	0.004	0.136	0	0	0	0	0	0.003	0.013	0.15	0
ASV_7	1.352	13.921	0.104404304043153	0.363133559982764	NotSig	1.416	0.658	0.691	0.327	2.531	0.09	5.477	2.097	1.535	7.591	0.82	4.174	1.966	5.744	0.041	0.056	0.118	0.055	0.276	0.595	0.138	0.134	0.538	0.769	7.064	0.495	0.188	0.261	0.141	0.157	0.302	0.101	0.487	0.341	0.346	0.091	3.832	1.93	0.379	1.651	0.037	0.238	0.372	0.448	0.207
ASV_26	1.253	12.488	0.10895764923784	0.363133559982764	NotSig	0.414	0.253	0.881	0.781	0.638	0.162	0.604	1.579	0.458	0.56	0.543	0.609	0.803	1.094	0.028	0.189	0.414	0.049	0.13	0.061	0.153	0.201	0.04	0.058	0.053	0.035	0.238	0.045	0.118	0.049	0.093	0.04	0.195	0.202	0.056	0.485	2.858	0.315	0.267	0.558	0.074	0.019	0.14	0.397	0.254
ASV_154	0.983	10.463	0.111778658406403	0.363133559982764	NotSig	0.121	0.077	0.158	0.569	0.301	0.008	0.071	0.308	0.026	0.021	0.218	0.049	0.08	0.114	0.043	0.036	0.037	0.055	0.228	0.057	0.202	0.27	0.018	0.097	0.077	0.029	0.148	0.055	0.077	0.478	0.062	0.091	0.074	0.049	0.019	0.033	0.063	0.045	0.024	0.062	0.048	0.093	0.095	0.226	0.026
ASV_870	-1.125	10.019	0.112020798894331	0.363133559982764	NotSig	0.058	0.129	0.007	0.035	0.006	0.034	0.003	0.037	0.024	0.024	0.008	0.02	0.049	0.006	0.022	0.116	0.107	0.056	0.017	0.435	0.185	0.088	0.07	0.057	0.005	0.026	0.008	0	0.005	0.018	0.001	0.099	0.021	0.013	0.059	0.353	0.02	0.072	0.065	0.009	0.343	0.42	0.052	0.014	0.053
ASV_79	1.15	12.261	0.113914317792211	0.363133559982764	NotSig	0.388	0.192	0.046	0.055	0.148	0.147	0.085	0.64	0.284	0.721	0.043	0.047	0.152	0.055	0.355	0.413	0.355	1.367	0.839	0.293	1.44	1.872	0.098	0.722	0.637	0.079	0.072	0.178	0.273	0.923	0.28	0.295	0.226	0.033	0.282	0.122	0.012	0.047	0.092	0.065	0.395	0.155	0.337	0.113	0.333
ASV_88	1.683	10.474	0.114160128538891	0.363133559982764	NotSig	0.126	0.045	0.087	0.005	0.221	0.055	0.209	0.111	0.79	0.225	1.533	0.4	0.149	0.086	0	0.001	0.032	0.007	0.014	0.009	0.001	0.005	0	0.189	0.106	0.006	0.006	0.005	0.001	0.012	0.018	0.026	0.009	0.003	0.007	0.002	0.071	0.056	0.04	0.226	0	0.008	0.014	0.007	0.01
ASV_15	-1.242	13.42	0.114286162056	0.363133559982764	NotSig	0.693	1.926	0.154	0.239	0.189	2.247	1.4	0.576	6.24	0.986	0.232	1.976	3.585	1.396	0.014	0.019	0.078	0.027	0.07	0.077	0.04	0.071	0.044	0.621	0.716	0.064	0.232	0.04	0.023	0.125	0.056	0.032	0.051	0.033	0.491	0.031	2.09	7.042	6.637	0.849	0.017	0.097	0.229	0.448	0.086
ASV_84	2.14	12.964	0.116030841651297	0.363133559982764	NotSig	0.607	0.126	0.197	0.088	0	0.002	0.054	0.069	0.005	0.012	0	0.002	0.003	0.002	0.031	0.057	0.155	0.046	0.05	0.016	0.011	0.081	0.036	0.102	0.019	0.039	0.006	0.115	0.033	0.02	0.097	15.277	0.176	0.041	0.056	4.358	0.001	0.014	0	0.051	0.657	0.01	0.068	0.092	0.115
ASV_48	-1.123	12.492	0.122841949150308	0.377459807389128	NotSig	0.328	0.619	0.066	0.105	0.075	0.149	0.366	0.058	0.033	1.083	0.039	0.015	0.008	0.022	0.655	0.29	1.852	0.25	0.046	0.156	0.095	0.098	0.055	0.767	0.167	0.358	0.13	0.013	0.763	0.288	1.223	0.026	0.63	0.061	0.49	0.07	0.967	0.361	0.002	0.581	3.027	0.423	0.276	0.041	0.244
ASV_61	-1.366	10.446	0.130974647415172	0.388971235061626	NotSig	0.09	0.248	0.008	0.002	0.094	0	0	0.024	0.061	0.175	0.125	0	0	0.012	0.179	0.007	0.008	0.008	0.001	0.086	0.047	0.055	0.072	0.036	0.078	0.013	0	0.05	0.001	0.025	0.255	0.311	0.021	0.067	1.276	0.063	0	0.003	0	0	0.004	0.299	0.489	0.123	1.066
ASV_18	-1.2	12.638	0.131191481648004	0.388971235061626	NotSig	0.397	1.052	0.585	0.723	2.267	0.011	0.735	0.202	0.157	0.364	2.643	3.409	0.111	0.265	0.008	0.016	0.112	0.005	0.023	0.027	0.126	0.148	0.016	0.043	0.276	0.03	0.056	0.048	0.136	0.018	0.143	0.007	0.276	0.414	0.166	0.177	0.14	0.256	0.17	7.607	0.005	0.139	0.035	0.099	0.102
ASV_30	1.257	12.439	0.150009216287312	0.435013346114601	NotSig	0.532	0.247	0.082	0.093	1.678	0.034	0.094	0.422	0.071	0.012	0.066	0.007	0.108	0	0.028	0.073	0.176	0.025	2.036	0.166	0.286	4.858	0.057	0.14	0.614	0.023	0.076	0.11	1.068	0.506	3.236	0.186	1.42	0.272	0.335	0.242	0.005	0.137	0.045	0.092	0.127	0.211	0.348	0.51	0.508
ASV_35	-1.002	11.309	0.15186856461989	0.435013346114601	NotSig	0.192	0.411	0.715	0.171	0.498	0.17	1.607	0.058	0.684	0.175	0.029	0.103	0.162	0.227	0.003	0.015	0.064	0.004	0.037	0.012	0.008	0.072	0.005	0.149	0.074	0.066	0.037	0.013	0.016	0.063	0.053	0.003	0.018	0.19	1.021	0.127	0.063	0.297	0.296	1.428	0.009	0.023	0.805	0.082	0.347
ASV_148	3.853	14.017	0.157011655014177	0.4422494949566	NotSig	0.94	0.187	0	0	0.092	0	0.001	0	0	0	0	0	0	0	0.003	0	0.025	0.001	0	0	0	0	0.004	0	0	0.004	17.733	0.261	0.181	0.002	0	0.003	0.004	0.02	0.001	0	14.567	0.003	0	0.005	0	0	0	1.488	0
ASV_149	1.301	11.327	0.159990230378712	0.44325162186889	NotSig	0.231	0.116	0.022	0.046	0.125	0.204	0.096	0.005	0.007	0.109	0.004	0.015	0.008	0.002	0.065	0.067	0.049	0.035	4.2	0.044	1.133	0.205	0.01	0.035	0.3	0.026	0.003	0.018	0.254	0.035	0.065	0.102	0.127	0.038	0.516	0.106	0.004	0.111	0.021	0.101	0.088	0.06	0.48	0.014	0.054
ASV_52	-0.936	10.942	0.163433369039573	0.444294505615633	NotSig	0.136	0.322	0.067	0.028	0.011	0.155	0.166	0.048	0.233	0.099	0.041	0.177	1.117	0.222	0.013	0.014	0.071	0.007	0.008	0.019	0.067	0.045	0.014	0.096	0.11	0.025	0.085	0.055	0.011	0.006	0.121	0.095	0.05	0.046	0.816	0.555	0.065	0.199	1.222	0.104	0.009	0.026	0.905	0.048	0.06
ASV_96	2.444	9.73	0.165624579016479	0.444294505615633	NotSig	0.078	0.01	0.069	0.002	0.009	0	0.004	0.003	0.005	0.005	0	0	0	0	0	0.075	0.001	0	2.368	0.002	0.038	0	0	0.002	0.052	0	0	0	0	0.029	0.04	0	0.001	0	0.034	0	0	0.005	0.002	0.012	0.058	0	0.002	0	0.001
ASV_42	1.221	12.374	0.174798063621598	0.452413771322063	NotSig	0.466	0.21	0.042	0.005	1.478	0.04	0.028	0.101	0.099	0.305	1.311	2.385	0.103	0.11	0.256	0.067	0.134	0.037	0.645	0.141	0.168	0.325	0.031	0.069	0.121	0.014	1.313	0.058	1.396	3.59	0.527	0.454	0.655	0.151	0.041	0.023	0.098	0.003	0	0.006	0.108	0.381	0.038	0.25	0.896
ASV_129	1.452	11.588	0.175045555652714	0.452413771322063	NotSig	0.287	0.121	0.877	4.43	0.062	0.309	0.408	0.143	0.223	0.083	0.933	1.804	0.103	0.061	0.001	0.011	0.012	0	0.033	0.017	0.006	0.063	0.008	0.023	0.019	0	0	0.008	0.054	0.01	0.088	0.017	0.077	0.021	0.01	0.102	0.03	0.402	0.102	0.315	0.003	0.02	0.011	0.103	0.01
ASV_80	1.813	6.036	0.179610658448992	0.452413771322063	NotSig	0.002	0.001	0.009	0	0	0	0.003	0	0	0	0.002	0	0	0	0	0	0	0	0.01	0.001	0.019	0.017	0	0	0.008	0.004	0	0	0	0	0	0	0	0	0	0	0.008	0	0.002	0	0	0.003	0.002	0	0
ASV_54	-0.943	11.949	0.180359182003307	0.452413771322063	NotSig	0.281	0.71	0.239	0.132	0.088	0.089	0.151	0.775	0.432	0.522	0.245	4.236	0.219	0.343	0.021	0.014	0.084	0.01	0.023	0.03	0.132	0.068	0.005	0.185	0.184	0.086	0.053	0.05	0.048	0.278	0.075	0.146	0.01	0.008	0.668	0.102	0.089	0.075	1.152	0.917	0.011	0.153	0.772	2.503	0.1
ASV_11	-0.927	13.026	0.183183212612925	0.452413771322063	NotSig	0.585	1.28	0.422	1.033	0.423	4.006	0.638	2.477	0.642	0.939	0.218	1.195	1.22	1.39	0.061	0.063	0.049	0.049	0.461	0.63	0.107	0.053	0.082	1.341	0.865	0.095	0.05	0.023	0.015	0.069	0.059	0.291	0.073	0.067	0.135	0.041	1.201	6.631	1.62	0.677	0.075	0.312	0.124	0.38	0.425
ASV_44	1.17	12.433	0.187018358174308	0.452413771322063	NotSig	0.396	0.271	0.501	0.31	0.024	0.026	0.211	0.135	0.268	0.05	0.07	0.047	0.064	0.008	0.512	0.073	0.04	0.072	0.34	0.321	0.057	0.039	0.39	0.075	0.597	0.969	0.658	6.559	0.173	0.086	0.069	0.317	0.29	0.259	0.144	0.08	0.012	0.544	0	0.195	0.147	0.038	0.26	0.728	0.259
ASV_107	-1.022	8.714	0.187390319482511	0.452413771322063	NotSig	0.021	0.053	0.008	0.005	0.002	0.008	0.003	0.011	0.002	0.002	0	0.005	0.005	0.002	0.01	0.093	0.055	0.015	0.007	0.065	0.04	0.014	0.009	0.017	0.001	0.004	0.002	0	0.001	0.004	0.003	0.048	0.003	0.011	0.041	0.25	0.001	0.014	0.058	0.005	0.116	0.072	0.133	0.01	0.014
ASV_103	1.119	11.028	0.197516955852275	0.469738928583946	NotSig	0.159	0.099	0.09	0.223	0.621	0.055	0.054	0.818	0.136	0.225	0.625	0.525	0.134	0.202	0.008	0.014	0.011	0.004	0.135	0.012	0.167	0.025	0.009	0.036	0.031	0.006	0.185	0.008	0.122	0.047	0.007	0.022	0.007	0.128	0.041	0.038	0.789	0.068	0.236	0.321	0.003	0.037	0.038	0.089	0
ASV_58	1.478	13.786	0.201222326083862	0.469738928583946	NotSig	0.832	0.459	0.044	0.124	0.036	0.025	0.017	0.005	0.014	0.028	0.008	0.007	0.075	0.002	20.7	0.752	0.241	0.147	0.63	0.395	0.252	0.301	0.047	0.544	0.447	0.386	0.343	0.018	0.203	0.018	0.258	0.037	1.927	0.056	0.125	0.894	0.009	0.059	0.005	0.041	0.846	2.015	0.551	0.089	0.067
ASV_136	-1.122	9.353	0.202904980985965	0.469738928583946	NotSig	0.042	0.106	0	0	0	0.002	0.022	0.199	0.038	0.014	0.006	0	0	0.01	0.017	0.012	0.012	0.005	0	0.022	0	0.044	0.009	0.111	0.006	0.14	0.092	0.01	0.091	0.004	0.108	0.012	0.464	0.007	0.001	0.006	0.016	0.739	0.019	0.023	0	0.011	0.005	0.021	0.034
ASV_69	-1.119	11.602	0.207082460888461	0.472931566083107	NotSig	0.194	0.492	0.375	0.112	0.365	0.833	2.154	0.061	0.059	0.246	0.238	0.145	0.162	1.112	0.003	0.004	0.099	0.008	0.043	0.011	0.17	0.019	0.007	0.006	0.029	0	0.018	0	0	0.057	0.021	0.008	0.014	0.005	0.045	0.011	0.353	0.962	2.373	0.523	0.011	0.015	0.006	0.003	0.044
ASV_90	1.07	11.126	0.213350707971213	0.4807502619618	NotSig	0.211	0.103	0.197	0.063	0.009	0.047	0.116	0.066	0.832	0.184	0.039	0.162	4.359	0.086	0.012	0.027	0.043	0.007	0.011	0.03	0.054	0.085	0.021	0.045	0.031	0.009	0.034	0.033	0.012	0.124	0.211	0.037	0.054	0.056	0.027	0.234	0.016	0.125	0.369	0.044	0.015	0.026	0.024	0.068	0.157
ASV_138	1.29	12.023	0.221179447679904	0.487087162433287	NotSig	0.364	0.205	0.062	0.163	0.051	0	0.093	0.045	0.261	0.296	0.469	0.032	0.044	0.018	0.004	0.007	0.005	0.031	0.048	0.016	0.011	0.012	0.03	0.077	0.009	0.014	0.13	0.02	0.137	0.133	0.049	0.69	0.095	9.079	0.307	0.22	0.077	0.006	0	0.131	0.051	0.082	0.01	1.081	0.281
ASV_130	-0.938	11.78	0.222481372650298	0.487087162433287	NotSig	0.214	0.525	0.032	0.024	0.064	0.032	0.029	0.027	0	0.031	0.006	0	0.003	0	0.075	0.229	0.485	0.317	0.262	0.174	0.146	0.092	0.433	1.519	0.345	0.351	0.058	0.677	0.366	0.353	0.097	0.767	0.091	0.008	0.316	0.092	0.005	0.197	2.602	0.11	0.185	0.068	0.424	0.503	0.108
ASV_220	-0.747	11.006	0.224809459584594	0.487087162433287	NotSig	0.131	0.263	0.029	0.038	0.009	0.051	0.107	0.226	0.16	0.348	0.045	0.012	0.039	0.004	0.212	0.116	0.114	0.318	0.437	0.335	0.361	0.302	0.141	0.202	0.153	0.108	0.076	0.025	0.01	0.163	0.084	0.065	0.121	0.013	0.077	0.067	0.009	1.11	0.024	0.119	0.264	0.208	0.203	0.055	0.122
ASV_144	-1.004	9.661	0.232950438836447	0.498337014726071	NotSig	0.054	0.135	0.024	0.025	0.002	0.04	0.012	0	0.002	0.045	0	0	0.003	0	0.105	0.123	0.017	0.041	0.069	0.066	0.113	0.027	0.022	0.652	0.091	0.045	0	0.013	0.001	0.253	0.003	0.047	0.006	0.021	0.023	0.013	0	0.002	0	0.006	0.062	0.1	0.538	0.123	0.249
ASV_41	1.035	11.789	0.239938517629337	0.506499795285518	NotSig	0.274	0.208	0	0.003	0.08	0.019	0.003	0.268	0.235	0.227	0.175	0.155	0.018	0.008	0.053	0.152	0.075	0.937	0.406	0.833	0.773	0.119	0.073	0.741	1.765	0.605	0.209	0.827	0.027	0.088	0.156	0.311	0.08	0.034	0.044	0.078	0.023	0.012	0	0.011	0.08	0.072	1.026	0.168	0.294
ASV_85	0.779	11.306	0.242760256911994	0.506499795285518	NotSig	0.216	0.153	0.343	1.198	0.763	0.175	0.441	0.409	0.101	0.052	0.242	0.091	0.27	1.021	0.066	0.086	0.072	0.053	0.106	0.064	0.051	0.17	0.021	0.128	0.208	0.043	0.129	0.008	0.067	0.504	0.052	0.058	0.063	0.08	0.255	0.023	0.135	0.245	0.115	0.406	0.055	0.034	0.268	0.089	0.01
ASV_60	1.26	12.656	0.255279705884661	0.526125247493996	NotSig	0.638	0.269	15.905	1.328	0.019	0.072	1.284	0.061	0.045	1.369	0.062	0.108	0.041	0.027	0.006	0.01	0.213	0.001	0.401	0.016	0.018	0.062	0.005	0.069	0.078	0.004	0.018	0	0.444	0.082	0.248	0.012	0.185	0.01	0.03	0.016	0.08	0.304	0.636	1.042	0.019	0.004	0.037	0.031	0.082
ASV_20	0.996	12.654	0.260420537737791	0.530253865996226	NotSig	0.48	0.305	0.096	0.077	0.028	0	0.032	0.109	0.04	0.116	0.004	0.044	0.023	0.029	0.3	0.276	0.141	1.483	0.28	0.589	3.846	1.72	0.276	0.207	0.725	0.101	0.045	0.313	0.692	0.92	2.17	0.504	0.421	0.497	0.099	0.561	0.028	0.012	0.032	0.02	0.092	0.464	0.194	0.335	1.292
ASV_2	0.772	16.799	0.264314874374309	0.53177635439593	NotSig	9.001	6.615	1.756	1.904	0.479	0.255	0.959	7.623	10.623	20.541	0.721	1.701	36.253	0.99	6.654	7.318	2.209	6.321	5.247	11.14	12.547	8.976	31.09	3.024	7.648	16.123	8.818	13.073	13.047	13.779	10.695	4.896	31.416	3.289	5.756	7.064	1.1	4.245	1.353	0.924	6.997	5.823	19.292	3.7	10.586
ASV_75	-0.748	11.683	0.269134998316968	0.532234937003068	NotSig	0.242	0.475	0.04	0.041	0.004	0.038	0.054	1.309	0.136	0.035	0.064	0.01	0.036	0.016	0.079	0.101	0.035	0.025	1.528	0.037	0.446	0.314	0.052	0.155	0.144	0.13	0.967	0.048	0.374	0.184	0.354	0.05	0.492	0.66	0.396	0.091	0.039	0.139	0.037	0.084	0.055	0.118	1.452	0.298	1.615
ASV_146	-0.789	11.193	0.27084144723233	0.532234937003068	NotSig	0.151	0.236	0.029	0.038	0.011	0.017	0.068	0.035	0.033	0.428	0.012	0	0	0.006	0.254	0.148	0.285	0.345	0.163	0.295	0.065	0.071	0.103	0.562	0.27	0.183	0.071	0.05	0.079	0.902	0.127	0.063	0.139	0.021	0.144	0.256	0.016	0.03	0.013	0.011	0.984	0.194	0.459	0.089	0.109
ASV_47	1.09	12.773	0.274619452599206	0.533456178037537	NotSig	0.683	0.303	0.018	0.038	0.004	0.537	0.017	0.037	0	0.035	0.006	0.012	0	0.004	0.132	0.124	3.279	0.066	0.127	0.397	0.11	0.107	0.04	11.624	0.355	0.787	0.28	2.038	0.239	0.086	0.103	1.899	0.087	0.154	0.968	0.156	0.036	0.057	0.293	0.045	0.494	0.815	0.265	0.404	0.054
ASV_114	1.188	9.876	0.298744086091227	0.573724438061561	NotSig	0.102	0.042	0.07	0.006	0.017	0.072	2.607	0.021	0.002	0.035	0.012	0.02	0.003	0.027	0.001	0.001	0.004	0	0.011	0.002	0	0.003	0	0.48	0.009	0.008	0.002	0	0.02	0.022	0.015	0.004	0.006	0.002	0.071	0.003	0.003	0.087	0.003	0.166	0.005	0.008	0.056	0	0.01
ASV_83	0.919	11.93	0.322257439327079	0.611223875814405	NotSig	0.317	0.229	0.231	0.036	0.041	0.017	0.647	0.804	0.012	0.014	0.018	0.002	0	0	0.087	0.378	0.057	0.034	0.07	0.192	0.026	0.012	0.122	0.254	0.036	0.149	0.074	1.098	0.101	0.098	0.029	0.302	0.071	3.468	0.558	2.052	0.001	0.176	0.06	0.259	0.017	0.066	0.129	0.735	0.391
ASV_46	0.894	13.016	0.329303499404028	0.611223875814405	NotSig	0.457	0.435	0.257	0.357	0.034	0.189	0.396	0.048	0.007	0.071	0.006	0.182	0.018	0.027	0.193	0.213	1.069	0.127	0.109	0.458	0.136	0.133	0.119	0.182	0.117	0.363	1.399	0.178	0.17	0.014	0.029	0.021	0.613	1.072	0.979	0.225	6.482	0.616	0.006	0.757	0.384	0.782	0.145	0.674	0.118
ASV_99	-0.773	9.64	0.329659404408095	0.611223875814405	NotSig	0.057	0.106	0.15	0.102	0.041	0	0.184	0.008	0.002	0	0	0.115	0.028	0.02	0.005	0.015	0.089	0.001	0.008	0.011	0.017	0.043	0.021	0.156	0.016	0.016	0.201	0.005	0.019	0.112	0.261	0.01	0.02	0.046	0.245	0.025	0.007	0.148	0	0.618	0.004	0.015	0.064	0	0.003
ASV_100	-0.7	10.275	0.332737257839795	0.611223875814405	NotSig	0.078	0.17	0.053	0.058	0.08	0.077	0.635	0.016	0.063	0.045	0.012	0.177	0.16	0.584	0.012	0.04	0.016	0.01	0.124	0.016	0.036	0.008	0.004	0.02	0.078	0.003	0.018	0.008	0.033	0.035	0.024	0.007	0.034	0.003	0.014	0.013	0.212	0.248	0.045	0.547	0.005	0.215	0.013	0.274	0.016
ASV_119	0.956	9.432	0.340096042170078	0.611872707922827	NotSig	0.064	0.034	0	0	0.094	0.385	0.049	0.292	0.275	0.357	0.144	0.002	0	0.002	0.003	0.001	0.036	0.008	0.006	0.012	0.007	0.006	0	0.016	0.173	0.006	0	0.128	0.005	0.01	0.015	0.168	0.004	0.002	0.001	0.003	0.038	0.063	0	0.086	0.031	0.003	0.01	0.068	0.009
ASV_86	1.05	10.992	0.340331565353525	0.611872707922827	NotSig	0.167	0.113	0	0	0.23	0	0	0	0	0.234	0	0.162	0.077	1.135	0.032	0.062	0.024	0.019	0.89	0.128	0.068	0.172	0.133	0.071	0.188	0.02	0.023	0.158	1.12	0.082	0.223	0.015	0.175	0.33	0.023	0.016	0.022	0	0	0	0.114	0.109	0.016	0.663	0.003
ASV_39	0.742	11.488	0.345250772493068	0.614142006319514	NotSig	0.22	0.172	0.096	0.168	0.286	0.145	0.158	0.098	0.235	0.27	0.966	0.179	0.085	0.029	0.021	0.098	0.029	0.015	0.033	0.065	0.029	0.04	0.027	0.014	0.045	0.033	1.764	0.04	0.073	0.057	0.143	0.011	0.034	0.061	0.442	1.901	0.019	0.178	0.212	0.22	0.015	0.386	0.044	0.202	0.123
ASV_143	0.941	11.527	0.348861731400434	0.614142006319514	NotSig	0.216	0.132	0.032	0.071	0.049	0	0.022	0.151	0.009	0.002	0.006	0.005	0	0.002	0.039	1.22	0.137	0.016	0.008	0.412	0.115	0.021	0.036	0.013	0.006	0.108	0.14	0.048	0.328	0.314	0.024	2.559	0.014	0.968	0.026	0.652	0.007	0.006	0.005	0.072	0.147	0.134	0.035	0.154	0.504
ASV_21	0.793	12.872	0.396288558320913	0.690440890270457	NotSig	0.528	0.353	0.673	1.798	0.329	0.015	0.201	0	0.009	0.002	0.01	0.005	0.015	0.002	0.293	0.487	0.622	0.152	0.036	0.064	0.31	0.36	0.185	0.118	0.117	0.933	1.041	0.11	0.118	0.024	0.047	0.092	0.129	0.983	3.227	4.019	1.948	0.175	0.285	0.24	1.026	0.153	0.311	0.588	0.043
ASV_1	0.629	17.107	0.409001593465091	0.703736677186619	NotSig	9.542	8.83	1.007	2.227	0.344	1.846	1.993	9.853	7.878	6.047	1.297	0.314	2.525	0.343	18.594	7.879	3.953	56.083	30.762	6.341	38.706	22.622	2.657	21.963	18.15	4.248	1.944	4.912	4.246	14.653	13.054	4.293	5.858	5.326	9.668	2.109	0.286	5.384	3.701	1.802	7.122	11.202	21.711	2.75	16.966
ASV_147	0.611	10.2	0.414797227216504	0.703736677186619	NotSig	0.108	0.062	0.018	0.05	0.101	0.034	0.024	0.064	0.009	0.005	0.004	0.012	0.01	0.002	0.101	0.05	0.105	0.011	0.047	0.032	0.043	0.021	0.009	0.087	0.056	0.16	0.145	0.043	0.198	0.094	0.097	0.021	0.415	0.084	1.593	0.038	0.007	0.063	0.019	0.045	0.161	0.047	0.016	0.133	0.01
ASV_188	0.636	9.132	0.416412235021668	0.703736677186619	NotSig	0.044	0.035	0	0	0.022	0.004	0.003	0.05	0.056	0.066	0.197	0.044	0.015	0.008	0.004	0.01	0.088	0.016	0.03	0.045	0.013	0.005	0.023	0.037	0.176	0.018	0.014	0.1	0.241	0.147	0.001	0.036	0.018	0.003	0.003	0.045	0.008	0.005	0.003	0.017	0.025	0.003	0.03	0.12	0.075
ASV_49	0.598	11.433	0.422148827150775	0.70636783948991	NotSig	0.226	0.219	0.049	0.049	0.09	0.008	0.067	0.303	0.103	0.154	0.769	0.012	0.018	0.022	0.079	0.431	0.096	0.401	0.082	0.082	0.056	0.359	0.018	0.156	0.676	0.055	0.037	0.015	0.907	0.629	0.894	0.029	0.956	0.057	0.224	0.034	0.007	0.158	0.013	0.122	0.087	0.027	1.059	0.205	0.08
ASV_31	0.706	12.474	0.427630815210844	0.708525566378751	NotSig	0.388	0.346	1.517	0.424	2.81	0.053	0.79	0.719	0.378	0.634	0.73	0.341	0.401	0.469	0.014	0.037	0.063	0.02	0.028	0.039	0.079	0.089	0.023	0.031	0.034	0.019	0.212	0.01	0.057	0.018	0.028	0.019	0.034	0.066	0.252	0.036	3.094	0.866	0.353	0.982	0.013	0.326	0.033	0.113	0.079
ASV_73	-0.673	12.424	0.435240388954732	0.709083447250297	NotSig	0.411	0.911	0.259	0.163	0.011	0.922	0.183	0.013	0	0.002	0.002	0.017	0.005	0.002	0.057	0.187	0.386	0.064	0.079	0.067	0.046	0.11	0.199	0.087	0.174	0.156	0.085	0.845	0.251	0.267	0.043	0.136	0.02	0.195	6.583	2.731	0.026	0.077	0.104	0.057	0.394	0.028	0.073	6.039	0.516
ASV_311	0.568	10.686	0.436359044461721	0.709083447250297	NotSig	0.131	0.113	0.018	0.027	0.037	0.021	0.044	0.247	0.066	0.007	0.012	0.012	0.072	0.02	0.026	0.04	0.028	0.041	0.439	0.405	0.165	0.312	0.653	0.043	0.118	0.049	0.174	0.013	0.106	0.765	0.118	0.036	0.316	0.03	0.047	0.056	0.02	0.253	0	0.033	0.048	0.074	0.268	0.065	0.159
ASV_70	0.789	11.98	0.446484151682175	0.718626872707501	NotSig	0.363	0.201	0.066	0.091	0.002	0.332	0.039	0	0.007	0.002	0.021	0.005	0.003	0.006	0.023	0.026	2.698	0.049	0.029	0.045	0.085	0.105	0.005	0.014	0.156	0.155	0.056	0.033	4.469	0.041	0.056	0.029	0.033	0.034	3.932	0.058	0.001	0.077	0.006	0.065	0.558	0.08	0.318	0.455	0.049
ASV_57	-0.67	9.544	0.453414473381596	0.722153021943887	NotSig	0.048	0.11	0.092	0.016	0	0	0.323	0	0.002	0.002	0.006	0	0.031	0.002	0.043	0.065	0.016	0.016	0.007	0.011	0.011	0.228	0	0.001	0.03	0.004	0.003	0.05	0.166	0.006	0.102	0.011	0.209	0.131	0	0.002	0.1	0.45	0.006	0.047	0	0.023	0.084	0.263	0.009
ASV_199	0.921	7.585	0.457221144070982	0.722153021943887	NotSig	0.016	0.008	0	0	0.002	0	0	0	0.002	0	0	0	0	0	0.001	0	0.02	0	0.007	0.005	0	0.013	0	0.014	0.342	0.008	0	0.008	0.001	0	0.015	0.116	0.003	0.005	0.005	0.005	0.003	0.006	0	0.008	0.004	0	0.024	0	0.023
ASV_62	0.602	10.885	0.48060794791216	0.752062437010695	NotSig	0.164	0.125	0.112	0.211	0.052	0.383	0.844	0.154	0.964	0.284	0.23	0.321	0.594	0.747	0.001	0.007	0.008	0.001	0.079	0.009	0.076	0.008	0.001	0.058	0.117	0.018	0.006	0.018	0.022	0.01	0.018	0.008	0.007	0.01	0.137	0.055	0.166	0.428	0.018	0.388	0.001	0.026	0.04	0.068	0.03
ASV_110	-0.538	8.764	0.493179891072124	0.764655060469623	NotSig	0.029	0.05	0.041	0.028	0.064	0.19	0.091	0.005	0.014	0.052	0.008	0.135	0.126	0.067	0.004	0.002	0.005	0.001	0.003	0.031	0.003	0.008	0.017	0.012	0.004	0.006	0	0	0.004	0.025	0.012	0.001	0.006	0.005	0.014	0.008	0.03	0.208	0.039	0.128	0	0.013	0.003	0.01	0
ASV_881	0.674	12.27	0.503237683698918	0.773156077682884	NotSig	0.355	0.323	0.038	0.002	0.004	0.002	0.018	0.013	0.012	0.002	0.006	0.002	0.008	0	0.083	0.726	0.378	0.059	0.036	0.293	0.049	0.045	0.056	0.695	0.035	0.164	0.103	0.777	0.063	0.171	0.077	5.206	0.085	0.309	0.513	2.382	0.003	0.038	0.044	0.038	0.05	0.398	0.237	0.91	0.871
ASV_14	-0.498	13.194	0.532357500470409	0.795439300423628	NotSig	0.634	1.147	0.772	0.517	0.428	5.534	2.351	0.337	0.682	1.565	0.304	0.876	0.854	2.501	0.016	0.02	0.073	0.016	0.099	0.105	0.179	0.068	0.033	0.708	0.524	0.084	0.338	0.05	0.039	0.163	0.108	0.032	0.057	0.077	0.23	0.016	2.446	3.846	3.133	1.546	0.011	0.103	0.116	0.386	0.035
ASV_4	-0.466	15.742	0.533071137908684	0.795439300423628	NotSig	3.419	4.986	0.426	1.136	0.049	1.316	0.478	0.441	0.103	1.102	0.493	0.346	0.337	0.065	1.207	2.328	7.65	1.439	0.801	21.985	1.377	1.951	24.616	2.245	1.056	4.718	4.352	0.341	5.624	8.097	2.261	1.651	1.79	2.299	4.147	10.18	1.25	1.685	4.54	0.556	13.983	13.414	1.072	1.686	2.95
ASV_3	0.512	15.538	0.539535705222082	0.795439300423628	NotSig	4.166	2.869	3.355	10.011	1.059	0.262	5.876	29.363	3.5	2.787	27.362	0.604	0.448	0.712	0.097	0.804	1.315	0.209	0.08	0.225	4.291	0.187	0.714	0.158	0.309	2.515	5.339	0.216	0.883	0.302	0.501	5.816	3.99	24.796	6.259	0.633	0.831	2.514	0.173	1.161	1.11	0.321	0.75	1.679	15.246
ASV_38	0.48	11.654	0.540500354821672	0.795439300423628	NotSig	0.272	0.228	0.041	0.031	0.101	3.529	0.286	0.212	0.538	0.622	0.138	0.518	0.458	0.88	0.019	0.029	0.051	0.014	0.064	0.056	0.01	0.035	0.005	0.107	0.198	0.038	0.045	0.033	0.034	0.157	0.14	0.788	0.08	0.036	0.096	0.008	0.123	0.449	0.701	0.273	0.015	0.065	0.105	0.174	0.044
ASV_124	0.537	11.275	0.541275263601877	0.795439300423628	NotSig	0.231	0.175	0.305	0.362	0.309	0.008	2.006	1.354	0.08	0.461	0.203	1.899	0.049	0.045	0.01	0.019	0.058	0.014	0.14	0.021	0.044	0.05	0.016	0.036	0.032	0.008	0.013	0.063	0.008	0.022	0.152	0.004	0.004	0.046	0.063	0.011	0.183	0.158	0.015	0.813	0.019	0.02	0.032	0.345	0
ASV_152	-0.405	10.955	0.546932081541365	0.79682346362492	NotSig	0.141	0.204	0.025	0.011	0	0.009	0.026	0.135	0.094	0.208	0.018	0.015	0.069	0.012	0.264	0.288	0.134	0.167	0.326	0.235	0.181	0.145	0.046	0.361	0.607	0.059	0.023	0.123	0.02	0.418	0.128	0.523	0.125	0.015	0.068	0.069	0.005	0.137	0.045	0.014	0.438	0.143	0.642	0.075	0.136
ASV_200	0.365	10.816	0.559826027823927	0.808637595745672	NotSig	0.136	0.12	0.185	0.132	0.039	0.221	0.064	0.085	0.059	0.163	0.411	0.079	0.069	0.043	0.022	0.071	0.25	0.082	0.073	0.249	0.128	0.232	0.195	0.16	0.272	0.086	0.034	0	0.102	0.029	0.025	0.026	0.114	0.043	0.227	0.707	0.084	0.119	0.018	0.044	0.146	0.318	0.154	0.031	0.134
ASV_66	0.734	9.45	0.566206645488595	0.810923077013327	NotSig	0.054	0.04	0.044	0.003	0.758	0	0.004	0.117	0	0.019	0.002	0	0	0.014	0.021	0.176	0.005	0.004	0	0.178	0.024	0.01	0.008	0.076	0.008	0	0.003	0.005	0.337	0	0	0	0.003	0	0	0.002	0.082	0.002	0	0.002	0	0.291	0.01	0.017	0
ASV_25	0.404	13.217	0.588012278924559	0.834904733619207	NotSig	0.668	0.723	0.189	0.148	0.015	0.028	0.227	0.17	0.284	0.27	0.029	0.133	0.679	0.055	0.207	0.752	0.243	0.075	0.095	1.329	0.235	0.214	2.899	1.255	0.389	0.945	0.526	0.97	0.11	0.79	0.49	3.386	0.276	0.547	0.791	4.504	0.124	0.16	1.308	0.175	0.092	1.055	0.958	0.927	1.107
ASV_111	-0.512	11.588	0.592831763516597	0.834904733619207	NotSig	0.232	0.334	0.017	0.269	0.095	0.055	0	0.183	0.016	0.014	0.002	0.022	0.021	0.006	0.088	0.112	0.261	0.085	0.04	4.932	0.802	0.219	0.516	0.081	0.06	0.118	0.008	0	0.012	0.004	0.006	0.017	0.013	0.013	0.016	0.014	0.007	0.027	0.05	0.002	0.43	1.84	0.311	0	0.008
ASV_166	0.901	12.377	0.602561429194744	0.841594062263734	NotSig	0.344	0.359	0	0	0	0	0	0	0	0	0.014	0	0	0	0.004	0.286	0.01	0.003	0.001	0.014	0.006	0.001	0.004	0	0.013	0	0.053	11.033	0.101	0	0.004	0.414	0.007	0.044	0.007	0.009	0	0.002	0	0	0.004	0.018	0.019	2.202	0.624
ASV_94	0.385	10.994	0.608203088367289	0.842510835525179	NotSig	0.176	0.152	1.239	0.61	0.593	0.447	0.258	0.088	0.581	0.177	0.025	0.309	0.54	0.149	0.014	0.012	0.07	0.015	0.05	0.011	0.022	0.025	0.009	0.109	0.069	0.008	0.143	0.14	0.037	0.073	0.072	0.012	0.003	0.049	0.1	0.019	0.088	0.163	0.07	0.719	0.011	0.029	0.024	0.192	0.013
ASV_93	0.428	12.087	0.618939790457972	0.849431736845315	NotSig	0.328	0.293	0.033	0.041	0.006	0.07	0.055	0.003	0.028	0.035	0.006	0	0.049	0.002	0.069	0.378	0.307	0.046	0.062	1.359	0.131	0.186	0.86	0.128	0.256	0.475	0.304	0.123	0.349	0.747	0.799	0.567	1.39	0.094	0.356	2.159	0.016	0.108	0	0.029	0.261	1.132	0.276	0.222	0.319
ASV_235	0.309	10.426	0.623251688572894	0.849431736845315	NotSig	0.111	0.094	0.021	0.041	0.006	0.019	0.022	0.332	0.418	0.173	0.047	0.022	0.373	0.006	0.186	0.054	0.146	0.059	0.095	0.167	0.242	0.194	0.115	0.158	0.198	0.133	0.13	0.025	0.005	0.075	0.047	0.05	0.129	0.046	0.044	0.089	0.013	0.071	0.019	0.009	0.167	0.102	0.243	0.027	0.111
ASV_55	0.385	12.605	0.629483733042739	0.851062007073783	NotSig	0.455	0.353	0.059	0.017	0.037	0.145	0.021	0.104	1.314	0.165	0.076	0.214	0.484	0.024	0.167	0.57	3.161	0.124	0.062	0.627	0.081	0.16	0.902	0.978	0.276	0.176	0.042	0.125	0.258	0.429	0.105	0.034	0.111	0.085	0.196	4.55	0.036	0.176	0.129	0.024	1.105	0.349	0.381	0.256	0.402
ASV_117	0.361	9.317	0.64330177645832	0.862207265448609	NotSig	0.05	0.054	0.017	0.255	0.531	0.083	0.011	0.024	0.103	0.014	0.068	0.007	0.003	0	0.006	0.017	0.004	0.003	0.025	0.027	0.01	0.012	0.004	0.005	0.01	0.003	0.045	0.08	0.094	0.137	0.028	0.043	0.014	0.008	0.016	0.013	0.028	0.021	0.045	0.02	0.007	0.087	0.005	0.243	0.003
ASV_127	0.614	10.247	0.647930903621144	0.862207265448609	NotSig	0.118	0.076	0.186	0.137	0.047	1.993	0.245	0.361	0.266	0.735	0.095	0.005	0	0.008	0	0.001	0.012	0	0	0.004	0.001	0.005	0	0.001	0	0	0	0.003	0	0	0.006	0.001	0.001	0.025	0	0.002	0	0.286	0.11	0.179	0	0.005	0.006	0	0.021
ASV_174	-0.43	9.835	0.653064493473367	0.862249214039055	NotSig	0.075	0.125	0.083	0.108	0.185	0.045	0.118	0.451	0.581	0.128	0.384	0.125	0.134	0.018	0.003	0.001	0	0	0.032	0.006	0.007	0.004	0.001	0	0	0	0.005	0	0.003	0.024	0.01	0.004	0.001	0.008	0.12	0.013	0.026	0.039	0.002	0.285	0.001	0.02	0	0.619	0.034
ASV_65	-0.369	12.626	0.663926217914891	0.865914320597326	NotSig	0.559	0.727	0.133	0.24	0.161	3.925	0.715	0.637	0.444	7.303	0.339	0.294	0.409	1.364	0.014	0.019	0.018	0.007	0.159	0.179	0.074	0.034	0.023	1.673	0.319	0.038	0.035	0.03	0.031	0.006	0.103	0.088	0.047	0.007	0.029	0.008	0.651	3.498	1.508	0.544	0.015	0.069	0.07	0.103	0.008
ASV_56	-0.33	10.228	0.669310690753639	0.865914320597326	NotSig	0.1	0.135	0.263	0.069	0.383	0.017	0.434	0.64	0.033	0.078	0.027	0.071	0.008	0.006	0.006	0.02	0.03	0.003	0	0.006	0.028	0.012	0.022	0.035	0.012	0.003	0.003	0.11	0.003	0.161	0	0.037	0.011	0.248	0.586	0.055	0.097	0.096	0.015	0.232	0.008	0.064	0.038	0.335	0.292
ASV_78	-0.324	11.508	0.671211692297335	0.865914320597326	NotSig	0.206	0.435	0.044	0.033	0.039	0.196	0.073	0.074	0.242	0.009	0.012	0.01	0.023	0.004	0.967	0.188	0.041	0.106	1.036	0.117	0.071	0.587	0.056	0.135	0.239	0.081	0.011	0.03	0.181	0.306	0.959	0.219	0.855	0.048	0.196	0.013	0.008	0.291	0.002	0.075	0.063	0.089	2.899	0.041	0.019
ASV_64	-0.493	8.281	0.688170495859875	0.871896741702244	NotSig	0.02	0.035	0.008	0.031	0	0.262	0.035	0.003	0	0.005	0.002	0	0	0	0	0.001	0	0.004	0.004	0	0.001	0	0	0.006	0	0	0.006	0.008	0.314	0.004	0.001	0	0	0	0.003	0.003	0.007	0.211	0.029	0.018	0	0	0.002	0.021	0
ASV_159	-0.298	10.317	0.692798700285812	0.871896741702244	NotSig	0.104	0.129	0.012	0.057	0.032	0.025	0.064	0.247	0.677	0.059	0.103	0.059	1.385	0.043	0.017	0.011	0.006	0.008	0.051	0.04	0.033	0.032	0.005	0.024	0.112	0	0.003	0.218	0.008	0.039	0.052	0.096	0.028	0.005	0.077	0.009	0.011	0.254	0.5	0.062	0.062	0.059	0.016	0.068	0.012
ASV_157	-0.393	7.742	0.700696222995994	0.871896741702244	NotSig	0.015	0.02	0.02	0.036	0.002	0.1	0.014	0.08	0.068	0.078	0.07	0.01	0.003	0.004	0	0.002	0	0	0	0	0.001	0	0	0.005	0.008	0	0	0.01	0	0.002	0.007	0.004	0	0.002	0.005	0	0.004	0.041	0	0.11	0	0	0.008	0.003	0.001
ASV_131	-0.47	7.938	0.711674604971293	0.871896741702244	NotSig	0.018	0.029	0	0	0	0	0	0	0	0	0.002	0	0	0	0.006	0.02	0.001	0	0.035	0.004	0.078	0.001	0	0.049	0.275	0.045	0	0	0.011	0.094	0	0.001	0.003	0	0.001	0.002	0	0	0	0	0	0.003	0.103	0.051	0.076
ASV_12	0.318	14.112	0.712349973994599	0.871896741702244	NotSig	1.302	1.281	0.137	0.193	0.009	0.179	0.085	1.471	0.125	1.735	0.148	0.142	0.01	0.004	1.137	1.525	1.966	0.239	0.225	0.809	0.388	1.364	7.423	0.292	0.698	2.052	1.679	0.183	4.677	0.929	0.906	0.348	0.709	6.804	6.442	0.253	0.284	0.011	0	0.078	1.467	0.622	2.573	1.727	3.767
ASV_113	-0.281	11.689	0.715674726103583	0.871896741702244	NotSig	0.233	0.361	0.158	0.278	0.2	2.119	0.464	0.281	0.12	0.487	0.277	0.348	0.211	0.896	0.021	0.024	0.029	0.014	0.062	0.173	0.047	0.023	0.017	0.15	0.549	0.029	0.039	0.008	0.007	0.024	0.047	0.019	0.021	0.034	0.145	0.014	0.813	1.792	0.654	0.21	0.019	0.086	0.043	0.075	0.01
ASV_27	0.302	12.168	0.716156391370972	0.871896741702244	NotSig	0.417	0.358	1.954	4.351	1.218	0.004	1.472	1.335	0.456	0.234	0.454	0.069	0.221	0.329	0.004	0.007	0.064	0.008	0.059	0.021	0.047	0.115	0.01	0.07	0.112	0.034	0.006	0.02	0.058	0.037	0.133	0.171	0.027	0.08	1.081	0.031	0.311	0.408	0.228	1.149	0.011	0.211	0.097	0.38	0.384
ASV_151	-0.312	10.529	0.717122172169301	0.871896741702244	NotSig	0.086	0.116	0.008	0.088	0.082	0.002	0.008	0	0.024	0.009	0.021	0.005	0.085	0.006	0.978	0.158	0.15	0.019	0.017	0.04	0.013	0.017	0	0.114	0.026	0.094	0.183	0.133	0.341	0.006	0.034	0.015	0.182	0.013	0.116	0.016	0	0.012	0.005	0.014	0.471	0.135	0.151	0.109	0.032
ASV_89	-0.229	10.248	0.732783100876377	0.884573886057912	NotSig	0.09	0.112	0.049	0.061	0.039	0.251	0.05	0.029	0.033	0.043	0.027	0.005	0.003	0.016	0.001	0.03	0.099	0.015	0.169	0.123	0.046	0.088	0.09	0.111	0.62	0.279	0.043	0.271	0.065	0.104	0.027	0.091	0.051	0.044	0.063	0.113	0.005	0.045	0	0.042	0.118	0.01	0.086	0.181	0.41
ASV_43	0.206	12.614	0.751654057509581	0.897166144850586	NotSig	0.472	0.512	0.222	0.178	0.015	0.271	0.155	0.342	0.2	0.773	0.107	0.029	0.147	0.016	0.487	0.779	0.154	0.609	0.501	1.382	1.008	0.174	0.262	0.913	0.32	0.253	0.122	2.303	0.122	2.384	0.226	0.333	0.489	0.471	0.419	0.306	0.042	0.28	0.201	0.101	0.623	0.651	1.36	0.527	0.351
ASV_203	0.231	9.108	0.756728210381571	0.897166144850586	NotSig	0.046	0.044	0.088	0.055	0.159	0	0.333	0.008	0.005	0.095	0.002	0.066	0.01	0.169	0.016	0.007	0.004	0.001	0.09	0.03	0.006	0.021	0.013	0.085	0.089	0.013	0.008	0.025	0.015	0.012	0.044	0.008	0.092	0.01	0.01	0.002	0.004	0.059	0	0.145	0.009	0.017	0.016	0.089	0.018
ASV_156	0.362	6.455	0.762024208090214	0.897166144850586	NotSig	0.003	0.004	0	0.002	0	0.008	0	0	0	0.009	0	0	0.003	0	0.004	0.007	0.001	0.035	0.001	0.004	0.001	0	0	0.004	0	0	0	0.005	0	0.012	0	0	0	0	0	0	0	0.008	0.013	0	0	0.001	0.006	0	0.003
ASV_76	-0.17	11.621	0.764449259517659	0.897166144850586	NotSig	0.221	0.248	0.077	0.101	0.131	0.238	0.233	0.491	0.209	0.253	0.111	0.255	0.247	1.064	0.049	0.081	0.289	0.126	0.073	0.409	0.118	0.188	0.267	0.077	0.185	0.233	0.069	0.075	0.405	0.051	0.093	0.102	0.336	0.064	0.12	0.782	0.131	0.142	0.324	0.125	0.711	0.151	0.157	0.215	0.156
ASV_183	0.563	10.423	0.772543773855855	0.900413088149238	NotSig	0.091	0.088	0	0	0	0	0	0	0.009	0	0	0.002	0.003	0.004	0.025	0.001	0	0	0	1.545	0.082	0.053	1.368	0.01	0.014	0.08	0	0	0	0	0	0	0.006	0	0	0	0	0	0	0	0	0.694	0.01	0	0
ASV_141	0.192	10.781	0.793242669648399	0.901478169744125	NotSig	0.135	0.139	0.219	0.058	0.002	0.109	0.23	0.058	0.026	0.005	0.01	0.005	0.077	0.112	0.044	0.18	0.125	0.06	0.09	0.056	0.042	0.026	0.074	0.795	0.297	0.095	0.003	0.128	0.018	0.012	0.022	0.124	0.081	0.036	0.256	1.247	0.004	0.029	0.113	0.011	0.198	0.121	0.235	0.294	0.11
ASV_24	0.421	12.18	0.794699840567381	0.901478169744125	NotSig	0.409	0.341	0.003	0	0	0	0	0	0	0.002	0	0.015	0	0	0.063	0	0.061	0.001	0	0.524	0.174	1.054	0.156	0.018	0	0.003	0.005	0	0	0.335	11.308	0.193	0.312	0.008	0.077	0.002	0	0	0	0	0.011	2.392	0.292	0.021	0.009
ASV_169	0.231	10.49	0.803574692283921	0.901478169744125	NotSig	0.093	0.09	0.021	0.006	0.015	0	0.007	0.369	0.028	0.17	0.041	0.007	0	0.002	1.26	0.045	0.15	0.02	0.044	0.1	0.011	0.021	0.079	0	0.056	0.018	0.077	0.003	0.027	0.01	0.031	0.026	0.053	0.346	0.177	0.008	0.013	0.003	0.002	0.003	0.155	0.103	0.057	0.017	0.379
ASV_177	-0.24	10.011	0.803765161637769	0.901478169744125	NotSig	0.061	0.095	0.005	0.006	0.013	0.006	0.003	0.364	0.024	0.054	0.025	0.052	0.005	0.018	0	0.027	0.002	0.003	0.004	0.004	0.004	0.005	0	0.004	0.001	0.005	0.472	0.003	0.073	0.278	0.015	0.004	0.027	0.033	0.011	0.088	0.491	0.003	0.005	0.006	0	0.015	0.008	0.116	0.605
ASV_59	0.194	11.682	0.804423924696524	0.901478169744125	NotSig	0.297	0.274	0.048	0.036	1.104	0.452	0.094	0.186	4.416	0.475	0.162	0.721	0.831	0.159	0.043	0.041	0.059	0.014	0.095	0.062	0.033	0.052	0.014	0.19	0.18	0.011	0.09	0.203	0.098	0.033	0.072	0.017	0.004	0.049	0.155	0.019	0.171	0.143	0.547	0.333	0.004	0.875	0.11	0.174	0.003
ASV_209	-0.174	9.769	0.805462743380846	0.901478169744125	NotSig	0.068	0.08	0.022	0.168	0.168	0	0.007	0.021	0.052	0.492	0.01	0.238	0.085	0.186	0.022	0.036	0.089	0.016	0.04	0.051	0.078	0.019	0.001	0.069	0.108	0.005	0.003	0.015	0.007	0.002	0.069	0.004	0.04	0.079	0.077	0.017	0.074	0.006	0.061	0.053	0.016	0.294	0.006	0.038	0.163
ASV_134	0.14	10.196	0.829649598251983	0.920733214052721	NotSig	0.089	0.098	0.021	0.028	0.028	0.011	0.057	0.013	0.054	0.043	0.008	0.027	0.293	0.045	0.073	0.037	0.087	0.034	0.05	0.424	0.026	0.032	0.042	0.332	0.239	0.174	0.06	0.008	0.122	0.014	0.024	0.048	0.063	0.031	0.045	0.517	0.022	0.027	0.036	0.03	0.019	0.298	0.13	0.065	0.176
ASV_63	-0.167	12.555	0.835822817590281	0.920733214052721	NotSig	0.386	0.449	0.087	0.203	0.047	0.202	0.055	0.037	0.009	0.031	0.023	0.002	0.023	0.008	0.359	4.797	0.114	0.111	0.443	0.253	0.243	0.4	0.059	0.101	0.215	0.364	1.267	0.236	1.094	0.061	0.46	0.047	1.006	0.251	0.706	0.186	0.011	0.149	0.102	0.08	1.575	1.105	0.222	0.256	0.104
ASV_74	-0.184	12.817	0.839011331148633	0.920733214052721	NotSig	0.457	0.971	0.289	0.115	0.006	0.036	0.172	0.111	0	0.139	0.01	0.012	0.003	0	0.054	0.403	0.248	0.057	0.065	0.194	0.118	0.112	0.559	0.859	0.144	0.265	0.171	7.278	0.357	0.114	0.029	2.299	0.034	0.34	0.471	0.914	0.012	0.14	0.126	0.119	0.205	0.126	0.189	6.535	0.331
ASV_81	-0.192	12.645	0.849378392650189	0.926096441018593	NotSig	0.341	0.658	0.04	0.068	0.771	1.704	0.291	0.183	0.411	0.478	0.045	0.461	0.649	1.933	0.006	0.014	0.035	0.015	0.037	0.011	0.014	0.034	0.008	0.019	0.126	0.024	0.473	0.013	0.007	0.024	0.034	0	0.021	0	0.042	0.003	3.935	2.645	2.156	0.348	0.009	0.015	0.029	0.048	0.013
ASV_137	0.108	8.648	0.875439991374618	0.948393323989169	NotSig	0.036	0.031	0.001	0.009	0.009	0.006	0.018	0.239	0.15	0.191	0.051	0.017	0.139	0.031	0.006	0.004	0.018	0.003	0.032	0.078	0.013	0.017	0.013	0.031	0.012	0.009	0.003	0.003	0.012	0.02	0.032	0.011	0.043	0	0.031	0	0.001	0.059	0.036	0.035	0.027	0.024	0.056	0.003	0.008
ASV_142	0.125	9.275	0.899990557792752	0.96877964501258	NotSig	0.059	0.049	0.073	0.041	0	0.002	0.001	0.316	0.345	0.716	0.203	0.02	0.003	0.004	0.018	0.009	0.012	0.007	0.019	0.016	0.015	0.045	0.007	0.002	0.018	0	0.002	0.013	0	0.004	0.128	0.021	0.003	0.003	0.001	0.013	0	0	0	0.139	0	0.236	0.003	0.007	0.008
ASV_36	0.084	13.668	0.926669023481144	0.980359194502082	NotSig	0.795	0.879	0.087	0.566	0.219	0.26	0.039	0.008	0	0.052	0.08	0.012	0.026	0.024	8.412	5.6	0.72	0.186	0.083	0.738	0.423	1.056	0.081	0.761	0.335	0.205	0.132	1.09	0.454	0.059	1.994	0.078	0.982	0.525	1.521	1.011	0.001	0.178	0.071	0.074	2.655	2.761	0.44	0.53	0.323
ASV_32	0.062	12.271	0.926945391349854	0.980359194502082	NotSig	0.351	0.419	0.119	0.083	0.065	0.33	0.514	0.26	0.449	0.08	0.173	0.096	0.183	0.045	0.039	0.026	0.665	0.147	0.14	1.454	0.072	0.137	0.597	0.195	0.326	2.246	0.877	0.125	0.618	0.222	0.059	0.213	0.421	0.958	0.257	0.092	0.013	0.827	0.011	0.611	0.529	0.167	0.3	0.725	0.181
ASV_77	-0.079	12.457	0.928150716688362	0.980359194502082	NotSig	0.415	0.409	0.094	0.08	0	0.062	0.187	0.003	0.035	0.038	0	0.005	0.036	0	0.107	0.408	1.444	0.109	0.08	2.427	0.086	0.259	0.963	0.17	0.193	0.603	0.338	0.045	0.219	1.806	2.406	0.374	0.559	0.018	0.267	1.079	0.016	0.096	0.011	0.051	1.283	1.013	0.319	0.164	0.334
ASV_189	-0.043	11.403	0.93627622995315	0.982799272435294	NotSig	0.205	0.258	0.318	0.395	0.152	0.251	1.365	0.292	0.099	0.13	0.101	0.108	0.121	0.125	0.062	0.259	0.16	0.035	0.032	0.419	0.107	0.088	0.06	0.065	0.054	0.086	0.119	0.143	0.198	0.1	0.145	0.392	0.139	0.107	0.276	0.41	0.266	0.142	0.218	0.407	0.09	0.406	0.138	0.448	0.215
ASV_82	0.067	10.979	0.943636014235279	0.984148004123	NotSig	0.177	0.216	0.133	0.115	0.026	0	0.042	0	0.002	0	0.043	0.002	0	0	0.013	0.055	0.045	0.255	0.145	0.455	0.125	0.084	0.026	0.077	1.703	0.056	0.021	0.018	0.186	0.075	0.059	0.313	2.045	0.02	0.053	0.014	0	0.089	0	0.033	0.039	0.252	1.058	0.103	0.158
ASV_37	-0.059	13.693	0.949207838296148	0.984148004123	NotSig	0.882	1.54	0.158	0.091	0.006	0.456	0.195	0.035	0.009	0.014	0.014	0.052	0.033	0.073	0.066	0.268	1.992	0.157	0.286	0.148	0.074	0.124	0.171	4.269	0.956	1.172	0.14	16.398	0.349	0.098	0.093	2.281	0.081	0.126	0.394	0.097	0.009	0.706	0.026	0.137	0.833	0.169	0.7	8.963	0.782
ASV_210	-0.04	9.247	0.959538586504292	0.985330988896104	NotSig	0.043	0.056	0.013	0.05	0.022	0.004	0.006	0.027	0.038	0.121	0.016	0.049	0.044	0.016	0.019	0.016	0.012	0.008	0.039	0.024	0.01	0.015	0.018	0.011	0.003	0.001	0.019	0.278	0.018	0.461	0.019	0.003	0.007	0.008	0.003	0.013	0.08	0.017	0.01	0.015	0.011	0.299	0	0.092	0.001
ASV_108	-0.05	11.437	0.962009545371936	0.985330988896104	NotSig	0.189	0.171	0.015	0.016	0.002	0.002	0.025	0	0.012	0.019	0.002	0	0	0	0.04	0.524	2.106	0.061	0.075	0.293	0.053	0.067	0.034	0.053	0.316	0.987	0.085	0.02	0.094	1.333	0.013	0.015	0.155	0.038	0.018	0.141	0.004	0.003	0	0	0.894	0.202	0.192	0.058	0.022
ASV_98	0.058	10.881	0.970817678521075	0.988362576325673	NotSig	0.176	0.221	0.228	0	0	0	4.473	0	0.002	0	0	0.002	0.015	0.035	0	0	0	0	0.001	0	0	0	0	0	0.003	0.011	0.101	0.163	0.273	0	0.013	0.01	0.744	0.041	0	0.008	0.018	0.107	0	0.244	0	0	0.002	1.416	0
ASV_8	-0.023	13.99	0.979377901561289	0.990688214608832	NotSig	1.301	1.477	4.078	11.987	15.394	0.172	1.584	0.077	0.167	0.452	0.136	0.292	0.543	5.624	0.066	0.096	0.209	0.089	0.814	0.225	0.582	0.619	0.113	0.162	0.28	0.128	0.027	0.015	0.048	0.106	0.152	0.04	0.218	0.138	0.25	0.597	0.042	0.891	0.241	9.775	0.078	0.326	0.194	0.092	0.22
ASV_118	-0.021	9.487	0.984826154167359	0.990688214608832	NotSig	0.056	0.063	0	0	0.872	0	0	0.003	0.014	0.002	0	0.02	0	0.049	0.019	0.024	0.02	0.012	0.023	0.12	0.031	0.124	0.014	0.035	0.031	0.034	0.008	0	0.005	0.006	0.192	0.003	0.055	0	0.237	0.006	0.004	0	0.006	0	0	0.48	0.021	0	0
ASV_34	0.003	12.262	0.997626384892358	0.997626384892358	NotSig	0.423	0.441	0.939	6.146	0.178	0.177	2.603	0.788	0.179	0.123	0.775	0.196	0.183	0.619	0.018	0.025	0.041	0.012	0.105	0.039	0.019	0.397	0.007	0.058	0.021	0.006	0.047	0.015	0.333	0.063	0.125	0.039	0.122	0.043	0.148	0.097	0.107	0.303	0.139	2.826	0.017	0.088	0.025	0.116	0.014
