ID	log2FC	log2CPM	PValue	FDR	level	MeanA	MeanB	HG00P003	HG00P010	HG00P011	HG00P012	HG00P014	HG00P021	HG00P022	HG00P023	HG00P024	HG00P025	HG00P026	HG00P028	HG00P046	HG00P047	HG00P048	HG00P050	HG00P051	HG00P055	HG00P056	HG00P058	HG00P059	HG00P061	HG00P063	HG00P064	HG00P066	HG00P071	HG00P072	HG00P073	HG00P074	HG00P075	HG00P077	HG00P078	HG00P082	DG00P016	DG00P017	DG00P049	DG00P054	DG00P060	DG00P076	DG00P081	DG00P083
ASV_57	-6.493	13.922	4.87275170888667e-09	8.23495038801847e-07	Depleted	0.06	3.376	0.017	0	0.003	0.002	0	0.002	0	0	0	0	0.002	0	0.024	0.041	0.936	0.001	0.011	0.003	0.038	0	0	0.006	0.002	0.011	0.03	0.036	0.031	0.011	0.575	0.014	0.019	0.066	0.101	0.046	0.037	0.018	0.001	0.046	0	0.141	26.721
ASV_142	7.802	14.051	0.00183404936682956	0.154977171497098	Enriched	0.717	0.007	1.715	0	0.002	0	0.001	0.008	0.603	20.704	0.22	0.031	0.008	0.033	0.016	0.012	0.007	0	0.034	0.012	0.029	0	0.004	0.002	0.091	0.074	0	0	0.02	0.008	0.014	0	0	0.005	0.025	0.002	0	0.026	0.019	0	0	0.009	0
ASV_55	-1.898	12.937	0.0037666736034173	0.159063853725563	Depleted	0.385	1.022	0.023	0.05	0.476	0.215	0.028	0.062	2.268	0.147	0.71	0.791	0.779	0.036	0.373	0.166	0.21	0.157	0.332	0.158	0.17	0.21	0.799	0.438	0.041	0.103	0.134	0.294	0.029	0.014	0.201	0.467	0.533	2.157	0.129	0.269	0.033	1.875	0.323	0.366	0.334	0.089	4.883
ASV_128	6.742	10.752	0.00384768718524637	0.159063853725563	Enriched	0.186	0.001	0	0	0	0	0	0.01	0	0.023	0	0.004	0.011	0.004	0.001	0	0.003	0	0	0	0	0.006	0.006	0.281	0	0.192	0.585	0.324	0.183	0.132	3.946	0	0.002	0.415	0	0	0	0.007	0	0.003	0	0	0
ASV_125	7.909	13.511	0.00743605571877925	0.159063853725563	Enriched	0.483	0.005	0.078	0.065	0.005	0	0.053	0.008	0.641	14.504	0.442	0.039	0.006	0	0	0	0	0.02	0.032	0.008	0	0.001	0.008	0	0	0.011	0	0	0	0	0	0	0	0	0.005	0.002	0.003	0	0	0.003	0	0.03	0
ASV_73	-1.889	11.832	0.0075323725115651	0.159063853725563	Depleted	0.196	0.954	0.29	0.017	0.011	0.07	0.028	0.146	0.002	0.013	0.004	0.002	0.002	0	0.031	0.047	0.156	0.075	0.327	0.108	0.173	0.07	0.057	0.738	0.014	1.026	0.104	0.476	0.137	0.072	0.058	0.169	0.473	0.989	0.574	0.292	0.177	0.546	0.15	0.571	5.721	0.007	0.166
ASV_89	2.957	12.405	0.00760341568597275	0.159063853725563	Enriched	0.451	0.071	0.075	3.913	0.196	2.638	0.063	0	0.038	0.03	1.412	0.254	0.01	0.004	0.125	0.031	0.026	4.252	0.259	0.019	0.066	0.064	0.017	0.035	0.036	0.144	0.228	0.159	0.062	0.035	0.04	0.028	0.316	0.113	0.192	0.003	0.059	0.029	0.032	0.069	0.145	0.204	0.032
ASV_100	-1.735	10.411	0.00834216016432811	0.159063853725563	Depleted	0.066	0.167	0.03	0.045	0.091	0.033	0.107	0.006	0.035	0.009	0.349	0.11	0.173	0.192	0.001	0.122	0.25	0.009	0.057	0.025	0.044	0.015	0.028	0.015	0.006	0.081	0.022	0.069	0.037	0.026	0.061	0.004	0.015	0.021	0.102	0.082	0.136	0.006	0.009	0.189	0.002	0.093	0.822
ASV_177	2.964	9.848	0.00982178139126148	0.159063853725563	Enriched	0.095	0.013	0.025	0.062	0.016	0.004	0.013	0	0.033	0.009	0.033	0.09	0.013	0.019	0.012	0.006	0.004	0.019	0.053	0.004	0.008	0	0.006	0.002	0	0.026	0.073	1.248	0.012	0.025	0.094	0.03	0.981	0.218	0	0.02	0.003	0.001	0	0.032	0.038	0.007	0.004
ASV_67	3.238	11.9	0.0101185647357544	0.159063853725563	Enriched	0.324	0.045	0	0.032	0.181	0	0.021	0.014	0.002	0	0.215	0.64	0.545	7.53	0.01	0.031	0.014	0.022	0.016	0.026	0.057	0.011	0.033	0.048	0.043	0.196	0.018	0.047	0.384	0.022	0.182	0.025	0.086	0.016	0.233	0.009	0.004	0.016	0.006	0.179	0.106	0.021	0.016
ASV_9	-1.636	14.48	0.0103532685856875	0.159063853725563	Depleted	1.223	2.606	0.388	0.794	4.614	2.154	0.677	0.282	0.452	0.365	0.937	1.349	0.381	0.38	1.614	0.543	0.907	0.112	0.821	0.043	0.173	3.937	1.043	0.813	0.774	0.963	0.165	0.928	0.476	1.195	0.898	0.256	0.37	1.566	9.977	0.762	1.209	0.136	0.455	0.47	1.356	1.375	15.086
ASV_135	2.786	10.015	0.0126806894194775	0.178586375990975	Enriched	0.111	0.018	0.005	0.185	0.285	0	0.161	0.086	0.017	0	0.002	0.002	0.003	0.008	0	0.004	0.084	0.049	0.398	0.008	0.009	0.003	0.001	0.017	0.002	0.321	0.071	0.44	0.025	0.094	1.283	0.065	0.01	0.028	0.008	0.048	0.023	0.01	0.001	0.011	0.049	0	0
ASV_51	2.16	12.283	0.0139015398449396	0.180720017984214	Enriched	0.428	0.11	2.72	0.173	0.281	0.015	0.17	2.843	0.447	0.032	0.477	0.325	0.432	2.133	0.037	0.181	0.047	0.056	0.094	0.054	0.05	0.066	0.054	0.058	2.24	0.155	0.148	0.185	0.103	0.035	0.196	0.043	0.036	0.058	0.169	0.065	0.266	0.038	0.045	0.098	0.159	0.122	0.086
ASV_120	3.628	11.889	0.0155010601771036	0.187119940709322	Enriched	0.314	0.025	0.308	0	0	0	0.061	0.031	0.005	0	0.082	0.376	0.329	7.957	0.002	0.001	0.133	0.012	0.023	0.004	0.02	0	0.01	0.006	0.015	0.022	0.016	0.078	0.023	0.551	0.023	0.172	0.033	0.01	0.053	0.002	0.004	0.001	0	0.094	0.004	0.036	0.06
ASV_86	2.617	10.796	0.0177045956848007	0.199471778048755	Enriched	0.15	0.027	0	0.02	0.04	0	0.015	0.056	0	0	0.002	0.08	0.118	1.087	0.171	0.286	0.035	0.426	0.538	0.333	0.059	0.117	0.011	0.031	0	0.233	0.609	0.024	0.135	0.006	0.299	0.114	0.004	0.06	0.038	0	0	0.026	0.045	0.05	0.028	0.046	0.019
ASV_159	-1.548	10.825	0.0198207831885476	0.20152873500605	NotSig	0.107	0.324	0.011	0.062	1.177	0.015	0.034	0.006	0.071	0.041	0.215	0.133	0.593	0.056	0.106	0.122	0.011	0.179	0.119	0.06	0.056	0.008	0.036	0.023	0.016	0.055	0.012	0.036	0.023	0.051	0.051	0.01	0.008	0.013	0.131	1.865	0.074	0.012	0.036	0.024	0.087	0.073	0.422
ASV_92	3.831	12.644	0.0220688814340732	0.20152873500605	NotSig	0.535	0.049	0.014	0.018	0.011	0	0	0.014	0	0	0	0	0	0	0.297	0.003	0.003	0.02	0.021	0.047	0.059	5.609	0.025	0.214	0.528	0.406	0.01	0.104	9.864	0.072	0.094	0.004	0.006	0.218	0.005	0	0.007	0.01	0.237	0.057	0.064	0.011	0.005
ASV_6	1.896	13.946	0.0225580787804372	0.20152873500605	NotSig	1.367	0.492	0.522	3.677	1.372	1.465	0.17	1.435	0.017	0.009	0.693	0.18	0.179	0.207	0.792	0.191	1.248	7.158	3.97	0.697	4.838	1.487	0.461	0.693	0.216	2.462	2.074	1.174	1.971	1.112	0.422	2.291	0.517	1.372	0.025	0.162	0.19	0.398	0.513	0.914	1.739	0.02	0.002
ASV_16	2.882	13.582	0.0226570767166565	0.20152873500605	NotSig	0.951	0.18	0.126	0.393	0.006	0.317	0.004	0.136	0.005	0.006	0.016	0.004	0.016	0.004	0.61	0.411	1.002	0.023	0.922	0.117	0.13	0.124	0.297	0.18	0	0.41	0.307	0.665	0.32	22.897	0.299	1.388	0.184	0.069	0.003	0.515	0.082	0.265	0.01	0.49	0.051	0.011	0.016
ASV_176	-1.998	10.677	0.0254042794986639	0.21466616176371	NotSig	0.063	0.199	0	0.064	0.003	0.004	0.005	0.006	0.038	0.271	0.007	0.176	0.181	0.104	0.105	0.017	0.003	0	0.005	0.018	0.03	0.004	0.053	0.017	0	0.066	0.008	0.007	0.031	0	0	0.011	0.029	0.02	0.787	0.114	0.003	0.011	0.011	0.012	0.009	0.166	1.265
ASV_50	2.834	12.826	0.0336060488743215	0.270448679036206	NotSig	0.642	0.136	0.118	0.008	0.045	0.002	0.003	0.066	0.009	0	0.004	0	0	0.015	0.03	0.001	0.016	0.233	1.998	0.08	0.143	0.175	0.02	0.358	0.898	1.229	0.197	0.497	13.819	0.13	0.509	0.077	0.107	0.387	0.005	0.024	0.06	0.02	0.146	0.04	0.795	0.005	0
ASV_97	-1.279	11.522	0.0370010622760665	0.284235432938874	NotSig	0.167	0.297	0.12	0.054	0.128	0.239	0.057	0.167	0.064	0.109	0.215	0.417	0.142	0.098	0.041	0.093	0.092	0.019	0.066	0.019	0.032	0.932	0.22	0.14	0.159	0.037	0.02	0.694	0.053	0.04	0.201	0.161	0.044	0.246	0.403	0.082	0.196	0.011	0.112	0.132	0.106	0.175	1.56
ASV_2	1.576	16.689	0.0388363157578001	0.285362494046444	NotSig	8.76	3.786	2.12	9.681	3.955	0.646	1.07	1.869	0.92	0.6	1.13	0.992	2.293	2.693	9.99	1.546	31.642	30.146	7.732	17.625	16.121	29.908	9.087	8.285	2.294	9.855	19.715	12.344	15.179	4.883	9.565	2.037	7.534	15.513	0.122	2.066	1.906	4.106	3.455	10.433	7.852	0.138	0.333
ASV_157	3.781	12.806	0.0426742840836767	0.30049808375589	NotSig	0.459	0.051	2.969	0.003	0.003	0.061	0.012	7.818	0.088	3.638	0.233	0.121	0.006	0.004	0.002	0.004	0.018	0.042	0.002	0.004	0	0	0.006	0.002	0.082	0	0.014	0.005	0	0	0.002	0.006	0	0.004	0	0.026	0.019	0	0	0.001	0.004	0.358	0
ASV_90	-1.425	11.629	0.0445798594835589	0.301359850108858	NotSig	0.175	0.351	0.09	0.289	0.147	0.05	0.131	0.031	0.797	0.053	0.437	0.765	0.825	0.155	0.116	0.012	0.009	0.032	0.027	0.025	0.077	0.052	0.155	0.078	0.001	0.074	0.004	0.121	0.031	0.032	0.118	0.12	0.036	0.109	0.774	0.284	0.049	0.049	0.031	0.015	0.017	0.742	1.621
ASV_126	-1.985	11.92	0.046842523854138	0.304476405051897	NotSig	0.196	0.764	0.064	1.24	0.035	0.052	0.021	0.006	0.17	0.066	2.675	0.857	0.259	0.038	0	0.001	0.011	0.026	0.046	0	0.008	0.004	0.003	0.006	0.042	0.52	0.006	0	0.004	0.003	0.003	0.001	0.029	0	0.258	0.258	0.243	0.001	0.01	0	0.013	5.529	0.056
ASV_99	2.061	11.441	0.0500418691185173	0.313225032630719	NotSig	0.242	0.074	3.768	0.039	0.072	0	0.274	0.345	0.083	0.019	0.004	1.079	0.03	0.048	0.002	0.004	0.044	0.014	0.046	0.019	0.045	0.027	0.024	0.576	0.445	0.646	0.097	0.019	0.027	0.024	0.018	0.041	0.002	0.01	0.101	0.223	0.136	0.053	0.006	0.019	0.085	0.068	0
ASV_31	1.526	12.033	0.0546394593693244	0.329788165479137	NotSig	0.308	0.123	0.245	0.441	0.596	0.028	0.865	0.777	0.74	0.976	0.364	0.215	0.848	0.311	0.049	0.657	0.081	0.017	0.114	0.051	0.045	0.049	0.067	0.091	0.116	0.218	0.016	0.154	0.092	0.03	0.06	0.061	0.056	0.065	1.668	0.136	0.201	0.035	0.05	0.042	0.187	0.082	0.252
ASV_209	1.857	11.088	0.0596589774639574	0.337388921553903	NotSig	0.168	0.059	0.209	0.074	0.135	0	0.038	0.021	0.343	0.534	0.033	0.178	0.162	2.449	0.053	0.016	0.058	0.014	0.078	0.044	0.09	0.014	0.013	0.005	0.038	0.007	0.004	0.715	0.033	0.008	0.072	0.056	0.046	0.01	0.003	0.003	0.094	0.023	0.247	0.047	0.043	0.004	0.014
ASV_140	-1.431	9.912	0.0598915245361958	0.337388921553903	NotSig	0.057	0.154	0.086	0	0.021	0	0.005	0.01	0.045	0.009	0.009	0.006	0.008	0.161	0.199	0.014	0.062	0.065	0.288	0.03	0.19	0.027	0.025	0.058	0.001	0.155	0.073	0.159	0.008	0.007	0.008	0.007	0.088	0.06	0	0.066	0.003	0.237	0.907	0.003	0.004	0.002	0.012
ASV_10	2.803	6.398	0.0654922984876817	0.340372963795877	NotSig	0.004	0	0.031	0.002	0	0.053	0	0	0.005	0	0.002	0	0.005	0	0	0	0	0	0.002	0.003	0	0	0	0	0	0.007	0	0	0	0.004	0.002	0	0.002	0.003	0	0	0	0	0	0	0	0.004	0
ASV_59	1.874	12.838	0.0655199418755003	0.340372963795877	NotSig	0.606	0.198	0.075	1.285	0.646	0.197	2.214	1.482	6.374	0.92	0.42	0.162	3.739	0.224	0.023	0.043	0.177	0.027	0.124	0.045	0.042	0.013	0.072	1.077	0.038	0.221	0.049	0.002	0.018	0.008	0.017	0.03	0.004	0.037	0.19	0.44	0.606	0.036	0.028	0.035	0.053	0.265	0.123
ASV_75	1.481	11.855	0.0664633597944612	0.340372963795877	NotSig	0.329	0.149	0.086	0.188	0.014	0.081	0.241	0.175	0.017	0.019	0.031	0.014	0.042	0.027	0.014	0.082	0.118	0.063	0.275	0.026	0.28	0.168	0.13	1.057	0.314	0.808	0.288	0.921	2.687	0.745	0.63	0.074	1.077	0.148	0.01	0.352	0.14	0.065	0.126	0.104	0.368	0.005	0.028
ASV_103	1.165	9.696	0.0710388443197778	0.353028573819041	NotSig	0.07	0.034	0.05	0.138	0.24	0.009	0.148	0.062	0.154	0.034	0.071	0.043	0.067	0.192	0.08	0.012	0.014	0.029	0.046	0.003	0.015	0.031	0.032	0.194	0.019	0.052	0.045	0.199	0.014	0.012	0.101	0.085	0.004	0.038	0.094	0.017	0.007	0.019	0.025	0.012	0.132	0.018	0.042
ASV_870	-1.315	10.425	0.0739674490116128	0.353028573819041	NotSig	0.076	0.211	0.012	0.003	0.019	0.024	0.007	0.062	0.017	0.004	0.002	0.104	0.112	0.01	0.591	0.07	0.061	0.143	0.291	0.121	0.131	0.029	0.085	0.086	0.007	0.066	0.002	0.014	0	0.019	0.025	0.039	0.027	0.07	0.241	0.017	0.001	0.288	1.284	0.009	0.028	0.034	0.026
ASV_4	-1.302	15.644	0.0752013530028726	0.353028573819041	NotSig	2.802	7.544	0.604	0.413	0.361	1.362	0.284	1.118	0.237	0.073	0.1	0.669	0.133	0.217	6.078	2.202	1.589	4.607	7.961	26.381	4.176	2.742	1.006	1.428	0.382	1.591	1.028	5.628	0.373	1.186	1.775	6.486	4.779	4.69	0.823	2.363	0.195	36.098	15.593	0.368	5.175	0.045	0.515
ASV_22	1.927	13.817	0.0794525078813523	0.362904698160771	NotSig	1.191	0.328	0.05	0.176	0.229	2.533	0.152	0.068	0.002	0	0	0.133	0.612	0.073	22.807	0.995	0.298	0.552	0.165	0.831	0.78	0.368	0.061	0.109	0.068	0.358	0.104	1.181	0.066	0.283	0.095	0.096	0.278	0.171	5.607	0.07	0.008	0.658	0.462	0.051	0.115	1.044	0.219
ASV_30	1.66	12.626	0.0923450686896797	0.401638271308173	NotSig	0.567	0.204	0.117	0.265	0.104	0.057	0.102	0.65	0.005	0.002	0.011	0	0.003	0	1.055	0.014	0.081	0.098	0.668	0.07	0.978	0.034	0.032	0.338	0.835	2.1	0.943	0.239	4.377	1.069	1.226	0.134	1.993	1.087	0.036	0.058	0.218	0.295	0.082	0.728	0.23	0.007	0.012
ASV_20	1.591	12.787	0.0926857549172707	0.401638271308173	NotSig	0.607	0.241	0.121	0.74	0.077	0.006	0.028	0.251	0.035	0.023	0.007	0.01	0.003	0	4.3	0.131	0.207	0.931	0.357	0.167	4.319	0.418	0.297	0.123	0.318	0.72	1.43	0.225	1.428	1.157	0.169	0.098	1.176	0.745	0.012	0.056	0.012	0.13	0.428	0.929	0.264	0.086	0.025
ASV_71	1.759	10.993	0.0954623257810447	0.40308923505389	NotSig	0.176	0.06	0.055	0.03	1.63	2.544	0.04	0.006	0.017	0	0.042	0.049	0.003	0	0.006	0.246	0.016	0.085	0.032	0.012	0.011	0.01	0.011	0.057	0.423	0.074	0.014	0.024	0.01	0.025	0.005	0.034	0.038	0.017	0.255	0	0.038	0.022	0.202	0.055	0.081	0.073	0.009
ASV_113	-1.294	12.814	0.0997602253489981	0.40308923505389	NotSig	0.377	0.794	0.126	0.067	0.071	4.597	0.113	0.15	0.069	0.09	0.313	0.701	0.457	0.487	0.04	0.061	0.791	0.006	0.073	0.01	0.071	0.208	0.197	0.095	0.938	0.125	0.01	0.192	0.033	0.012	0.028	0.056	0.017	0.032	2.192	0.719	0.269	0.012	0.173	0.214	0.234	1.351	3.377
ASV_66	2.357	11.032	0.100846805193318	0.40308923505389	NotSig	0.176	0.029	0.002	0.354	0.943	0	0.303	3.41	0.002	0	0.002	0.002	0.002	0.025	0.008	0.013	0.414	0.003	0.041	0.016	0.017	0.004	0.068	0	0.003	0.022	0.047	0.002	0	0	0.006	0	0	0.012	0.084	0	0.059	0.007	0.005	0.011	0	0.061	0.094
ASV_114	-1.361	10.555	0.102561166315487	0.40308923505389	NotSig	0.075	0.252	0.006	0.017	0.072	0.035	0.988	0.06	0.18	0.051	0.004	0.004	0.01	0.065	0.011	0.016	0.001	0.063	0.059	0.001	0.002	0.004	0.031	0.015	0.64	0.022	0.014	0.019	0.01	0.019	0.017	0.006	0.008	0.022	0.015	0.102	1.087	0.004	0	0.008	0.074	0.728	0.011
ASV_138	2.064	13.309	0.10626599669064	0.408158032743596	NotSig	0.68	0.256	0.352	0.074	0.085	0.002	0.379	0.199	0.111	1.599	0.069	0	0.061	0.069	0.002	0	0.009	0.001	0.039	0.038	0.03	0.031	0.004	0.018	0.027	0.041	0.077	0.4	0.035	2.725	0.204	14.66	0.339	0.664	0.079	0.01	0.046	0.004	1.517	0.008	0.34	0.111	0.011
ASV_42	1.184	11.829	0.110437303338729	0.41475342809434	NotSig	0.337	0.16	0.017	0.406	1.141	0.858	0.113	0.127	0.4	0.041	0.147	0.065	0.083	0.088	0.456	0.036	0.072	0.56	1.368	0.06	0.42	0.024	0.042	0.158	0.236	0.351	0.158	1.226	0.515	0.144	0.256	0.15	1.203	0.189	0.007	0.029	0.007	0.053	0.307	0.036	0.678	0.002	0.166
ASV_32	-1.139	13.434	0.123819489565604	0.450246904218234	NotSig	0.671	2.045	0.162	2.552	0.261	0.508	0.108	0.058	0.135	0.068	0.118	0.153	0.606	0.059	0.591	0.03	0.034	3.182	0.352	0.284	0.131	0.635	0.07	0.209	1.989	0.923	5.527	0.949	0.06	0.283	0.46	0.803	0.617	0.228	0.005	10.183	0.139	0.06	3.125	0.104	2.598	0.145	0.009
ASV_122	1.586	10.494	0.125664996082679	0.450246904218234	NotSig	0.113	0.047	0.016	0.003	0	0.313	0.038	0.021	0.944	0.111	0.397	1.11	0.144	0.159	0.052	0.016	0.003	0.009	0.009	0.003	0.02	0.004	0.017	0	0.015	0.018	0	0.085	0.014	0.021	0.026	0.021	0.094	0.004	0.03	0.216	0.016	0.07	0.019	0.018	0	0.023	0.016
ASV_106	2.029	10.43	0.132207680290083	0.450246904218234	NotSig	0.136	0.029	0	0.18	0.297	0	0.131	0.029	0.012	0.011	0.036	0	0	0	0.005	0.003	0.006	0	0	0.056	0.017	0.014	0.006	0.008	3.243	0.055	0.006	0.017	0.004	0	0.115	0.015	0.002	0.007	0.21	0	0.001	0.01	0.003	0.088	0	0.107	0.025
ASV_166	1.971	8.768	0.133168932180945	0.450246904218234	NotSig	0.038	0.011	0	0.042	0.027	0	0	0.016	0.002	0	0.007	0	0	0	0.004	0.006	0.024	0	0.002	0.004	0.012	0.006	0	0	0	0.299	0.201	0.057	0.006	0.213	0.014	0.116	0.157	0.028	0	0.002	0	0.001	0.046	0.009	0.032	0	0
ASV_98	-1.743	8.495	0.135138594943934	0.450246904218234	NotSig	0.018	0.053	0.006	0	0	0	0	0	0	0	0	0.004	0.093	0.019	0	0	0	0	0	0	0	0	0	0.003	0	0.044	0.136	0.04	0.004	0.015	0.106	0.026	0.019	0.039	0.025	0.145	0.106	0	0	0	0.004	0.043	0.125
ASV_183	2.657	9.001	0.138442017820909	0.450246904218234	NotSig	0.037	0.008	0	0.003	0.019	0	0	0.191	0	0	0.036	0.008	0.003	0.002	0.045	0.021	0	0.069	0.069	0.576	0.102	0.057	0.024	0.008	0	0	0	0	0	0	0	0	0	0	0	0	0	0	0.055	0.005	0	0	0
ASV_101	2.737	8.847	0.139015556342594	0.450246904218234	NotSig	0.036	0.006	0	0.002	0	0	0	0.52	0.031	0	0.002	0.008	0.003	0.006	0	0	0	0.001	0.011	0.003	0.005	0	0	0.002	0	0	0.189	0	0	0	0.052	0.001	0	0.34	0	0	0	0.001	0.046	0	0.004	0	0
ASV_136	1.845	10.319	0.143632996124714	0.450246904218234	NotSig	0.1	0.036	0	0	0	0	0	2.243	0.007	0.006	0.009	0.01	0.002	0	0.229	0.005	0.018	0.017	0.016	0.037	0.003	0.004	0.003	0.006	0.031	0.037	0.032	0.017	0.018	0.008	0.48	0.001	0.033	0.005	0.012	0.177	0.033	0.013	0.006	0.004	0	0.029	0.023
ASV_158	2.217	10.46	0.145787633071958	0.450246904218234	NotSig	0.127	0.028	0	0.086	1.013	0	0.055	0.008	0.721	0.192	0.133	0	0.896	0	0	0.003	0	0	0	0.007	0.02	0.007	0	0.003	0	0.085	0.024	0.002	0.02	0	0.02	0.001	0	0	0.903	0.124	0	0.022	0.004	0	0.009	0.034	0.034
ASV_137	1.298	9.443	0.149175835103643	0.450246904218234	NotSig	0.041	0.026	0.008	0.002	0.01	0.002	0.008	0.07	0.092	0.299	0.06	0.031	0.125	0.071	0.019	0.01	0.014	0.108	0.055	0.204	0.014	0.013	0.004	0.012	0.049	0.018	0.024	0.019	0	0.001	0.002	0.011	0.006	0.003	0.002	0.044	0.06	0.047	0.01	0.007	0.03	0.002	0.009
ASV_311	1.094	10.622	0.149194240451013	0.450246904218234	NotSig	0.125	0.071	0.023	0.018	0.018	0.018	0.008	0.08	0.005	0.006	0.002	0.012	0.026	0.006	0.241	0.025	0.306	0.575	0.247	0.062	0.122	0.439	0.099	0.274	0.111	0.129	0.353	0.223	0.254	0.03	0.112	0.05	0.056	0.169	0.012	0.046	0.045	0.035	0.065	0.277	0.07	0.005	0.025
ASV_210	1.241	9.743	0.153143660043789	0.454057518375445	NotSig	0.058	0.025	0.005	0.015	0.018	0.002	0.013	0.041	0.168	0.314	0.022	0.022	0.211	0.059	0.068	0.008	0.01	0.174	0.142	0.01	0.009	0.024	0.01	0.005	0.223	0.107	0.022	0.054	0.002	0.001	0.044	0.006	0.006	0.003	0.102	0.005	0.011	0.013	0.006	0.016	0.004	0.077	0.067
ASV_56	-1.119	11.628	0.157464683881208	0.458819509929728	NotSig	0.173	0.34	0.221	0.191	0.467	0.013	2.065	0.89	0.277	0.049	0.049	0.17	0.021	0.019	0.007	0.039	0.04	0.036	0.078	0.007	0.023	0.024	0.026	0.269	0.007	0.114	0.016	0.073	0.008	0.011	0.002	0.018	0.079	0.044	0.36	0.068	0.037	0.041	0.113	0.023	0.904	0.082	1.452
ASV_111	1.593	12.664	0.173730216219617	0.497634009171446	NotSig	0.487	0.189	0.023	0.116	0.117	0.055	0.078	0.039	0.009	0.004	0	0.025	0.07	0.006	4.438	0.308	0.133	0.251	0.259	8.841	0.462	0.085	0.052	0.387	0.002	0.059	0.002	0.04	0.006	0.006	0.023	0.014	0.002	0.017	0.147	0.017	0.014	0.786	0.492	0.128	0.04	0.027	0.009
ASV_35	1.266	12.539	0.179601171086914	0.499002739377237	NotSig	0.531	0.273	4.146	0.175	0.385	0.041	1.504	0.01	0.532	0.049	1.079	0.043	0.115	0.286	0.052	0.008	0.043	0.066	0.053	0.056	0.003	0.077	0.125	5.586	0	0.461	0.055	0.689	0.041	0.004	0.035	0.043	1.006	0.102	0.638	0.585	0.329	0.078	0.059	0.1	0.778	0.175	0.081
ASV_134	1.176	10.861	0.182067245961418	0.499002739377237	NotSig	0.133	0.073	0.042	0.034	0.034	0.006	0.03	0.039	0.005	0	0.002	0.012	0.043	0.015	0.13	1.782	0.101	0.05	0.268	0.088	0.045	0.043	0.671	0.06	0.014	0.037	0.045	0.047	0.01	0.197	0.106	0.028	0.144	0.242	0.036	0.031	0.034	0.062	0.197	0.17	0.032	0.002	0.055
ASV_154	-0.809	10.58	0.185210566721448	0.499002739377237	NotSig	0.094	0.132	0.12	0.079	0.12	0.007	0.047	0.01	0.009	0.021	0.075	0.049	0.058	0.027	0.1	0.489	0.034	0.151	0.213	0.152	0.087	0.092	0.102	0.043	0.052	0.125	0.185	0.062	0.02	0.163	0.273	0.021	0.004	0.041	0.061	0.046	0.071	0.171	0.079	0.093	0.051	0.009	0.538
ASV_143	1.262	11.087	0.186018772667254	0.499002739377237	NotSig	0.17	0.081	0.142	0.02	0.098	0.002	0.053	0.099	0.005	0.004	0.002	0.027	0.002	0	0.034	0.053	0.119	0.019	0.087	0.21	0.282	0.008	0.007	0.015	0.001	0.033	0.014	0.89	0.053	0.479	0.09	1.95	0.466	0.321	0.036	0.024	0.052	0.217	0.164	0.086	0.074	0.004	0.026
ASV_14	-1.035	14.236	0.196701155080933	0.519243024768245	NotSig	1.05	2.364	3.026	0.641	0.317	1.368	5.361	1.155	1.164	1.179	0.864	6.643	5.122	3.698	0.072	0.105	0.145	0.062	0.217	0.01	0.072	0.186	0.374	0.682	0.289	0.107	0.004	0.357	0.105	0.1	0.12	0.123	0.033	0.037	0.904	1.086	4.774	0.043	0.248	0.166	0.353	8.593	3.647
ASV_117	1.019	9.28	0.202512663497466	0.519243024768245	NotSig	0.051	0.024	0.033	0.203	0.136	0.015	0.127	0.037	0.009	0.002	0.007	0.016	0.013	0.006	0.048	0.018	0.15	0.079	0.096	0.037	0.021	0.003	0.001	0	0.131	0.03	0.114	0.201	0.006	0.087	0.017	0	0	0.024	0.02	0.029	0.022	0.02	0.028	0.004	0.002	0.057	0.028
ASV_152	0.87	11.272	0.202781299613634	0.519243024768245	NotSig	0.2	0.127	0.014	0.456	0.603	0.177	0.022	0.039	0.052	0.004	0.224	0.166	0.051	0.019	0.447	0.185	0.118	1.209	0.467	0.257	0.121	0.161	0.385	0.152	0.142	0.406	0.097	0.05	0.123	0.04	0.021	0.023	0.215	0.088	0.078	0.112	0.086	0.108	0.369	0.228	0.07	0.014	0.026
ASV_44	0.985	12.413	0.218570879415109	0.551320576435127	NotSig	0.523	0.301	0.701	0.975	0.117	0.077	0.239	0.006	0.071	0.038	0.071	0.1	0.082	0.008	0.258	0.065	0.14	2.388	0.483	0.084	0.172	1.045	0.127	0.103	0.089	5.33	0.357	1.965	0.273	0.143	0.777	0.058	0.753	0.113	0.038	1.685	0.072	0.036	0.088	0.108	0.121	0.282	0.019
ASV_15	-0.965	13.988	0.229122835413609	0.563311403328026	NotSig	0.942	1.819	0.318	0.315	0.248	0.852	2.199	1.141	5.774	1.236	1.13	3.711	5.997	2.61	0.046	0.018	0.574	0.009	0.103	0.011	0.065	0.144	0.262	1.821	0.528	0.188	0.022	0.052	0.084	0.091	0.156	0.032	0.063	0.073	1.207	1.175	1.945	0.047	0.208	0.194	0.451	6.633	3.897
ASV_148	-1.755	10.036	0.229991046329194	0.563311403328026	NotSig	0.065	0.113	0	0.002	0.003	0	0.001	0	0	0.002	0	0	0	0	0	0	0	0	0	0	0	0	0	0.002	0.002	0.576	0.311	0.668	0	0	0.003	0.235	0.013	0	0.331	0.002	0.003	0.017	0	0	0.004	0.15	0.729
ASV_47	-1.108	12.112	0.242419163591201	0.582411158271932	NotSig	0.266	0.613	0.022	0.01	0.035	0.16	0	0.031	0	0.002	0.013	0	0	0.002	0.292	0.216	0.201	0.197	0.572	0.272	0.277	0.084	0.691	0.496	0.015	0.727	2.098	0.137	0.045	0.051	0.087	1.781	0.134	0.129	0	0.005	0.005	2.749	0.553	0.917	0.672	0.002	0
ASV_72	0.878	10.916	0.256956678018039	0.582411158271932	NotSig	0.15	0.07	0.069	0.037	0.366	0.033	0.024	0.023	0.409	0.162	0.331	0.337	0.016	0.029	0.013	0.437	0.149	0.071	0.048	0.07	0.033	0.003	0.003	0.006	0.022	0.181	0.863	0.149	0.051	0.27	0.348	0.132	0.05	0.138	0.079	0.022	0.02	0.233	0.046	0.004	0.03	0.014	0.189
ASV_144	1.142	10.783	0.257942160704946	0.582411158271932	NotSig	0.145	0.08	0.033	0.003	0.005	0.039	0	0.109	0.009	0.03	0.049	0.002	0	0.008	0.019	0.083	0.041	0.328	0.419	0.203	0.102	0.056	2.14	0.152	0.106	0.004	0.002	0.009	0.01	0.104	0.006	0.01	0.661	0.02	0.008	0.158	0.003	0.067	0.225	0.12	0.068	0.002	0
ASV_83	1.057	11.669	0.259845559587455	0.582411158271932	NotSig	0.283	0.195	0.196	0.022	0.083	0.018	0.054	0.22	0.028	0.011	0.007	0.053	0.002	0	1.159	0.048	0.183	0.059	0.27	0.008	0.163	0.024	1.623	0.101	0.005	0.609	0.144	1.023	0.033	0.597	0.242	0.432	0.119	1.803	0.002	0.476	0.053	0.032	0.028	0.067	0.899	0	0.002
ASV_91	1.378	10.942	0.260899344549356	0.582411158271932	NotSig	0.133	0.089	0.062	0.034	0.042	0.004	0.088	0	0.002	0.002	0	0.08	0.016	0.01	0	0	0.006	0.001	0.043	0.051	0.014	0.006	0.01	0.012	0	0.007	0.006	0.012	0.008	0.003	0.005	3.474	0.266	0.119	0.013	0.002	0.029	0.029	0.108	0.046	0.476	0.009	0.014
ASV_189	0.605	10.931	0.261213977315977	0.582411158271932	NotSig	0.147	0.123	0.153	0.072	0.119	0.096	0.315	0.144	0.272	0.092	0.062	0.209	0.216	0.067	0.116	0.087	0.257	0.039	0.172	0.182	0.121	0.053	0.145	0.237	0.025	0.148	0.106	0.178	0.082	0.414	0.155	0.125	0.188	0.173	0.021	0.17	0.157	0.204	0.071	0.128	0.223	0.016	0.012
ASV_43	0.806	12.871	0.263731151531581	0.582411158271932	NotSig	0.571	0.371	0.16	0.092	0.349	1.011	0.113	0.117	0.08	0.075	0.109	0.092	0.11	0.107	0.491	0.701	4.42	1.083	2.016	1.755	0.828	0.319	0.747	0.28	0.092	0.698	0.583	0.291	0.14	0.373	0.143	0.288	0.774	0.251	0.157	0.427	0.198	1.094	0.387	0.246	0.404	0.005	0.21
ASV_156	1.471	6.781	0.268798067848075	0.582411158271932	NotSig	0.005	0.002	0	0	0	0.002	0	0.008	0	0	0	0	0.002	0	0.002	0.003	0	0.069	0.007	0.007	0	0.001	0.052	0.003	0	0	0	0.005	0	0.006	0	0	0.002	0.001	0	0	0.001	0.001	0.014	0.001	0	0	0
ASV_5	-0.758	14.958	0.268805149971661	0.582411158271932	NotSig	2.155	4.064	0.956	1.195	1.196	0.836	0.214	2.062	0.114	0.036	0.222	0.078	0.216	0.186	0.436	6.234	1.11	0.484	3.3	0.339	1.686	4.548	7.08	5.547	1.29	1.406	0.532	1.513	1.692	1.187	9.542	0.991	1.822	12.754	0.299	1.046	1.108	9.001	4.934	11.763	4.339	0.116	0.208
ASV_60	0.855	10.891	0.274919899260549	0.588119784494086	NotSig	0.162	0.089	0.981	0.069	0.216	0.02	0.109	0.047	0.419	0.023	0.029	0.004	0.325	0.178	0.013	0.064	0.009	0.248	0.181	0.045	0.021	0.001	0.098	0.017	0.115	0.262	0.106	0.585	0.209	0.022	0.359	0	0.006	0.041	0.521	0.105	0.176	0.03	0.003	0.117	0.026	0.161	0.094
ASV_116	1.071	11.704	0.279790723416567	0.591057903217498	NotSig	0.289	0.19	0.034	0.025	0.101	0.013	0.037	0.152	0.009	0	0.004	0.002	0.005	0.006	0.019	1.611	0.044	0.004	0.265	0.069	0.074	0.06	2.282	0.129	0.014	0.421	0.14	1.359	0.146	0.194	1.683	0.423	0.123	0.099	0.003	0.418	0.106	0.099	0.038	0.063	0.795	0	0
ASV_53	0.921	10.297	0.291657048812245	0.596371127183324	NotSig	0.099	0.057	0.765	0.099	0.042	0	0.036	0.004	0.88	0.137	0.246	0.084	0.163	0.086	0.004	0.004	0.085	0.012	0.059	0.007	0.032	0.001	0.004	0.026	0.16	0	0.014	0.064	0.004	0.053	0.12	0.017	0.015	0.027	0.018	0.022	0.063	0.022	0.251	0.02	0.011	0.038	0.034
ASV_33	0.962	12.973	0.294170670667711	0.596371127183324	NotSig	0.632	0.373	0.196	0.225	0.305	0.048	0.016	0.508	0.116	0.111	0.153	0.002	0.008	0.144	0.286	0.157	0.162	0.653	0.572	3.736	0.283	0.342	0.084	0.49	0.762	1.602	0.075	0.268	2.849	0.475	0.21	1.563	0.282	4.171	0	0.398	0.014	1.283	0.918	0.07	0.3	0.004	0
ASV_881	-0.835	11.083	0.294372147092782	0.596371127183324	NotSig	0.14	0.305	0.039	0.002	0.095	0	0.025	0.078	0.005	0.002	0	0.072	0.006	0	0.147	0.095	0.105	0.03	0.304	0.088	0.098	0.05	0.36	0.125	0.003	0.321	0.136	0.277	0.066	0.906	0.126	0.238	0.496	0.315	0.017	0.024	0.005	0.032	1.69	0.058	0.593	0.013	0.021
ASV_54	0.896	12.651	0.296421151972777	0.596371127183324	NotSig	0.498	0.302	1.899	0.134	0.106	0.022	0.302	0.925	0.892	1.3	0.169	0.738	0.273	0.702	0.318	0.013	0.02	0.238	0.194	0.026	0.193	0.077	0.155	5.722	0.711	0.129	0.154	0.002	0.016	0.15	0.021	0.019	0.328	0.102	0.37	0.117	0.941	0.078	0.006	0.113	0.627	0.064	0.469
ASV_13	-0.682	13.496	0.309454246459158	0.607143784889299	NotSig	0.769	1.176	0.167	2.274	1.05	1.042	0.214	0.123	2.157	0.694	1.614	1.415	3.875	0.524	1.701	0.07	0.045	0.689	1.359	0.075	0.2	0.581	0.382	0.955	0.003	0.34	0.087	0.343	0.199	0.217	0.452	0.121	0.259	0.247	1.901	3.142	0.296	0.146	0.182	0.11	0.651	2.143	2.735
ASV_61	1.042	10.976	0.31212251180717	0.607143784889299	NotSig	0.175	0.121	0.006	0.438	0.476	0	0.26	0.206	0.009	0.006	0.007	0	0.006	0.006	0.057	0.004	0.021	0.121	0.757	0.027	0.078	0.05	0.237	0.028	0	0.218	0.006	0.071	0.341	0.607	0.029	0.059	1.473	0.157	0	0.009	0.031	0.076	0.051	0.005	0.795	0	0
ASV_93	0.928	12.041	0.316827730478953	0.607143784889299	NotSig	0.331	0.22	0.019	0.2	0.091	0.066	0.013	0.078	0.002	0	0.002	0.004	0.019	0.006	0.118	0.149	0.088	0.17	0.293	3.777	0.331	0.151	0.269	0.604	0.03	0.292	1.993	0.215	0.1	0.222	0.621	0.162	0.293	0.53	0.007	0.282	0.161	0.457	0.176	0.275	0.408	0.002	0
ASV_109	-0.779	9.417	0.320273778842989	0.607143784889299	NotSig	0.048	0.075	0.009	0.022	0.59	0.009	0.026	0.014	0.005	0.021	0.073	0.114	0.11	0.186	0.004	0.001	0.001	0.001	0.009	0	0.006	0.081	0.024	0.009	0.003	0.018	0.002	0.033	0.029	0.004	0.095	0.041	0.002	0.011	0.041	0.01	0.012	0.001	0.019	0.018	0.015	0.495	0.03
ASV_64	1.647	8.487	0.324399831266237	0.607143784889299	NotSig	0.025	0.011	0.005	0.06	0	0.453	0.001	0.033	0.002	0.002	0.004	0	0	0	0.002	0.005	0.001	0.001	0.002	0	0	0	0	0	0	0.026	0.209	0	0	0	0.006	0	0	0.015	0	0.051	0.041	0	0	0	0	0	0
ASV_96	1.511	8.725	0.33224945157481	0.607143784889299	NotSig	0.036	0.013	0.003	0.002	0.005	0	0.003	0	0.005	0	0	0	0.005	0	0	0.143	0	0.095	0.547	0.085	0	0	0.001	0.002	0.003	0.162	0	0	0.098	0	0	0.001	0	0	0.043	0	0.004	0.001	0	0.051	0	0.046	0
ASV_70	-0.78	11.341	0.332370114893866	0.607143784889299	NotSig	0.165	0.361	0.045	0.003	0.019	0.99	0.018	0.021	0.024	0	0.002	0.327	0.008	0.015	0.008	0.017	0.052	0.029	0.108	0.007	0.134	0.046	0.022	0.215	0.01	0.786	0.102	0.078	0.199	0.078	0.063	0.836	0.561	0.618	0.002	0.519	0.011	0.174	1.332	0.04	0.621	0.188	0.004
ASV_123	-0.768	10.378	0.337112152828741	0.607143784889299	NotSig	0.089	0.191	0.095	0.012	0.011	0.239	0.001	0.002	0.024	0.006	0.018	0.008	0.037	0	0.014	0.01	0.037	0.009	0.041	0.004	0.015	0.053	0.046	0.071	0.87	0.015	0.063	0.128	0.027	0.035	0.061	0.055	0.812	0.101	0.002	0.241	0.656	0.014	0.191	0.059	0.368	0	0.002
ASV_151	0.911	10.314	0.338157359851977	0.607143784889299	NotSig	0.103	0.065	0.025	0.101	0.053	0	0.018	0.111	0.005	0	0.002	0.022	0.008	0.015	0.013	0.874	0.05	0.004	0.199	0.016	0.018	0.017	0.523	0.341	0.005	0.177	0.032	0.201	0.029	0.012	0.365	0.008	0.021	0.123	0.002	0.007	0.001	0.043	0.019	0.404	0.047	0.002	0
ASV_95	0.928	10.74	0.339261506961481	0.607143784889299	NotSig	0.128	0.084	0.036	0.015	0.002	0.015	0	0.033	0.026	0.013	0.004	0	0	0	0.363	0.119	0.088	0.071	0.204	0.963	0.096	0.321	0.064	0.092	0.007	0.159	0.609	0.062	0.379	0.409	0.049	0.003	0.025	0.009	0.002	0.005	0.104	0.091	0.302	0.096	0.072	0.002	0.004
ASV_18	0.961	13.323	0.346253469980502	0.607143784889299	NotSig	0.903	0.525	10.307	0.252	0.566	0.006	0.706	0.051	1.133	0.023	0.078	0.141	0.104	0.234	0.033	0.054	0.018	0.045	0.055	0.019	0.051	0.034	0.026	0.051	14.395	0.048	0.063	0.317	0.06	0.014	0.388	0.285	0.019	0.121	0.114	0.262	2.828	0.02	0.234	0.458	0.232	0.066	0.104
ASV_203	0.8	10.033	0.34645251284816	0.607143784889299	NotSig	0.083	0.054	0.5	0.079	0.151	0	0.106	0.672	0.076	0.004	0.004	0.016	0.034	0.153	0.005	0.014	0.018	0.016	0.039	0.011	0.018	0.004	0.035	0.014	0.514	0.022	0.01	0.033	0.049	0.017	0.061	0.003	0.015	0.009	0.023	0.041	0.218	0.006	0.018	0.026	0.002	0.107	0.014
ASV_207	1.198	10.801	0.348478977125811	0.607143784889299	NotSig	0.132	0.044	0	0.005	0	0.002	0.001	0	0.158	0.062	0.062	2.781	0.755	0.107	0.048	0.004	0.006	0.001	0.009	0.001	0.056	0.003	0.003	0.006	0	0.007	0	0.005	0.01	0.036	0.081	0.001	0.004	0.004	0.126	0.007	0	0.001	0.05	0.004	0.002	0.046	0.245
ASV_1	0.629	16.626	0.362215179755631	0.624636381415322	NotSig	7.906	6.578	1.006	7.501	9.457	7.031	1.644	3.9	0.984	0.506	1.412	1.779	1.259	0.623	17.091	32.834	21.85	4.018	12.816	7.9	27.951	9.092	6.758	7.807	5.093	5.662	3.624	9.593	13.65	5.803	2.077	2.224	23.263	4.207	0.501	11.728	3.268	4.317	7.836	18.938	6.157	0.17	0.213
ASV_48	0.857	13.344	0.366769799564317	0.62610198107444	NotSig	0.896	0.524	0.093	0.141	0.157	0.151	0.03	0.162	0.064	0.041	0.029	0.01	0.013	0.159	0.346	0.451	2.012	0.048	1.817	0.785	0.22	0.249	18.936	0.53	0.024	0.173	0.209	0.208	0.072	0.018	2.053	0.085	0.128	0.104	0.048	0.612	0.424	1.488	0.116	1.31	0.187	0.021	0.034
ASV_115	0.763	11.049	0.37095773829304	0.626918577715238	NotSig	0.171	0.118	0.012	0.003	0.046	0.053	0.004	0.049	0.026	0.019	0.007	0.002	0.003	0.063	0.027	0.605	0.079	0.068	0.485	0.07	0.276	0.116	0.079	0.112	0.034	0.502	0.447	0.215	0.01	0.001	0.406	0.757	0.257	0.778	0.015	0.014	0.008	0.072	0.327	0.448	0.064	0.009	0.002
ASV_3	0.702	14.988	0.377964486606862	0.628145116953164	NotSig	2.513	2.177	2.402	1.477	1.778	0.199	1.207	2.685	2.003	1.719	1.78	0.376	0.342	0.232	0.172	0.054	1.026	0.084	0.288	0.096	1.014	0.661	0.173	1.981	5.222	3.108	0.81	3.419	1.028	15.157	7.906	13.271	9.538	1.648	0.063	4.475	0.817	0.413	4.48	0.326	6.489	0.07	0.349
ASV_169	0.819	10.389	0.379117171178833	0.628145116953164	NotSig	0.123	0.072	0.025	2.188	0.146	0.002	0.071	0.006	0.014	0.015	0.02	0	0.002	0.006	0.022	0.073	0.026	0.007	0.137	0.011	0.009	0.11	0.039	0.158	0.23	0.037	0.01	0.026	0.02	0.054	0.026	0.383	0.119	0.055	0	0.012	0.001	0.063	0.362	0.011	0.123	0.004	0.002
ASV_78	0.762	12.053	0.383903948919874	0.629900654052996	NotSig	0.355	0.245	0.055	0.683	1.743	2.513	0.078	0.043	0.014	0.009	0.011	0.067	0.006	0.008	0.203	0.036	0.03	1.593	0.462	0.059	0.09	0.075	0.077	0.636	0.86	0.192	0.234	0.985	0.742	0.053	0.069	0.014	0.013	0.031	0.017	0.053	0.953	0.085	0.582	0.11	0.166	0.007	0.004
ASV_105	0.923	8.531	0.392501018433306	0.634055208071715	NotSig	0.032	0.019	0	0.064	0.25	0	0.03	0	0	0	0.002	0.018	0.002	0.023	0.002	0	0.009	0.017	0	0.004	0.011	0.001	0	0.009	0.296	0.018	0.118	0.04	0.059	0.007	0.034	0.018	0	0.003	0.02	0	0	0	0.014	0.001	0.106	0.014	0.014
ASV_36	0.727	13.057	0.393939626316746	0.634055208071715	NotSig	0.675	0.496	0.131	0.305	0.612	2.169	0.033	0.339	0.007	0.002	0.018	0.123	0.01	0.019	0.118	3.62	0.629	0.053	1.76	0.261	0.346	0.242	4.744	0.261	0.068	0.701	0.341	0.528	0.338	0.075	1.571	0.89	0.19	1.654	0.112	0.15	0.139	0.598	0.164	2.237	0.606	0.004	0.069
ASV_85	0.551	11.121	0.401444653254966	0.640039116981975	NotSig	0.172	0.146	0.223	0.26	0.832	0.55	0.24	0.064	0.043	0.032	0.186	0.147	0.174	0.134	0.244	0.631	0.394	0.141	0.114	0.074	0.087	0.042	0.052	0.252	0.058	0.07	0.165	0.189	0.027	0.055	0.113	0.022	0.01	0.024	0.033	0.318	0.097	0.242	0.065	0.189	0.232	0	0.023
ASV_8	0.593	12.695	0.408489001793603	0.64445341316517	NotSig	0.518	0.448	2.327	0.765	0.664	0.068	0.595	0.43	0.109	0.041	0.746	0.581	1.019	1.009	0.053	0.551	0.167	0.048	0.215	0.043	0.105	2.938	0.891	0.52	0.127	0.044	0.01	0.062	0.146	0.054	0.742	0.117	0.456	0.991	0.448	0.352	0.731	0.035	0.458	0.832	0.995	0.079	0.102
ASV_24	1.203	11.575	0.411840051016795	0.64445341316517	NotSig	0.247	0.158	0	0.002	0.003	0.002	0.001	0.002	0	0	0	0.004	0	0	0.007	0.003	0	0.009	0.22	0.161	0.191	0.004	0.072	0.088	0.013	0.413	0.006	0.653	5.674	0.273	0.343	0.003	0.008	0	0.003	0	0	0.067	0.197	0	0.895	0.107	0
ASV_118	0.656	8.889	0.418426162091528	0.648303711731578	NotSig	0.036	0.025	0	0.027	0.069	0	0.024	0.029	0.007	0.002	0.009	0.004	0.006	0.002	0.024	0.132	0.014	0.001	0.119	0.093	0.047	0.05	0.042	0.075	0.103	0.055	0.004	0.002	0.076	0.006	0.074	0.004	0.004	0.03	0.053	0	0	0.055	0.011	0.088	0.043	0.004	0.004
ASV_130	0.665	11.44	0.421972830121145	0.648303711731578	NotSig	0.219	0.168	0.048	0.022	0.069	0.042	0.018	0.023	0.009	0.011	0.018	0.022	0.005	0.004	0.614	0.133	0.05	1.458	0.922	0.18	0.464	0.103	0.73	0.533	0.001	0.406	0.908	0.062	0.057	0.053	0.026	0.028	0.128	0.067	0.015	0.53	0.064	0.318	0.102	0.159	0.121	0.036	0.012
ASV_79	0.544	11.993	0.440255359038564	0.664577874397846	NotSig	0.305	0.264	0.03	0.19	0.127	0.195	0.041	0.181	0.054	0.051	0.069	0.035	0.069	0.132	0.225	0.859	0.225	1.664	0.934	0.413	0.839	0.44	0.227	0.547	0.497	0.281	0.813	0.097	0.18	0.094	0.143	0.037	0.153	0.195	0.02	0.23	0.042	0.362	0.559	0.592	0.319	0.004	0.007
ASV_127	0.972	11.322	0.440430307293247	0.664577874397846	NotSig	0.157	0.115	0.184	0.032	0.048	1.302	0.462	0.086	0.194	0.801	0.402	1.382	0	0.13	0.002	0.003	0.045	0.001	0	0.001	0.005	0.004	0	0	0.001	0	0	0.009	0.002	0.028	0.006	0.01	0.013	0.003	0.021	0.444	0.194	0.002	0.028	0	0	0.102	0.153
ASV_235	0.476	10.417	0.463173054696357	0.692710143749418	NotSig	0.1	0.092	0.005	0.045	0.2	0.026	0.013	0.041	0.078	0.021	0.073	0.053	0.178	0.031	0.283	0.362	0.179	0.161	0.153	0.108	0.205	0.324	0.134	0.051	0.15	0.048	0.024	0.043	0.023	0.024	0.018	0.076	0.157	0.02	0.008	0.25	0.027	0.07	0.224	0.077	0.068	0.005	0.016
ASV_80	0.985	5.926	0.471533598730422	0.699027878819661	NotSig	0.002	0.001	0	0.003	0	0	0	0.002	0	0	0	0	0	0	0	0	0	0	0	0.01	0.032	0.001	0.001	0.005	0	0	0	0	0.002	0	0	0	0	0	0	0	0	0	0.005	0	0.002	0	0
ASV_146	-0.591	11.691	0.479377456127924	0.699808387816853	NotSig	0.203	0.326	0.011	0.035	0.05	0.022	0.013	0.01	0.028	0.019	0.018	0.004	0.002	0.033	0.274	1.096	0.245	0.758	0.68	0.696	0.131	0.203	0.233	0.195	0.063	0.162	1.123	0.052	0.117	0.134	0.083	0.026	0.1	0.078	0.008	0.024	0.061	2.059	0.238	0.175	0.053	0	0
ASV_104	0.718	11.996	0.492869273209187	0.699808387816853	NotSig	0.276	0.237	0.048	0.312	0.236	0.026	6.03	0.341	0.144	0.032	0.337	0.018	0.022	0.021	0.004	0.009	0.033	0.007	0.041	0.019	0.03	0.011	0.001	0.012	0	0.266	0.154	0.301	0.002	0.003	0.192	0.095	0.008	0.037	0.312	0.102	1.232	0.02	0.003	0.008	0.085	0.425	0.018
ASV_407	0.831	8.361	0.493722083394543	0.699808387816853	NotSig	0.027	0.014	0.002	0	0.008	0	0	0.016	0.002	0	0	0	0.005	0.002	0.001	0.051	0.007	0	0	0.005	0	0	0.003	0.008	0.006	0.004	0.018	0.014	0.01	0.008	0.609	0	0.002	0.069	0.028	0	0	0.004	0	0.054	0.011	0.029	0.014
ASV_17	0.479	13.331	0.496925404838865	0.699808387816853	NotSig	0.917	0.667	0.065	5.278	3.314	0.098	0.169	0.049	0.863	0.03	0.593	0.117	0.261	0.067	0.949	0.48	0.445	1.286	0.73	1.129	4.539	0.752	0.176	1.073	2.969	1.1	0.567	0.509	0.152	0.934	0.083	0.118	1.226	0.12	0.031	0.401	0.236	0.564	0.884	1.049	0.478	1.684	0.039
ASV_69	-0.546	11.404	0.498481296731447	0.699808387816853	NotSig	0.161	0.299	0.086	0.337	0.098	0.204	0.491	0.016	0.054	0.401	0.171	0.568	0.929	1.032	0.057	0.005	0.03	0.048	0.124	0.003	0.02	0.034	0.025	0.018	0.171	0.011	0	0.192	0.012	0.017	0.014	0.012	0.029	0.008	0.102	0.247	1.341	0.007	0.029	0.028	0.026	0.552	0.164
ASV_26	0.441	12.14	0.498789825468678	0.699808387816853	NotSig	0.304	0.221	0.318	0.322	0.468	0.114	0.334	0.123	0.643	1.11	0.715	0.343	0.265	0.518	0.283	0.531	0.362	0.069	0.11	0.063	0.145	0.103	0.018	0.516	0.219	0.055	0.108	0.116	0.027	0.107	0.296	0.359	0.504	0.197	0.574	0.18	0.149	0.082	0.055	0.092	0.223	0.236	0.748
ASV_131	-0.944	8.603	0.503228799049296	0.699808387816853	NotSig	0.022	0.051	0	0.003	0	0	0	0.008	0	0	0	0	0	0	0.001	0	0.074	0	0.007	0.001	0.255	0.041	0.053	0.061	0	0	0	0.005	0	0.101	0.064	0	0.067	0.001	0	0	0	0	0.004	0.405	0	0	0.002
ASV_110	-0.714	12.097	0.505187120199149	0.699808387816853	NotSig	0.268	0.565	0.579	0.107	0.917	0.562	1.492	0.041	0.057	0	0.084	2.361	0.593	0.886	0.001	0	0.021	0.009	0.018	0	0.002	0.006	0.003	0.002	0.102	0.015	0.004	0.002	0.012	0	0.029	0	0.01	0.007	0.914	1.753	0.527	0.002	0.106	0.001	0.03	2.07	0.03
ASV_124	0.472	10.402	0.526938291411887	0.717469474689711	NotSig	0.086	0.093	0.153	0.054	0.213	0.007	0.074	0.148	0.414	0.487	0.027	0.072	0.062	0.075	0.112	0.043	0.026	0.134	0.098	0.06	0.047	0	0.013	0.012	0.15	0.048	0.014	0.097	0.088	0.004	0.018	0.056	0.017	0.01	0.02	0.199	0.296	0.098	0.029	0.018	0.091	0.007	0.005
ASV_76	0.366	11.482	0.529406512749326	0.717469474689711	NotSig	0.211	0.168	0.065	0.062	0.128	0.374	0.088	0.039	0.227	0.107	0.468	0.683	0.201	0.295	0.154	0.46	0.088	0.13	0.245	0.096	0.122	0.648	0.181	0.254	0.11	0.151	0.12	0.161	0.07	0.111	0.304	0.074	0.188	0.42	0.122	0.114	0.057	0.472	0.275	0.07	0.147	0.007	0.203
ASV_38	0.561	13.218	0.530672688379964	0.717469474689711	NotSig	0.66	0.607	0.299	0.138	0.136	0.519	1.529	0.31	2.64	1.36	0.311	3.122	3.283	2.148	0.061	0.01	0.105	0.197	0.087	0.04	0.029	0.024	0.035	0.111	0.185	0.103	0.081	0.104	0.041	0.277	0.153	0.107	0.065	0.032	4.128	0.143	3.793	0.03	0.064	0.018	0.147	0.542	0.123
ASV_188	0.566	10.907	0.539441132466917	0.719379508702686	NotSig	0.162	0.109	0.003	1.264	0.317	0.018	0.053	0	0.303	0.053	1.405	0.061	0.075	0.002	0.093	0.006	0.007	0.589	0.076	0.021	0.098	0.029	0.004	0.017	0.018	0.343	0.142	0	0.002	0.01	0.006	0.006	0.209	0.04	0.068	0.133	0.015	0.038	0.005	0.015	0.023	0.61	0.032
ASV_167	0.536	9.76	0.540598802397876	0.719379508702686	NotSig	0.067	0.057	0.148	0.008	0.056	0.002	0.029	0.035	0.012	0.011	0.007	0.031	0	0	0.027	0.075	0.118	0.012	0.249	0.008	0.102	0.022	0.602	0.066	0	0.026	0.022	0.083	0.018	0.014	0.031	0.259	0.073	0.055	0.007	0.214	0	0.103	0.038	0.035	0.066	0	0
ASV_21	0.55	13.021	0.548302600736315	0.721873017813504	NotSig	0.629	0.579	1.106	0.342	0.069	0.018	0.024	0.103	0	0.004	0.002	0.004	0.008	0.008	0.129	2.702	2.134	0.027	0.213	0.096	0.473	2.443	0.159	1.878	0.036	1.056	0.144	0.701	0.107	0.115	0.327	1.663	0.092	4.411	0.162	0.604	0.186	0.124	0.111	0.889	2.26	0.07	0.392
ASV_74	-0.394	11.556	0.55101549880439	0.721873017813504	NotSig	0.226	0.34	0.308	0.035	0.082	0.006	0.16	0.111	0.017	0.013	0.007	0.276	0.026	0.015	0.279	0.04	0.166	0.212	0.6	0.027	0.298	0.113	0.572	0.887	0.018	0.583	0.215	0.739	0.023	0.193	0.144	0.547	0.153	0.305	0.283	0.408	0.027	0.473	0.574	0.458	0.731	0.002	0.042
ASV_12	0.51	14.092	0.578351991880691	0.749476742758411	NotSig	1.439	1.232	0.095	0.193	0.095	3.424	0.024	0.111	0.118	0.077	0.124	0.01	0.006	0.098	0.238	0.048	0.15	0.566	1.002	0.222	0.556	1.701	0.343	10.752	3.691	2.883	4.282	0.919	1.383	2.463	0.774	3.863	6.308	0.964	0.008	0.012	0.01	0.843	4.69	0.922	3.364	0.007	0.005
ASV_107	-0.454	8.907	0.580955344978414	0.749476742758411	NotSig	0.029	0.044	0.012	0.002	0	0.006	0.03	0.031	0.021	0	0	0.074	0.005	0.002	0.399	0.018	0.02	0.042	0.071	0.012	0.014	0.007	0.004	0.068	0	0.007	0.006	0.007	0.004	0.015	0.015	0.017	0.004	0.021	0.033	0.003	0.001	0.133	0.174	0.009	0.017	0.011	0.005
ASV_65	0.501	13.618	0.597498429943445	0.764979050457896	NotSig	0.808	0.718	0.226	0.149	0.167	8.91	4.347	0.713	0.447	1.719	1.037	1.139	1.046	4.008	0.052	0.021	0.262	0.022	0.089	0.014	0.148	0.081	0.351	0.095	0.629	0.118	0.006	0.04	0.066	0.112	0.072	0.017	0.006	0.009	0.539	1.41	1.926	0.024	0.219	0.106	0.019	0.937	1.103
ASV_40	0.331	12.717	0.610438584186538	0.775670080658082	NotSig	0.512	0.537	0.112	0.383	0.518	0.098	0.045	0.051	0.234	0.021	0.04	0.047	1.113	0.046	0.662	0.572	0.529	2.031	0.684	0.206	1.008	1.003	0.694	0.576	0.586	0.775	0.512	0.642	0.777	0.518	0.193	0.591	1.464	0.136	0.04	1.877	0.239	0.303	0.521	0.535	0.663	0.102	0.06
ASV_58	0.498	12.883	0.619054611352794	0.780747979989718	NotSig	0.553	0.496	0.098	0.096	0.152	0.072	0.032	0.341	0.005	0.002	0	0.07	0.006	0.013	0.129	6.756	0.387	0.02	2.062	0.182	0.23	0.134	3.086	1.62	0.056	0.233	0.215	0.142	0.053	0.109	0.567	0.048	0.069	1.261	0.007	0.06	0.067	0.584	0.078	3.042	0.132	0	0.004
ASV_174	0.598	12.11	0.634008322078403	0.793611997635511	NotSig	0.292	0.26	0.107	0.366	0.263	0.004	6.768	0.156	0.144	0.043	0.038	0.08	0.042	0.004	0	0.004	0.004	0.001	0.046	0.016	0.187	0	0	0.003	0	0.528	0.014	0	0.006	0	0.003	0.034	0.008	0.018	0.742	0.063	0.773	0	0.008	0.005	0.102	1.081	0.046
ASV_7	-0.377	14.735	0.638646341292482	0.793611997635511	NotSig	1.774	2.812	0.259	1.072	1.252	0.094	3.203	15.375	1.303	1.285	3.437	2.701	5.303	12.042	0.288	0.106	0.917	0.108	0.217	0.1	0.307	0.697	0.343	0.332	4.487	0.177	0.069	0.914	0.139	0.089	0.555	0.183	0.307	0.22	0.665	0.683	16.696	0.047	0.457	0.797	0.315	1.757	1.745
ASV_49	0.337	11.288	0.659799835917017	0.808246979601826	NotSig	0.199	0.188	0.05	0.535	0.869	0.011	0.321	0.438	0.043	0.021	0.049	0.006	0	0.021	0.07	0.022	0.102	0.932	0.49	0.029	0.14	0.07	0.071	0.323	0.148	0.162	0.479	0.123	0.48	0.033	0.271	0.067	0.059	0.122	0.005	0.043	0.1	0.195	0.042	0.757	0.353	0	0.014
ASV_77	0.431	12.258	0.659988657899716	0.808246979601826	NotSig	0.353	0.293	0.031	0.023	0.003	0.079	0.001	0.025	0.009	0.009	0	0.002	0.01	0.002	0.272	0.323	0.106	0.343	0.515	4.987	0.166	0.231	0.208	0.804	0.053	0.162	1.818	0.185	0.121	0.177	0.288	0.032	0.31	0.365	0.002	0.133	0.067	1.539	0.135	0.217	0.247	0	0.009
ASV_87	0.309	11.276	0.678136972352672	0.824497469982745	NotSig	0.175	0.194	0.154	0.133	0.192	0.643	0.156	0.142	0.064	0.16	0.482	0.593	0.72	0.953	0.007	0.083	0.037	0.003	0.041	0.015	0.039	0.194	0.052	0.022	0.269	0.011	0.016	0.083	0.014	0.022	0.08	0.028	0.019	0.097	0.264	0.116	0.539	0.01	0.022	0.121	0.568	0.093	0.088
ASV_28	1.032	8.382	0.690104586888758	0.832755277042634	NotSig	0.03	0.014	0	0	0	0	0	0	0	0	0	0	0	0	0	0.001	0	0	0.581	0.052	0.154	0	0.216	0	0	0	0	0	0	0	0	0	0	0	0	0	0	0	0.108	0	0	0	0
ASV_29	0.258	12.227	0.694783988538529	0.832755277042634	NotSig	0.37	0.368	0.366	0.181	0.721	0.122	1.071	0.983	1.32	0.07	0.233	0.09	0.216	1.582	0.045	0.089	0.079	0.128	0.172	0.052	0.042	0.105	0.031	0.155	1.25	0.317	0.341	0.286	0.267	0.295	0.854	0.314	0.1	0.107	0.218	0.163	1.569	0.025	0.08	0.112	0.659	0.116	0.221
ASV_52	-0.291	12.428	0.726834632041548	0.863553477191281	NotSig	0.375	0.472	0.023	0.5	0.043	0.33	0.047	0.023	0.097	0.066	1.257	5.87	0.384	0.215	0.035	0.005	0.007	0.022	0.027	0.032	0.027	0.067	0.252	0.707	0.01	0.181	0.043	0.372	0.08	0.014	0.057	0.123	0.042	0.184	1.218	0.94	0.09	0.159	0.059	0.044	0.412	1.203	0.864
ASV_88	-0.341	12.071	0.733620373964754	0.863553477191281	NotSig	0.284	0.42	0.188	0.057	0.027	0.031	0.344	0.236	1.171	0.339	2.113	0.81	2.34	0.698	0.004	0.001	0.011	0.004	0.005	0.001	0.018	0.004	0.007	0.014	0.418	0.011	0.006	0.007	0.004	0.022	0.017	0.015	0.004	0.003	0.43	0.43	0.301	0	0.036	0.003	0.026	2.511	0.049
ASV_112	-0.271	10.348	0.744560954620009	0.863553477191281	NotSig	0.092	0.147	0.011	0.354	0.034	0.199	0.017	0	0.071	0.049	0.033	0.018	0.045	0.086	0.024	0.043	0.02	0.251	0.654	0.048	0.003	0.006	0.007	0.034	0.015	0.037	0.057	0.024	0.01	0.011	0	0.006	0.002	0.013	0.85	0.857	0.206	0.008	0.008	0.007	0.03	0.041	0.019
ASV_34	0.202	10.975	0.744670746358382	0.863553477191281	NotSig	0.156	0.145	1.006	0.097	0.24	0.055	0.189	0.027	0.114	0.036	0.104	0.082	0.094	0.209	0.06	0.039	0.089	0.012	0.034	0.052	0.03	0.038	0.01	0.065	0.414	0.192	0.471	0.277	0.152	0.157	0.31	0.043	0.029	0.073	0.354	0.211	0.145	0.061	0.042	0.016	0.344	0.139	0.199
ASV_84	-0.282	10.993	0.746028447751047	0.863553477191281	NotSig	0.144	0.18	0.202	0.003	0.01	0.002	0.033	0.152	0	0.006	0	0.184	0.008	0.021	0.071	0.027	0.125	0.053	0.359	0.005	0.167	0.021	0.074	0.758	0	0.004	0.055	0.22	0.121	1.079	0.302	0.045	0.157	0.481	0.013	0.204	0.004	0.872	0.266	0.015	0.07	0.002	0.011
ASV_37	-0.249	12.627	0.752083209149316	0.864639879906357	NotSig	0.41	0.655	0.132	0.002	0.128	0.341	0.03	0.031	0.005	0.002	0.06	2.594	0.053	0.063	0.075	2.404	0.352	0.232	0.718	0.096	0.214	0.236	0.105	0.32	0.545	0.712	0.305	0.173	0.111	1.953	0.132	0.815	0.316	0.135	0.144	0.35	0.057	0.084	3.687	0.179	0.74	0.129	0.014
ASV_199	0.266	7.732	0.766268009509683	0.873783116088645	NotSig	0.013	0.011	0	0.005	0.002	0	0	0	0.002	0.002	0.018	0.012	0	0	0.006	0	0.02	0.071	0	0.001	0.02	0.006	0.003	0.012	0.025	0.022	0.008	0	0.008	0.003	0.009	0	0.05	0.009	0.101	0.005	0.025	0.008	0.01	0.004	0.013	0.007	0.018
ASV_141	-0.219	10.594	0.770376830160995	0.873783116088645	NotSig	0.115	0.152	0.039	0.008	0.037	0.07	0.018	0.027	0	0.002	0.009	0.025	0.01	0.006	0.019	0.047	0.22	0.052	0.286	0.015	0.033	0.211	1.039	0.274	0.078	0.103	0.049	0.218	0.037	0.233	0.106	0.025	0.069	0.382	0.033	0.009	0.008	0.111	0.351	0.584	0.142	0.007	0.004
ASV_200	0.194	11.451	0.790804956472264	0.890385793635555	NotSig	0.207	0.215	0.095	0.045	0.072	0.081	0.011	0.234	0.043	0.013	0.08	0.037	0.053	0.036	0.051	0.446	0.136	0.037	0.208	0.03	0.133	1.774	0.888	0.472	0.275	0.03	0.006	0.083	0.027	0.019	0.169	0.088	0.061	0.996	0.099	0.07	0.113	0.085	0.679	0.547	0.121	0.05	0.053
ASV_108	0.251	11.138	0.795551803780881	0.890385793635555	NotSig	0.178	0.163	0	0.112	0.03	0.026	0.004	0.025	0.002	0.004	0.002	0	0	0.01	0.093	0.04	0.129	1.59	0.318	0.266	0.114	0.085	0.029	0.186	0.164	1.779	0.593	0.026	0.062	0.022	0.023	0.04	0.01	0.089	0	0.007	0.241	0.386	0.045	0.508	0.1	0.014	0
ASV_149	-0.163	10.451	0.813186945579416	0.904135485545535	NotSig	0.1	0.131	0.019	0.06	0.022	0.315	0.032	0.029	0.005	0.013	0.002	0.002	0.005	0.023	0.011	0.295	0.033	0.073	0.275	0.077	0.441	0.143	0.1	0.315	0.134	0.059	0.128	0.078	0.1	0.076	0.25	0.015	0.046	0.126	0.008	0.173	0.075	0.317	0.066	0.248	0.162	0.002	0.004
ASV_11	0.193	14.592	0.821645810690238	0.907569555599021	NotSig	1.716	1.744	0.93	0.529	0.324	9.325	1.67	11.761	1.575	0.451	0.966	2.32	6.128	2.196	0.063	0.2	0.397	0.046	0.325	0.049	0.128	0.468	0.428	0.148	2.182	0.373	0.004	0.194	0.14	0.632	0.086	0.061	2.564	0.108	9.869	3.683	0.878	0.066	1.091	0.23	0.117	6.317	1.568
ASV_62	-0.196	11.806	0.83237945297816	0.913455373722786	NotSig	0.239	0.253	0.431	0.097	0.079	0.131	0.892	0.086	0.622	0.126	0.415	1.544	1.347	0.915	0	0.018	0.041	0.001	0.039	0	0.011	0.013	0.057	0.596	0.028	0.022	0.006	0.002	0.043	0.008	0.124	0.008	0.01	0.051	0.119	0.17	0.636	0.008	0	0.047	0.047	0.324	0.794
ASV_46	-0.154	12.492	0.838239152654057	0.913951076119585	NotSig	0.366	0.524	0.388	0.023	0.069	0.134	0.045	0.247	0.054	0.002	0.004	0.02	0.034	0.021	0.204	3.26	0.218	0.05	0.368	0.413	0.511	1.073	0.728	0.457	0.019	0.384	0.179	0.08	0.059	0.129	0.146	1.991	0.125	0.309	0.349	0.845	0.589	0.374	0.136	0.745	0.772	0.231	0.499
ASV_82	0.138	10.934	0.879468534191651	0.947752749994057	NotSig	0.195	0.175	0.125	0.059	0.306	0	0.026	0.049	0.009	0.002	0	0.006	0	0	0.047	0.004	0.086	0.037	0.05	0.012	0.47	0.064	0.05	0.484	0.216	3.008	0.406	0.215	0.08	0.076	0.038	0.375	0.05	0.082	0.003	0.012	0.05	0.036	0.059	0.778	0.463	0	0.004
ASV_23	0.106	13.326	0.880456696740041	0.947752749994057	NotSig	0.746	0.671	0.178	0.247	0.244	1.475	0.336	0.308	0.305	0.141	0.924	0.785	0.323	0.38	0.139	0.066	0.94	0.071	0.38	0.023	0.093	5.856	0.76	0.358	0.509	0.458	0.146	0.767	0.201	0.341	0.535	0.219	0.249	2.249	4.597	0.425	0.741	0.048	0.233	0.3	0.678	1.367	1.575
ASV_94	0.118	12.349	0.893929694003052	0.95616530561086	NotSig	0.332	0.431	0.304	0.139	0.322	0.228	4.112	0.294	1.114	0.57	0.02	0.28	1.081	0.284	0.022	0.029	0.079	0.004	0.039	0.016	0.069	0.013	0.021	0.075	0.152	0.273	0.018	0.005	0.035	0.024	0.04	0.018	0.008	0.015	1.243	0.386	2.386	0.047	0.067	0.024	0.145	0.265	0.129
ASV_121	-0.085	10.671	0.904047098064258	0.960905406118614	NotSig	0.125	0.16	0.062	0.002	0.16	0.006	0.003	0.025	0.021	0.006	0.02	0.012	0.014	0.002	0.084	0.041	0.099	0.18	0.069	0.11	0.059	0.052	0.04	0.603	0.093	0.602	0.376	0.116	0.045	0.423	0.097	0.235	0.138	0.184	0.139	0.041	0.027	0.099	0.577	0.059	0.461	0.009	0.004
ASV_25	-0.057	13.067	0.928001442037069	0.972836023234573	NotSig	0.649	0.725	0.207	0.042	0.552	0.094	0.091	0.423	0.324	0.181	0.311	0.337	0.566	0.098	0.948	0.135	0.103	0.503	0.97	0.329	0.282	0.539	3.978	1.188	0.009	1.299	1.158	0.788	0.189	1.635	0.251	1.005	1.167	1.228	0.474	1.304	0.086	0.272	1.988	0.319	0.825	0.238	0.769
ASV_147	-0.075	10.678	0.92968899376051	0.972836023234573	NotSig	0.129	0.187	0.008	0.02	0.058	0.024	0.011	0.086	0.002	0.011	0.007	0.002	0.011	0	0.012	0.439	0.033	0.003	0.165	0.019	0.039	0.028	1.209	0.138	0.02	0.539	0.053	0.298	0.14	0.066	0.481	0.099	0.033	0.209	0.002	0.328	0.031	0.036	0.01	0.182	0.91	0	0.002
ASV_119	0.096	12.459	0.933144372914205	0.972836023234573	NotSig	0.482	0.412	0.003	1.695	3.38	0.177	0.128	0	0.246	0.167	7.901	0.012	0	0.002	0.022	0.003	0.006	0.105	0.039	0.003	0.012	0.001	0.006	0.017	0.014	0.162	0.022	0	0.004	0.017	0.011	0.004	0.048	0.01	1.703	0.041	0.086	0.013	0.055	0.008	0.006	3.012	0.076
ASV_81	-0.073	12.523	0.938297466196659	0.972836023234573	NotSig	0.376	0.475	0.235	0.076	0.223	0.458	0.685	0.117	0.132	0.726	0.393	2.112	3.996	1.801	0.066	0.005	0.231	0.001	0.014	0	0.017	0.11	0.028	0.037	0.138	0.044	0.006	0.05	0.014	0.012	0.02	0.022	0.017	0.006	0.603	0.585	0.777	0.01	0.006	0.03	0.026	1.979	0.392
ASV_27	0.052	11.893	0.944940018477953	0.973749165382768	NotSig	0.28	0.326	0.431	0.401	0.22	0	1.881	0.201	0.239	0.228	0.135	0.061	0.146	0.33	0.069	0.016	0.051	0.01	0.062	0.032	0.047	0.089	0.061	2.13	0.001	0.21	0.077	0.58	0.156	0.202	0.336	0.061	0.232	0.061	0.473	0.228	1.264	0.068	0.043	0.053	0.576	0.188	0.191
ASV_39	-0.033	11.439	0.964030532345762	0.97746755827371	NotSig	0.209	0.267	0.223	0.46	0.317	0.046	0.522	0.514	0.397	0.038	0.124	0.025	0.12	0.021	0.011	0.08	0.238	0.02	0.13	0.018	0.224	0.103	0.025	0.071	0.005	0.096	0.079	0.298	0.012	0.007	0.576	0.063	0.084	1.864	0.088	0.163	1.413	0.017	0.038	0.038	0.368	0.089	0.009
ASV_63	-0.034	11.869	0.965281677992009	0.97746755827371	NotSig	0.297	0.317	0.136	0.055	0.04	0.387	0.015	0.084	0.014	0.006	0.013	0.014	0.01	0.002	0.043	0.194	0.367	0.032	0.675	0.06	0.167	0.263	0.523	0.077	0.135	0.926	0.886	0.421	0.219	0.065	1.656	0.559	0.092	1.674	0.003	0.148	0.109	0.819	0.15	1.092	0.191	0.013	0.014
ASV_129	0.03	9.735	0.965899894862187	0.97746755827371	NotSig	0.059	0.057	0.364	0.022	0.026	0.081	0.016	0.016	0.331	0.047	0.049	0.112	0.061	0.046	0.01	0.001	0.055	0.012	0.009	0.01	0.018	0.011	0.001	0.005	0.096	0.026	0.014	0.021	0.066	0.028	0.156	0.023	0.065	0.031	0.132	0.088	0.079	0.006	0.019	0.005	0.06	0.064	0.136
ASV_41	0.007	12.959	0.993569273460133	0.999475936454319	NotSig	0.659	0.646	0.006	4.898	0.882	0.039	0.116	0.008	3.732	0.184	4.968	0.168	0.142	0.015	1.021	0.127	0.045	0.295	0.13	0.158	0.53	0.138	0.209	0.251	0.671	0.797	0.15	0.026	0.14	0.435	0.031	0.021	1.291	0.079	0.043	0.029	0.059	0.093	0.613	0.852	0.174	3.31	0.039
ASV_220	0	10.754	0.999475936454319	0.999475936454319	NotSig	0.118	0.157	0.014	0.076	0.08	0.05	0.036	0.07	0.045	0.041	0.049	0.033	0.04	0.042	0.303	0.465	0.183	0.15	0.384	0.373	0.185	0.238	0.109	0.106	0.072	0.055	0.095	0.052	0.144	0.046	0.026	0.055	0.165	0.095	0.028	0.269	0.236	0.154	0.243	0.145	0.196	0.005	0.005
