ID	log2FC	log2CPM	PValue	FDR	level	MeanA	MeanB	HS10P003	HS07P004	HS07P010	HS07P011	HS07P012	HS07P014	HS07P019	HS07P024	HS07P025	HS07P026	HS07P029	HS07P031	HS07P034	HS07P035	HS07P036	HS07P040	HS07P041	HS07P042	HS07P045	HS07P046	HS07P047	HS07P048	HS07P050	HS07P051	HS07P055	HS07P056	HS07P057	HS07P058	HS07P059	HS07P061	HS07P063	HS07P064	HS07P066	HS07P068	HS07P071	HS07P072	HS07P073	HS07P074	HS07P075	HS07P077	DS07P016	DS10P016	DS08P017	DS07P037	DS07P049	DS10P049	DS07P054	DS10P054	DS07P060	DS07P065	DS07P076	DS10P166	DS07P172	DS08P191	DS07P193
ASV_80	-9.569	14.771	2.35159920837753e-09	3.97420266215803e-07	Depleted	0.014	2.815	0	0.105	0.085	0.002	0.003	0.318	0	0.004	0	0	0	0.005	0	0.002	0	0	0	0.013	0	0	0.002	0.003	0.001	0	0	0	0	0	0	0	0	0	0	0	0	0.001	0	0	0	0	0	0.001	0.017	0.005	0.009	0.005	0.006	0	0	42.184	0	0	0	0	0
ASV_119	-3.765	11.265	2.5192094236194e-08	1.4271227853926e-06	Depleted	0.038	0.276	0	0.052	0.015	0.054	0.007	0.006	0.032	0.009	0.022	0.003	0.017	0.024	0.012	0.002	0.002	0.009	0.006	0.013	0.009	0.06	0.027	0.061	0.003	0.1	0.036	0.004	0.034	0.006	0.077	0.02	0.036	0.029	0.049	0.087	0.327	0.147	0.024	0.015	0.055	0.041	0.064	0.074	0.016	0.002	0.007	0.808	0.03	0.185	0	0.01	2.933	0	0.009	0	0.003
ASV_26	-3.052	14.201	2.53335405690995e-08	1.4271227853926e-06	Depleted	0.427	2.994	0.114	0.183	0.372	0.168	0.28	0.402	0.31	0.354	0.227	0.609	0.329	0.281	0.15	0.132	0.388	0.398	0.346	0.19	0.163	0.384	0.172	0.153	2.083	2.003	0.414	1.217	0.995	0.304	0.237	0.501	0.333	0.066	0.042	0.079	0.126	0.165	1.374	0.678	0.063	0.29	0.148	0.136	0.831	0.379	0.925	0.434	0.44	0.083	0.582	0.013	0.051	12.092	16.262	7.058	5.474
ASV_64	-6.188	13.738	2.75406358353648e-07	1.16359186404416e-05	Depleted	0.057	1.822	0	0.696	0.093	0.117	0.61	0.051	0.013	0	0	0	0	0.106	0.012	0.118	0.23	0.005	0.017	0.004	0.158	0	0.002	0.024	0	0	0	0	0	0	0.002	0	0	0.008	0	0	0.003	0.009	0	0	0	0	6.254	3.328	0.081	0.418	0.003	0.012	0.003	0	0	17.227	0	0	0.001	0	0
ASV_100	-3.734	12.674	9.13211993838312e-07	3.08665653917349e-05	Depleted	0.098	0.943	0.008	0.004	0.003	0.012	0.02	0.114	0.005	0	0	0.006	0.026	0.071	0.02	0.002	0.032	0	0.004	0.044	0	0.254	0.104	0.055	1.481	0.146	0.005	0.293	0.024	0.014	0.029	0.009	0.321	0.01	0.028	0.158	0.076	0.298	0.013	0.083	0.087	0.044	0.044	0.041	0.126	0.012	0.694	0.71	0.069	0.018	0.238	0	2.648	0	0.047	0.001	9.495
ASV_199	-4.151	10.94	2.04129294460089e-06	5.74964179395917e-05	Depleted	0.02	0.184	0	0	0	0	0	0.01	0.003	0	0.035	0.006	0.014	0	0.002	0	0.025	0	0	0.008	0.013	0.004	0.019	0.04	0.001	0.05	0.005	0.003	0.053	0.002	0.002	0.007	0.024	0.033	0.006	0.085	0.025	0.096	0.028	0.023	0.064	0.135	0.002	0.001	0	0	0	0.016	0.015	0.052	0	0.004	2.664	0	0.001	0.001	0.005
ASV_407	-4.332	12.69	6.87300451639347e-06	0.0001659339661815	Depleted	0.08	1.593	0	0	0.018	0.004	0.003	0.057	0	0.004	0.054	0	0	0.021	0.002	0.052	0.022	0.019	0.059	0.002	0.002	0.36	0.012	0.003	0.003	0.212	0.18	0.043	1.947	0.009	0	0	0.01	0.002	0	0	0.004	0.005	0	0.054	0.024	0.017	0	0	0.002	0.435	0.024	0.019	0.131	0.007	0.017	0	0.01	0.009	23.24	0.001	0
ASV_79	-2.48	12.328	6.09441442922292e-05	0.00128744504817334	Depleted	0.193	0.426	0.04	0.531	0.264	0.251	0.126	0.313	0.06	0.096	0.072	0.152	0.165	0.315	0.138	0.247	0.408	0.326	0.075	0.172	2.065	0.034	0.022	0.311	0.014	0.013	0.011	0.008	0.14	0.056	0.024	0.038	0.01	0.151	0.56	0.015	0.068	0.126	0.248	0.004	0.025	0.012	0.191	0.185	0.237	0.35	0.032	0.309	0.021	0.053	0.11	4.864	0.001	0.014	0.015	0.008	0.006
ASV_38	-2.32	13.816	9.60847299057722e-05	0.00180425770600839	Depleted	0.427	1.807	0.097	0.021	0.114	0.1	0.914	0.197	0.104	0.102	0.069	0.248	0.125	0.103	0.077	0.014	0.047	0.063	0.256	0.031	0.715	0.318	1.102	0.128	0.954	0.198	0.308	0.39	0.156	0.491	0.224	0.088	0.026	0.052	0.163	3.47	1.013	0.964	0.334	0.074	1.142	2.07	0.357	0.533	0.177	0.134	2.828	0.309	0.056	2.944	0.187	0.035	1.615	12.532	2.702	2.587	0.113
ASV_166	7.584	11.608	0.000145177423484081	0.00245349845688097	Enriched	0.424	0.002	0	0.01	0.003	0.002	0.01	0	0	0.763	0.003	0.107	1.01	0.466	11.962	0.085	0.052	1.558	0.377	0.508	0.002	0	0	0	0	0	0	0.022	0	0.017	0	0	0	0	0	0	0	0	0.01	0	0	0	0	0.001	0	0.015	0	0.005	0.008	0	0	0	0	0.001	0	0	0
ASV_167	3.969	10.371	0.000218550076269647	0.00335772389905185	Enriched	0.196	0.012	0.684	0.066	0.109	0.917	0.057	0.04	1.819	0.264	0.091	0.131	1.436	0.04	0.83	0.059	0.072	0.235	0.157	0.209	0.523	0	0	0	0.001	0	0.005	0	0.005	0.005	0	0.002	0.042	0.001	0.002	0	0.003	0.001	0.036	0.008	0.004	0.001	0	0.057	0.048	0.037	0.002	0	0.036	0.002	0.006	0	0	0	0	0	0
ASV_57	5.723	13.946	0.000396899202932089	0.00558966377462692	Enriched	1.051	0.029	0	0	0	0.035	0.03	0.1	0.136	0.013	0.019	0.012	0.331	0.09	0.053	0	0	0.012	0.004	0.002	0	0.533	0	0.003	0.056	0.043	0.002	0.05	0.238	0.006	0	0.119	39.791	0.199	0	0	0.05	0.015	0.03	0.054	0.013	0.015	0.01	0.027	0	0	0.022	0.142	0.097	0.041	0	0	0.007	0	0.001	0.09	0
ASV_881	3.024	11.898	0.000569933266699058	0.00740913246708775	Enriched	0.493	0.062	0.993	0.045	0.085	0.835	0.436	0.11	0.173	0.452	0.072	0.11	2.444	0.598	7.676	0.403	0.949	0.484	0.627	0.676	1.317	0.005	0.015	0.156	0.006	0	0.003	0.003	0.013	0.032	0.026	0.004	0.002	0.002	0.002	0.717	0.045	0.013	0.15	0	0.02	0.007	0.031	0.16	0.087	0.144	0.005	0.323	0.035	0.092	0.009	0.02	0.011	0.001	0	0.004	0.008
ASV_110	-1.831	9.955	0.000695151425658601	0.00839147078116454	Depleted	0.039	0.173	0.019	0.018	0.026	0.054	0.012	0.035	0.104	0.009	0.016	0.036	0.029	0.061	0.006	0.005	0.007	0.007	0.006	0.004	0.002	0.046	0.061	0.067	0.01	0.011	0.017	0.029	0.023	0.295	0.018	0.004	0.026	0.058	0.025	0.023	0.072	0.075	0.02	0.041	0.053	0.134	0.062	0.049	0.003	0.012	0.342	1.511	0.012	0.176	0.009	0.014	0.102	0.117	0.177	0	0.008
ASV_85	-2.063	12.107	0.000777139257499154	0.0087557689678238	Depleted	0.139	0.485	0.09	0.277	0.116	0.137	0.101	0.122	0.256	0.147	0.035	0.057	0.106	0.045	0.024	0.019	0.01	0.03	0.094	0.04	0.02	0.079	0	0.107	0.231	0.052	0.032	0.003	0.17	0.003	0.011	0.382	0.204	0.807	0.239	0.025	0.046	0.088	0.969	0.05	0.053	0.281	0.148	0.209	0.204	0.093	0.029	0.03	0.092	0.006	0.429	0.024	0.081	0.22	0.065	3.458	2.189
ASV_65	-1.8	12.361	0.00133058646287337	0.0140543195140999	Depleted	0.24	0.526	0.046	0.081	0.103	0.296	0.382	0.355	0.28	0.06	0.205	0.188	0.146	0.101	0.035	0.049	0.012	0.016	0.161	0.046	0.121	0.784	0.781	0.113	2.355	0.305	0.067	0.103	0.117	0.407	0.119	0.004	0.119	0.096	0.052	0.334	0.582	0.269	0.03	0.157	0.107	0.031	0.31	0.281	0.504	0.1	0.831	0.397	0.552	0.446	0.404	0.01	2.716	0.088	0.018	0	1.225
ASV_207	-2.369	10.739	0.00222465160829421	0.0199273263839996	Depleted	0.052	0.184	0.006	0.004	0	0	0.003	0	0.002	0.072	0.076	0.057	0.007	0.008	0.008	0	0.002	0.002	0	0.029	0	0.004	0.73	0.043	0.01	0.044	0.006	0.003	0.021	0.014	0.167	0.04	0.036	0.02	0.05	0.34	0.016	0.04	0.181	0.006	0.039	0.012	0	0.004	0	0	0.032	0.077	0.015	0.174	0.004	0	0.03	0.046	0.267	2.095	0.014
ASV_35	3.109	14.235	0.00237545605618384	0.0199273263839996	Enriched	1.443	0.282	0.073	0.018	0.292	0.063	0.074	0.49	0.363	0.032	0.022	0.021	0.055	0.151	0.037	0.047	0.005	0.016	0.025	0.071	0.033	0.072	0.926	0.134	0.33	0.217	10.728	31.222	1.381	3.982	0.002	0.007	0.164	0.007	0.003	0.271	0.066	0.024	0.159	0.015	0.134	5.997	0.021	1.078	0.097	0.039	0.166	1.302	0.997	0.092	0.002	0	0.059	0.092	0.196	0.085	0.002
ASV_53	3.309	12.342	0.00242623288528316	0.0199273263839996	Enriched	0.508	0.073	0.021	0.156	0.073	0.025	0.013	0.444	0.244	0.365	0.072	0.675	0.067	0.132	0.047	0.068	0.012	0.056	0.075	0.117	0.015	9.508	0.007	0.012	7.586	0.063	0	0.001	0.166	0	0	0.002	0.014	0.003	0.008	0	0.228	0.01	0.025	0.006	0.004	0	0.017	0.124	0.204	0.032	0.044	0.462	0.096	0.024	0.004	0	0.001	0.018	0	0	0.072
ASV_22	3.089	16.014	0.00245260606856812	0.0199273263839996	Enriched	2.27	0.697	0.427	0.203	0.328	0.142	1.268	0.334	0.283	0.068	0.567	1.146	0.635	0.439	0.679	0.633	2.058	0.508	0.805	0.544	0.156	0.094	0.051	0.183	3.741	0.219	0.197	0.125	0.01	0.044	0.422	67.817	0.59	0.698	1.155	0.137	0.458	0.739	2.434	0.271	0.025	0.17	0.854	0.993	0.199	0.328	0.352	1.899	0.138	0.094	0.015	0.013	0.017	0.01	0.006	0.015	5.523
ASV_158	4.379	11.828	0.00247617665126622	0.0199273263839996	Enriched	0.218	0.022	0	0.039	0.028	0.021	0.018	0.017	0.006	0	0.016	0.018	0.002	0	0	0.007	0.002	0	0.019	0	0.002	0.447	0	0	0	0.479	0.014	0	0.014	0	0	0.004	0	0.003	0.006	0	0.064	0.03	0.06	7.347	0.017	0.029	0	0.04	0.028	0.13	0.014	0	0.008	0.006	0.06	0	0.006	0	0	0.003	0.035
ASV_112	2.914	12.178	0.00269667581507976	0.0204161185570572	Enriched	0.302	0.046	0.013	0.041	0.002	0.203	0.57	0.013	0.112	0.002	0	0.039	0.01	0.029	0.028	0.009	0.01	0.002	0.004	0.002	0.015	0.035	0.166	0.156	0.013	0.03	0.027	0	0.021	0.003	3.306	0.038	0.016	0.013	2.201	0.383	0.142	2.218	0.059	0.542	0.312	1.301	0.021	0.137	0.009	0.007	0.038	0.121	0.011	0.039	0.017	0.001	0.172	0.104	0.007	0.001	0.003
ASV_101	4.677	9.079	0.00282778172035124	0.0204161185570572	Enriched	0.076	0.002	0	0.001	0	0	0	0	0.003	0.009	2.237	0.069	0.014	0.016	0.004	0.118	0	0.009	0.015	0.013	0.526	0.003	0	0.003	0	0	0	0	0.003	0	0	0	0	0.003	0	0	0.003	0.009	0	0	0	0	0	0	0.002	0.005	0.014	0.007	0.003	0	0	0	0	0	0	0	0
ASV_21	2.26	11.584	0.00289933044597263	0.0204161185570572	Enriched	0.332	0.086	0.09	2.027	1.063	0.058	0.091	0.121	0.64	0.132	0.104	0.143	0.643	0.233	0.691	0.323	1.87	0.477	0.419	1.234	0.13	0.169	0	0.003	0.774	0.022	0.055	0.021	0.72	0.002	0.077	0.033	0.141	0.012	0.219	0.008	0.011	0.008	0.475	0.002	0.004	0.032	0.102	0.075	0.455	0.286	0.068	0.014	0.169	0.005	0.088	0.016	0.002	0	0	0.008	0.005
ASV_140	2.848	11.151	0.00348641553575931	0.0235386594713469	Enriched	0.299	0.045	0.023	0.018	0.036	0.11	0.074	0.051	0.614	0.036	0.032	0.018	0.463	0.005	0.185	0.337	8.258	0.917	0.17	0.126	0.022	0.007	0.014	0	0.017	0.008	0.006	0.003	0.014	0.018	0	0.002	0.006	0	0.075	0.043	0.076	0.024	0.148	0.004	0.004	0.001	0.006	0.059	0.047	0.457	0.062	0.007	0.021	0.003	0	0.006	0.001	0.001	0	0	0
ASV_138	-2.148	12.743	0.00362133222636106	0.0235386594713469	Depleted	0.38	1.33	0.081	0.018	0.039	0.147	0.195	1.437	0.014	1.307	0.079	0.027	0.484	0.056	0.567	0.191	0.205	4.135	1.162	1.506	0.024	0.013	2.794	0.088	0.006	0.255	0.032	0.046	0.034	0.088	0.053	0.007	0.014	0.007	0	0.012	0.012	0.005	0.006	0.002	0.025	0.011	0	0.235	1.593	0.32	0.108	0.132	12.495	1.148	3.655	0	0.005	0.246	0	0	0.008
ASV_50	3.084	12.002	0.00394370029473846	0.0246846425855852	Enriched	0.42	0.065	0	0.144	0.047	0.004	0.055	0.006	0.093	0.015	0	0	0.005	0.029	0.071	0.082	0.057	0.03	0.086	0.086	1.526	0.007	0.015	13.199	0.011	0.601	0.009	0.007	0.076	0.006	0.002	0.002	0.065	0.123	0.157	0.004	0.056	0.016	0.039	0.041	0.007	0.004	0	0.007	0.029	0.399	0.041	0.299	0.08	0.091	0.004	0.007	0.001	0	0	0.013	0
ASV_189	-1.731	12.21	0.00464368237114293	0.0268091471054163	Depleted	0.166	0.507	0.108	0.036	0.07	0.116	0.107	0.224	0.274	0.03	0.019	0.072	0.084	0.053	0.065	0.026	0.111	0.098	0.048	0.163	0.119	0.045	0.034	0.101	0.132	0.147	0.089	0.014	0.031	0.011	0.033	0.212	0.218	0.012	0.039	0.025	0.147	0.06	0.861	2.374	0.108	0.136	0.276	0.113	0.187	0.054	0.116	0.037	0.023	0.006	0.399	0.051	0.007	3.667	0.192	0.98	1.502
ASV_177	3.175	11.926	0.00466519875822315	0.0268091471054163	Enriched	0.327	0.043	0.028	0.19	0.056	0.009	0.012	0.008	0	0.006	0.016	0	0.019	0.016	0.008	0.026	0.015	0.072	0.038	0.048	0.007	0.03	0	0.177	1.136	0.018	0.047	4.319	0.458	6.173	0.002	0	0.036	0.043	0.006	0.004	0.011	0.014	0.001	0	0.019	0.005	0.021	0.001	0.01	0.037	0.019	0.098	0.098	0.002	0	0	0.025	0	0.322	0	0.017
ASV_83	2.225	11.152	0.00475902019622774	0.0268091471054163	Enriched	0.272	0.061	0.76	0.032	0.078	0.177	0.366	0.362	0.34	0.087	0.025	0.006	0.542	0.249	1.318	0.125	1.151	1.383	1.074	0.927	0.453	0.004	0	0.015	0.034	0.004	0.053	0.001	0.127	0.023	0	0.238	0.036	0.005	0.005	0	0.081	0.009	0.577	0.01	0.009	0.202	0.226	0.156	0.09	0.289	0.007	0.007	0.056	0.01	0.011	0	0.002	0.01	0	0.045	0.002
ASV_18	-1.847	13.904	0.00493459537583836	0.0269015038231188	Depleted	0.714	2.597	0.092	0.068	0.756	0.074	0.201	1.351	0.163	0.467	2.772	0.17	0.213	0.535	0.051	1.208	0.109	0.265	0.126	0.665	0.062	7.724	0.015	0.095	0.345	0.317	2.118	0.294	6.259	0.288	0.499	0.011	0.016	0.058	0.013	0.027	0.25	0.133	0.31	0.134	0.211	0.082	0.004	0.146	2.634	0.117	0.713	0.065	13.082	0.1	15.538	0.007	0.085	0.001	0.089	0.231	6.137
ASV_5	1.874	14.476	0.00568600655134289	0.0300292220992796	Enriched	2.279	0.809	1.164	1.562	1.269	1.753	1.813	1.657	2.037	3.003	3.147	4.233	1.918	1.461	0.832	1.996	1.908	8.87	8.861	9.883	1.594	1.422	0.058	0.326	0.222	0.218	0.24	2.014	1.286	1.318	0.528	0.046	0.145	20.727	0.413	0.462	1.376	0.42	0.56	0.089	0.191	0.131	1.735	1.039	2.037	3.436	0.87	1.344	0.295	0.079	0.981	0.107	0.128	0.001	0.003	0	0.086
ASV_66	3.74	11.768	0.0061879180527557	0.0316896409368398	Enriched	0.377	0.027	0.017	0	0.178	0.026	0.029	0.07	0	0	0	0	0	0	0.002	0.002	0.012	0.002	0.329	0	0.11	10.721	0.002	0	0.001	0.08	0.002	0.004	0.217	0	0.011	0.005	0.026	0.058	0	0	2.725	0.087	0.028	0.027	0.254	0.05	0	0.03	0.033	0.22	0.009	0	0	0	0.004	0	0.055	0.004	0	0	0.044
ASV_137	3.487	14.102	0.00683042118831976	0.0339512112007659	Enriched	1.102	0.096	0.013	0.003	0.007	0.012	0.003	0.01	0.005	0.026	0.009	0.096	0.007	0.016	0.002	0	0	0.002	0.008	0.004	0.009	0.004	0.017	0.021	0.003	0.017	0.002	0	0.005	0.018	0.007	0	0.002	0.084	37.341	0.303	0.097	5.731	0.015	0.13	0.029	0.032	0.004	0.112	0.047	0.027	0.017	0.046	0.003	0.007	0.127	0	0.518	0.215	0.176	0.121	0.026
ASV_25	1.611	13.2	0.00756927476925657	0.036077285125774	Enriched	1.003	0.335	1.013	0.091	0.209	0.54	0.545	0.591	1.297	1.656	0.268	1.293	2.746	0.699	3.493	0.895	11.633	2.2	0.948	1.287	1.482	0.029	0.387	0.36	0.074	0.079	0.018	0.122	0.048	0.415	0.477	0.975	0.232	0.193	0.067	0.663	0.306	0.112	0.43	0.031	1.912	0.317	0.44	0.653	0.901	0.616	0.537	0.481	0.143	0.605	0.056	0.075	0.037	0.141	0.297	0.021	0.024
ASV_42	2.083	12.796	0.00775019946328491	0.036077285125774	Enriched	0.714	0.17	2.449	0.342	2.97	0.065	0.017	0.025	0.098	1.356	3.267	0.137	1.103	0.146	0.043	2.849	0.156	0.049	0.593	1.153	0.108	0.026	0.058	0.921	0.004	0.097	0.071	2.181	0.05	5.569	0.002	0.346	0.04	0.014	0.161	0.035	0.24	0.087	0.061	0.11	1.538	0.009	0.056	0.016	0.033	0.35	0.986	0.741	0.184	0.02	0.009	0.052	0.012	0.001	0.053	0.035	0.003
ASV_109	-1.867	10.87	0.00805740125169913	0.036077285125774	Depleted	0.076	0.298	0.003	0.011	0	0.03	0.01	0.006	0.014	0.019	0.098	0.036	0.036	0.013	0	0.012	0.005	0.005	0.021	0.027	0.009	1.101	0.258	0.009	0.095	0.467	0.211	0.032	0.117	0.056	0	0.004	0.006	0.01	0.002	0.008	0.044	0.121	0.035	0.101	0.008	0.007	0.004	0.014	0.024	0.022	0.041	0.039	3.53	0.572	0.007	0.004	0.012	0	0.177	0.008	0.012
ASV_84	2.418	10.968	0.00811205227680126	0.036077285125774	Enriched	0.258	0.04	0.437	0.015	0.028	0.303	0.079	0.1	1.627	0.126	0.195	0.143	0.868	0.191	3.875	0.16	0.371	0.205	0.359	0.548	0.095	0	0.019	0.006	0.007	0.025	0.036	0	0.021	0.023	0	0.002	0.002	0.001	0.249	0.093	0.001	0.005	0.079	0.006	0.012	0.014	0.002	0.062	0.059	0.144	0.017	0.019	0.018	0.274	0	0	0	0	0	0	0
ASV_20	1.942	12.959	0.00927140908582302	0.0394833780648057	Enriched	0.62	0.211	0.027	0.264	0.184	0.326	0.082	0.391	0.432	0.217	0.677	0.131	0.523	0.326	0.632	0.36	0.101	0.414	1.413	0.429	0.187	0.024	0.131	0.903	0.06	0.717	0.065	0.593	0.468	0.479	0.299	3.205	0.097	0.261	0.149	0.056	1.101	0.702	7.685	0.374	0.14	0.175	0	0.027	0.123	0.394	0.039	0.276	0.227	0.414	1.381	0.158	0.011	0	0	0	0.119
ASV_114	2.278	9.509	0.00935423516049831	0.0394833780648057	Enriched	0.068	0.017	0	0.004	0.002	0.012	0.007	0.151	0.013	0.032	0.016	0.027	0	0.008	0	0.021	0.002	0.021	0.004	0.042	0.011	1.085	0.549	0.061	0.01	0.001	0.002	0.003	0.069	0.192	0.064	0.002	0	0.002	0.005	0.015	0.026	0.001	0.03	0	0.194	0.055	0.004	0.021	0.007	0.002	0.007	0.123	0.001	0.01	0.047	0.003	0	0	0	0.023	0.003
ASV_107	2.198	9.929	0.00977330024032521	0.0394833780648057	Enriched	0.092	0.023	0.447	0.001	0.016	0.04	0.062	0.035	0.063	0.013	0.025	0.107	0.317	0.085	0.419	0.08	0.825	0.142	0.229	0.161	0.04	0	0	0	0.055	0.001	0.008	0	0.005	0	0.004	0.262	0.004	0.006	0	0	0.011	0.011	0.015	0.01	0.008	0.17	0.023	0.044	0.01	0.11	0.007	0.007	0.012	0.011	0	0	0.006	0	0.087	0.001	0.021
ASV_62	-1.802	13.084	0.00981243715220022	0.0394833780648057	Depleted	0.285	0.887	0.038	0.018	0.047	0.025	0.025	0.105	0.062	0.064	0.019	0.093	0.038	0.045	0.028	0.014	0.032	0.019	0.029	0.025	0.075	0.641	0.723	0.235	0.222	0.243	0.443	0.124	0.473	0.841	0.018	0.002	0.059	0.068	0.025	4.506	0.118	0.377	0.173	0.172	0.089	1.027	0.025	0.205	0.171	0.042	4.86	2.206	0.171	0.087	0.12	0	4.253	0.26	0.001	0.005	0.897
ASV_15	-1.635	14.588	0.0125366068211857	0.0480480860494976	Depleted	0.837	2.077	0.04	0.059	0.163	0.342	0.511	0.184	0.502	0.036	0.306	0.522	0.094	0.061	0.02	0.04	0.042	0.065	0.205	0.123	0.178	0.937	1.284	0.848	1.533	1.103	4.334	0.57	0.487	1.58	5.223	0.038	0.475	0.321	0.108	6.121	0.43	1.003	0.169	0.304	0.557	2.56	0.256	0.403	0.39	0.181	2.794	3.988	1.649	1.099	0.646	0.006	14.61	1.135	0.091	0.003	3.903
ASV_82	2.16	10.819	0.0127362858114638	0.0480480860494976	Enriched	0.226	0.062	0.027	0.237	1.881	0.628	0.285	0.674	0.184	1.46	0.296	0.006	0.307	0.209	0.108	0.073	0.044	0.135	0.426	0.343	0.024	0	0	0.018	0	0.004	0.005	0.003	0.002	0	0.026	0	0.008	0.348	0.011	0.002	0.747	0.016	0.479	0.008	0.013	0.022	0	0.038	0.442	0.22	0	0.13	0.037	0.022	0.03	0.008	0.004	0	0	0	0.005
ASV_136	2.397	10.654	0.0129346045439454	0.0480480860494976	Enriched	0.115	0.032	0	0	0	0.009	0.044	0.002	0.005	0.098	0.006	0	0.036	0.003	0.067	0.014	0.005	0.014	0.224	0.05	0.128	1.459	0.022	0.012	0.017	0.007	0.003	0.121	0.037	0.533	0	0.263	0.032	0.021	0.003	0	0.011	0.05	0.004	0.972	0.194	0.122	0.017	0.031	0	0.274	0.022	0.021	0.032	0.025	0	0.003	0.049	0	0.003	0.001	0
ASV_2	1.404	15.897	0.0130781772679106	0.0480480860494976	Enriched	5.951	2.552	18.488	4.636	6.745	6.415	5.587	10.091	4.751	3.229	10.15	2.69	3.357	3.448	4.677	23.147	4.067	2.584	8.242	9.563	2.157	0.49	0.163	12.229	0.4	2.737	0.346	0.721	9.056	1.118	1.444	1.895	0.885	24.064	2.544	0.495	6.399	6.606	19.696	0.749	9.24	2.731	4.733	5.416	7.679	8.272	1.883	1.49	1.767	1.273	2.637	1.874	0.229	0.015	0.028	0.638	0.349
ASV_121	1.562	9.802	0.0138201247552573	0.0494898786915087	Enriched	0.099	0.029	0.083	0.022	0.036	0.098	0.035	0.348	0.155	0.586	0.12	0.197	0.082	0.167	0.171	0.059	0.435	0.219	0.203	0.13	0.229	0.018	0.003	0.006	0.004	0.008	0.003	0.017	0.003	0.053	0.011	0.002	0.002	0.003	0.013	0.004	0.058	0.016	0.03	0.008	0.081	0.242	0.031	0.11	0.055	0.034	0.007	0.072	0.009	0.041	0.013	0.034	0.006	0	0	0.021	0
ASV_98	3.254	9.349	0.014056296906464	0.0494898786915087	Enriched	0.086	0.006	0	0	0	0.011	0.022	0.293	0.008	0	0.003	0.066	0.098	2.014	0.049	0	0.124	0.095	0	0	0	0.14	0.024	0.088	0.198	0.188	0	0.001	0.011	0	0	0	0	0	0	0	0	0	0	0	0	0.001	0	0.011	0.012	0	0.007	0.005	0.021	0.034	0	0	0.001	0	0	0.003	0
ASV_11	-1.431	13.815	0.0144384236932149	0.0497978286561901	Depleted	0.707	1.249	0.133	0.328	0.47	0.2	0.486	0.132	0.643	0.292	0.939	0.893	0.115	0.201	0.043	0.115	0.032	0.049	1.56	0.174	0.715	0.806	1.454	0.214	0.56	0.702	0.502	0.95	0.24	6.423	0.086	0.027	0.113	0.821	0.811	1.555	1.492	1.943	0.419	1.305	0.2	0.136	0.403	0.267	0.244	1.367	0.323	2.268	0.526	0.69	1.233	0.008	7.069	0.038	0.006	0.023	4.272
ASV_44	1.96	11.586	0.0150524843779597	0.0500444004341779	Enriched	0.406	0.106	5.79	0.183	0.044	0.889	0.694	0.55	4.62	0.049	0.076	0.513	0.11	1.411	0.069	0.174	0.17	0.051	0.017	0.027	0.046	0.01	0.155	0.085	0.006	0.041	0.011	0.036	0.014	0.036	0	0.007	0.036	0.035	0.03	0.139	0.012	0.055	0.008	0.017	0.003	0.001	0.116	0.875	0.23	0.056	0.005	0.156	0.021	0.055	0	0.056	0.006	0.003	0.003	0.001	0.011
ASV_870	1.802	10.919	0.0153442433057759	0.0500444004341779	Enriched	0.23	0.056	0.017	0.007	0.015	0.095	0.496	0.033	0.214	0.107	0.145	0.773	0.755	0.209	1.984	0.202	1.705	0.393	0.52	0.454	0.141	0.001	0.005	0.006	0.152	0.011	0.045	0.021	0.011	0.006	0.051	0.172	0	0.006	0.008	0.021	0.134	0.172	0.049	0.029	0.009	0.017	0.131	0.086	0.061	0.191	0.029	0.039	0.06	0.039	0.002	0	0.002	0	0	0.001	0.196
ASV_134	1.326	9.58	0.0153982770566701	0.0500444004341779	Enriched	0.074	0.028	0.005	0.057	0.023	0.068	0.06	0.048	0.076	0.009	0.101	0.403	0.067	0.077	0.051	0.068	0.052	0.491	0.168	0.098	0.048	0.013	0.017	0.021	0.036	0.008	0.058	0.317	0.162	0.103	0.035	0.064	0.008	0.009	0.005	0.014	0.033	0.014	0.009	0.025	0.023	0.011	0.029	0.052	0.055	0.029	0.024	0.072	0.044	0.009	0.034	0.037	0.006	0.004	0.004	0	0.014
ASV_125	-2.639	12.26	0.0164164864167522	0.0523469095175685	Depleted	0.148	0.78	0	0.004	0	0	0	0	0.005	0	0	0.003	0.002	0	0	0.002	0.005	0	0.002	0.004	0	0	3.301	0.049	0.014	0.142	0	0	0	0	0.018	0.007	0.018	0.022	0.873	0.122	0.03	0.21	0.001	0.002	1.066	0.024	0	0.011	0	0.007	0.029	0.065	0.026	11.41	0	0.006	0.01	0.065	0.066	0	0
ASV_113	-1.451	12.498	0.0174170896305809	0.054509039769781	Depleted	0.259	0.448	0.064	0.119	0.075	0.1	0.168	0.1	0.196	0.09	0.608	0.266	0.137	0.093	0.043	0.057	0.035	0.026	0.071	0.063	0.073	0.73	0.362	0.201	1.211	0.402	2.562	0.135	0.159	0.226	0.099	0.009	0.085	0.084	0.033	0.754	0.325	0.288	0.041	0.122	0.099	0.036	0.179	0.143	0.175	0.081	0.566	0.209	0.579	0.23	0.679	0.003	3.506	0.086	0.003	0	0.278
ASV_89	1.712	10.839	0.0184566136608751	0.0567121401579617	Enriched	0.161	0.079	0.467	0.222	0.007	0.16	0.159	0.256	0.771	0.002	0.095	0.081	0.091	0.016	0.014	0.082	0.044	0.007	0.013	0.042	0.108	0.048	0.051	0.104	0.01	0.025	0.033	0.04	0.974	0.117	0.719	0.002	0.004	0.01	0.191	0.431	0.4	0.04	0.006	0.012	0.566	0.009	0.075	0.109	0.509	0.005	0.044	0.337	0.037	0.033	0.004	0.014	0.002	0.013	0	0	0
ASV_157	-1.601	9.174	0.025729208548208	0.0776470757972706	Depleted	0.032	0.092	0.105	0.001	0.005	0.004	0.01	0.016	0.025	0.026	0.006	0.039	0.01	0.011	0	0.009	0.002	0	0.354	0.015	0.196	0.009	0.121	0.006	0	0.002	0	0	0.01	0.209	0.015	0	0	0.001	0	0.004	0.001	0.006	0.001	0	0.005	0.056	0.008	0.18	0.014	0.543	0.328	0.065	0.001	0.108	0.013	0.037	0	0.003	0.074	0	0.002
ASV_74	1.635	11.696	0.0262735248040064	0.0778986963487207	Enriched	0.33	0.103	1.097	0.029	0.07	0.843	0.59	0.27	1.694	0.13	0.091	0.137	0.743	0.177	1.789	0.12	0.042	0.193	0.436	0.257	0.268	0.01	0.002	0.006	0.083	0.001	0.024	0.054	0.04	0.026	0.013	0.015	0	0.054	1.388	0.788	0.107	0.029	0.603	0.012	0.676	0.279	0.214	0.397	0.17	0.147	0.003	0.176	0.032	0.003	0.004	0.013	0.009	0.015	0	0.367	0.002
ASV_24	2.849	10.019	0.0274054379586778	0.0798537761209749	Enriched	0.094	0.012	0.014	0.001	0.002	0.002	0	0	0.002	0	0.23	0.012	0.007	0	0	0.007	0.002	0.002	0	0.006	0	0	0.134	0.003	0.041	0.746	0.011	0	0.002	0.014	0	0	0	0.151	0.003	0.002	1.158	0.265	0.217	0.703	0.023	0	0	0.001	0	0	0	0.002	0.079	0.1	0	0	0.001	0	0	0	0
ASV_41	1.989	12.726	0.0281349582947974	0.0805899652850978	Enriched	0.889	0.145	0.008	0.549	0.338	1.48	0.252	0.161	0.112	0.107	0.06	0.084	0.089	0.302	0.063	0.085	0.042	0.061	0.042	0.142	0.044	0.038	4.074	0.177	0.003	0.086	0.021	0.007	0.011	0.014	0.182	0.335	0.012	0.008	0	0.015	22.293	0.196	0.113	0.176	3.735	0.029	0.029	0.081	0.106	0.029	0.056	0.095	0.023	1.609	0.114	0.013	0.02	0	0	0	0.003
ASV_67	-1.663	11.223	0.0286277323983666	0.0806347795887327	Depleted	0.159	0.206	0	0.013	0.176	0.002	0.002	0.002	0.002	0.013	0.044	0.036	0.993	0.172	0.067	0.038	0.104	0.077	0.023	0.01	0.086	0.106	0.197	0	0.1	0.151	0.027	0.018	0.389	0.008	0.007	0	0.002	0.005	0	0.052	3.11	0.072	0.036	0.027	0.168	0.041	0	0.001	0.002	0.218	0.027	0	0.028	0.01	0.013	0.023	1.389	0	1.291	0.076	0.006
ASV_128	3.411	7.21	0.0298446531469759	0.0826843669153923	Enriched	0.018	0.001	0	0	0	0	0	0	0	0	0.356	0.305	0.005	0.011	0.002	0.005	0	0.002	0.002	0.002	0	0.005	0	0	0	0	0	0	0	0	0	0	0	0	0	0	0.005	0.003	0.001	0	0	0	0	0	0	0.005	0	0	0	0	0	0.004	0	0	0	0	0
ASV_200	1.272	10.883	0.0320468245996036	0.0873534412473067	Enriched	0.228	0.086	0.045	0.126	0.1	0.193	0.221	0.2	0.188	0.262	1.118	1.039	0.475	0.124	0.069	0.181	0.242	0.698	1.367	0.651	0.172	0.265	0.003	0.015	0.067	0.054	0.039	0.154	0.236	0.235	0.077	0.002	0.012	0.069	0.045	0.128	0.119	0.049	0.004	0.027	0.02	0.007	0.114	0.184	0.236	0.381	0.087	0.053	0.063	0.017	0.062	0.023	0.062	0	0	0	0.005
ASV_176	-1.694	12.358	0.0389601502433843	0.104279336580687	Depleted	0.148	0.556	0.006	0.003	0.005	0	0.049	0	0.006	0.004	0.009	0.012	0.014	0	0.002	0.002	0.005	0.021	0.013	0.021	0	0.035	0.379	0.067	0.003	0.042	0.015	0.038	0.008	0.083	1.123	0.829	0.046	0.074	0.005	0.454	0.054	0.045	0.305	0.017	2.086	0.021	0.031	0.051	0.003	0	0.771	1.003	0.023	0.448	0.009	0.001	0.012	3.108	0.283	2.544	0.043
ASV_104	-1.481	11.34	0.0394903996518578	0.104279336580687	Depleted	0.175	0.305	0.012	0.574	0.116	0.068	0.042	1.161	0.025	2.2	0.126	0.027	0.019	0.032	0.004	0.024	0.052	0.785	0.994	0.123	0.015	0.022	0.008	0.009	0.027	0.022	0.149	0.025	0.148	0.033	0	0.002	0.028	0.002	0	0.006	0.033	0.029	0.006	0.019	0.007	0.011	0.025	0.156	0.75	0.572	0.022	0.012	0.057	0.001	0	0	0.112	0.138	0	0.009	2.725
ASV_59	-1.392	12.867	0.0406722454829982	0.105747838255795	Depleted	0.317	0.822	0.001	0.08	0.091	0.051	0.054	0.043	0.017	0.03	0.161	0.158	0.118	0.066	0.041	0.162	0.104	0.023	0.138	0.019	1.572	0.52	0.608	0.229	0.025	0.262	0.085	0.057	0.198	0.006	0.033	0.027	0.135	0.149	0.027	1.496	0.976	1.108	0.196	1.894	0.234	1.498	0.062	0.235	0.173	0.335	7.157	0.346	0.074	0.199	0.064	0.003	0.244	0.196	0	0	3.248
ASV_183	2.837	10.218	0.0425826459470711	0.109037381288712	Enriched	0.179	0.026	0	0.003	0.003	0	0	0	0	0.153	0.095	2.732	0.633	0.794	0.46	0.113	0.035	0.321	0.398	0.197	0.328	0	0	0	0	0.001	0	0	0	0.002	0	0	0	0.01	0	0.008	0.415	0.446	0.005	0.012	0.009	0	0	0	0	0.381	0	0	0.001	0	0	0	0.002	0	0	0	0
ASV_28	4.918	12.138	0.0494454221522228	0.124720542443666	Enriched	0.507	0.006	0	0	0	0	0	0	0	0	0	0	0	0	0	0	0	0	0	0	0	0	0	0	0	0.001	0.005	0	0.003	0	0	0	0	0.146	0	0.128	0.543	18.077	0.288	1.09	0.004	0.001	0	0	0	0	0	0	0.001	0	0	0	0.087	0	0	0	0
ASV_33	1.468	11.841	0.0520587040551136	0.127020189344573	NotSig	0.431	0.149	0.04	0.587	1.195	0.293	0.102	0.172	1.406	0.239	1.515	0.197	1.012	1.109	0.106	1.601	0.692	0.312	0.189	0.142	2.153	0.008	0.003	0.003	0	0.035	0.011	0.026	0.251	0.156	0	0.002	0.02	0.166	0.432	0.027	1.457	1.369	0.018	0.167	0.037	0.004	0.052	0.29	0.234	0.775	0.009	0.016	0.638	0.125	0.007	0.061	0.014	0	0	0.019	0
ASV_14	-1.285	14.822	0.0524844729708932	0.127020189344573	NotSig	1.133	2.35	0.501	0.102	0.235	0.295	0.533	1.116	0.454	0.132	0.117	0.161	0.118	0.085	0.041	0.064	0.027	0.044	0.182	0.096	0.396	1.649	0.837	1.425	10.222	1.026	2.474	0.3	0.413	0.204	10.85	0.075	0.097	0.25	0.144	5.348	0.911	1.091	0.273	0.778	0.668	1.582	0.26	0.856	0.762	0.183	7.044	3.204	1.713	0.845	0.676	0.016	12.326	4.366	0.136	0.006	2.864
ASV_7	-1.077	14.054	0.0526119127462729	0.127020189344573	NotSig	1.106	1.764	0.278	0.186	1.177	0.258	0.314	0.774	0.185	1.228	2.082	0.343	0.54	1.556	0.157	0.431	0.304	0.382	2.241	0.908	1.451	1.147	9.59	0.973	5.655	0.975	0.203	1.311	0.796	3.395	0.497	0.038	0.325	0.282	0.105	0.356	2.004	0.483	0.193	0.155	0.779	0.166	0.096	0.403	0.868	2.012	6.313	3.919	0.491	1.57	5.52	0.007	4.584	0.09	0.015	0.006	0.569
ASV_60	-1.354	12.556	0.0591579417530322	0.140812565581161	NotSig	0.347	0.622	3.672	0.098	0.057	0.016	0.04	0.7	0.204	0.09	0.035	0.734	0.036	0.029	0.01	0.035	0.074	0.026	0.084	0.006	0.02	5.057	0.389	0.491	0.457	0.632	0.021	0.089	0.211	0.095	0.029	0.002	0.006	0.003	0.025	0.044	0.102	0.005	0.008	0.01	0.206	0.029	0.031	0.25	0.182	0.768	0.405	0.418	0.016	0.015	0.047	0.007	0.025	0.575	0.004	0	6.589
ASV_86	-1.593	11.376	0.0604085128132755	0.140927802375033	NotSig	0.153	0.407	0	0.015	0.127	0	0	0	0	0.006	0.003	0.006	0.175	1.225	0.061	0.212	0.237	0.023	0.09	0.004	0.097	0.548	1.148	0.146	0.031	0.334	0.053	0.022	0.069	0	0	0	0.002	0.007	0.052	0.371	0.931	0.048	0.025	0.033	0.033	0.001	0	0	0	1.098	0.128	0.255	0.115	0.107	0.002	0.003	0	0	4.162	0	0.229
ASV_188	1.377	10.721	0.0608741394874402	0.140927802375033	NotSig	0.135	0.052	0.001	0.043	0.01	0.009	0.008	0.014	0.006	0.034	0.211	0.018	0.005	0.087	0.012	0.009	0.022	0.007	0.038	0.054	0.073	0.014	0.352	0.101	0	0.014	0.027	0.011	0.014	0.02	0.237	0.044	0.04	0.127	1.053	0.089	0.244	2.126	0.102	0.019	0.071	0.024	0	0.024	0.007	0.01	0.022	0.279	0.019	0.084	0.006	0.013	0.032	0.11	0.06	0.055	0.057
ASV_209	-1.265	11.558	0.0636105834304931	0.143374875741184	NotSig	0.173	0.237	0.055	0.124	0.309	0.004	0.003	0	0.051	0.006	0.088	0.051	0.204	0.259	0.177	0.021	0.242	0.033	0.019	0.002	0.389	0.067	0.048	0.018	0.774	0.08	0.044	0.008	0.082	0.111	0.013	0.016	0.495	0.018	0.002	0.01	0.066	0.504	2.349	0.101	0.024	0.045	0.002	0.044	0.116	0.044	0.014	0.014	0.128	0.016	0.032	0	0.025	0.086	0.217	2.798	0.026
ASV_30	1.547	12.423	0.0636279034354365	0.143374875741184	NotSig	0.626	0.237	0.308	1.577	1.056	0.032	0.054	0.192	0.108	1.43	0.079	0.081	0.441	0.453	0.189	0.775	0.45	0.251	0.669	0.134	14.923	0.051	0.005	0.153	0	0.03	0.018	0.026	0.717	0.13	0.002	0.002	0.129	0.177	0.086	0.008	0.013	0.127	0.137	0.008	0.003	0.014	1.141	0.39	0.208	1.154	0.024	0.311	0.047	0.22	0.047	0.011	0	0	0	0.006	0.003
ASV_12	1.394	12.662	0.0693654151573427	0.154246778441986	NotSig	0.751	0.304	0.805	0.13	0.15	0.284	0.235	1.663	0.035	0.192	11.366	0.499	2.18	0.844	1.352	1.429	0.936	0.44	0.805	0.939	0.136	0.028	0.012	1.861	0.006	0.062	0.058	0.14	0.01	0.975	0.002	0.026	0.105	1.459	0.34	0.004	0.087	0.045	0.059	0.062	0.011	0.281	0.208	0.157	2.066	0.374	0.002	0.035	1.397	0.205	0.028	0.078	0.006	0	0	0	0.011
ASV_151	1.49	9.608	0.072653751526499	0.159460831272446	NotSig	0.096	0.039	0.019	0.152	0.451	0.116	0.07	0.095	0.006	0.358	0.129	0.914	0.06	0.286	0.043	0.054	0.175	0.298	0.084	0.326	0.108	0.003	0	0.009	0.025	0.002	0.003	0	0.013	0.002	0.004	0	0.004	0.001	0.009	0	0.011	0	0.006	0.002	0	0.01	0.006	0.047	0.405	0.034	0.044	0.005	0.001	0	0.028	0.011	0	0	0	0	0.002
ASV_120	1.568	10.106	0.0800037619457845	0.173341484215866	NotSig	0.105	0.033	1.525	0	0.002	0	0.003	0.286	0.07	0.011	0.038	0.033	0.002	0.005	0.006	0.002	0.015	0.049	0.004	0.004	0.376	0.106	0	0.049	0.031	0.032	0.014	0.954	0.027	0.257	0.018	0	0.097	0.002	0	0	0.132	0.011	0.009	0.01	0.005	0.001	0.002	0.003	0.002	0.007	0	0.125	0.089	0.19	0.051	0	0.011	0.006	0	0.001	0.012
ASV_124	1.434	13.007	0.0901011670542133	0.192748066229899	NotSig	0.489	0.275	0.194	0.049	0.06	0.016	0.03	0.351	0.093	0.07	0.183	0.012	0.034	0.519	0.035	0.108	0.02	0.012	0.008	0.027	0.226	0.05	0.151	0.11	0.245	3.378	0.412	0.024	0.018	0.024	0.037	0.024	0.004	0.02	0.056	0.089	0.167	0.104	0.344	11.841	0.199	0.204	0.002	0.044	0.168	0.083	0.142	0.197	0.24	0.123	0.176	0	0.019	0.114	2.625	0.095	0.092
ASV_17	1.13	11.847	0.0961633218591508	0.203145017427456	NotSig	0.382	0.136	0	1.369	0.431	2.071	0.28	0.477	0.245	0.35	0.617	0.606	0.18	0.746	0.146	0.631	0.43	0.1	0.101	0.36	0.482	0.029	0.948	0.235	0.011	0.02	0.015	0.001	0.027	0.045	0.097	0.091	0.069	0.025	0.111	0.015	1.174	0.206	0.547	0.041	1.85	0.097	0.037	0.232	0.242	0.381	0.021	0.423	0.013	0.225	0.045	0.394	0.016	0	0.004	0	0.002
ASV_92	1.682	9.666	0.110175885518248	0.229873143859061	NotSig	0.06	0.026	0	0.212	0.056	0	0.003	0	0.009	0.017	0	0	0	0	0.008	0.009	0.005	0.002	0.006	0.019	0.026	0.008	0.005	0	0.004	0.873	0.015	0.001	0.707	0	0.009	0.002	0.162	0.165	0.002	0	0.017	0.011	0.006	0.023	0.011	0.007	0	0	0.003	0.088	0	0.007	0.041	0.082	0.174	0	0.001	0	0	0	0
ASV_127	-1.235	10.079	0.122063863730806	0.251570645981783	NotSig	0.056	0.167	0.142	0.006	0.023	0.035	0.064	0.108	0.073	0	0	0	0.007	0	0	0.016	0	0.009	0.048	0.015	0.02	0.005	0.029	0.067	0.043	0.134	0.02	0.061	0.071	1.081	0.002	0	0.02	0.009	0	0.002	0.032	0.048	0.015	0.021	0	0	0.106	0.181	0.104	0.007	0.046	1.147	0.163	0.751	0	0.001	0.001	0	0.001	0	0
ASV_54	1.239	13.767	0.124632680781519	0.252883229744937	NotSig	0.906	0.495	0.072	0.166	0.122	0.026	0.065	0.48	0.078	0.111	0.772	0.06	0.06	0.384	0.047	0.094	0.027	0.035	0.12	0.318	0.954	0.143	0.212	0.217	0.021	0.075	10.24	9.934	1.464	1.34	0.07	0.018	0.036	0.021	0.003	0.114	0.106	0.146	0.601	0.083	0.156	7.259	0.027	0.239	0.128	0.078	3.004	0.685	0.397	0.02	1.748	0.008	0.167	0.444	0.004	0.261	0.219
ASV_111	1.27	12.086	0.126528395982713	0.252883229744937	NotSig	0.262	0.131	0.009	0.228	0.087	1.524	0.129	0.051	0.212	0.011	0.057	0.087	0.096	0.077	0.155	0.021	0.062	0.035	0.13	0.245	0.075	0.001	0.007	0.037	1.016	0.035	0.011	0.007	0.005	0.003	0.009	2.369	0.172	0.039	0.039	0.027	0.636	2.276	0.069	0.043	0.029	0.345	0.058	0.325	0.125	0.076	0.01	0.046	0.015	0.006	0.004	0.001	0.03	1.273	0	0.001	0.002
ASV_141	1.014	10.366	0.1271897901084	0.252883229744937	NotSig	0.153	0.076	0.088	0.015	0.028	0.168	0.097	0.164	0.799	0.062	0.091	1.4	0.221	0.122	0.216	0.087	0.086	0.414	0.12	0.073	0.299	0.029	0.01	0.003	0.282	0.004	0.033	0.058	0.833	0	0.011	0	0.006	0.002	0.044	0.012	0.054	0.018	0.034	0.019	0.08	0.02	0.048	0.477	0.255	0.01	0.06	0.172	0.022	0	0.015	0	0.067	0.008	0.006	0	0.003
ASV_61	1.491	9.995	0.130572914521611	0.256590959932003	NotSig	0.135	0.057	0	0.094	0.153	0.635	0.414	0.463	0.16	0.571	0	0.048	0.002	0.408	0.002	0.002	0.002	0.242	1.384	0.374	0.112	0	0	0	0	0.004	0.005	0.007	0.002	0.118	0	0.015	0.036	0.026	0	0	0.007	0.013	0.003	0.087	0.001	0	0	0.175	0.331	0.325	0	0	0.008	0.006	0	0	0.002	0.001	0	0	0.002
ASV_106	-1.354	12.318	0.140896947952776	0.273696370161139	NotSig	0.259	0.883	0.074	0.007	0.005	0.005	0.015	0.01	0	0.03	0	0	0.005	0.013	0	0	0.02	0.021	0.015	0	0.136	0.449	1.067	0.04	0	0.23	0.033	0.01	0.027	0.008	0.284	0.031	1.354	0.036	0.003	0	0.111	0.059	5.483	0.443	0.136	0.215	0	0.01	0.012	0.002	0.034	0.067	0.029	0.024	12.961	0	0.067	0	0.004	0.026	0.002
ASV_58	0.839	10.415	0.148018794108367	0.284263365958113	NotSig	0.145	0.085	0.026	0.182	0.103	0.345	0.121	0.06	0.106	0.083	0.164	0.463	0.353	0.524	0.077	0.341	0.222	0.163	0.642	0.224	0.257	0.025	0	0.003	0.018	0.014	0.027	0.035	0.434	0.005	0.02	0.004	0.01	0.29	0.067	0.006	0.095	0.019	0.142	0.012	0.02	0.082	0.048	0.047	0.571	0.296	0.077	0.1	0.007	0.006	0.021	0.065	0.014	0.006	0	0.012	0.009
ASV_52	1.14	13.518	0.150425632019791	0.285065910728436	NotSig	0.659	0.37	0.433	0.039	0.038	0.179	0.111	0.037	0.146	0.134	0.233	0.009	0.06	0.008	0.053	0.014	0.074	0.037	0.027	0.126	0.161	0.063	1.235	0.067	0.867	0.087	0.136	0.094	0.579	0.109	2.26	0.053	0.097	0.524	0.059	0.964	0.339	0.191	0.379	0.019	4.575	11.753	0.195	0.182	0.062	0.005	0.246	0.156	0.211	1.971	0.045	0.011	0.112	1.6	0.227	0.028	0.499
ASV_129	1.214	12.141	0.151810248316919	0.285065910728436	NotSig	0.267	0.141	0.069	0.039	0.033	0.158	0.032	0.137	0.435	0.068	0.164	0.084	0.096	0.087	0.03	0.049	0.02	0.033	0.023	0.031	0.002	0.754	0.003	0.009	0.058	0.106	0.032	0.072	0.119	0.438	0.004	0.005	0.113	0.016	0.025	0.056	0.062	0.039	0.097	7.08	0.003	0.009	0.108	0.031	0.263	0.022	0.009	0.016	0.056	0.016	0.011	0.001	0.007	0	0.243	0.004	1.331
ASV_93	0.934	11.079	0.165953190997952	0.308198783281911	NotSig	0.274	0.127	0.033	0.071	0.075	0.656	0.635	0.421	0.089	0.237	0.34	3.048	0.103	0.175	0.171	0.17	0.892	1.164	0.874	0.291	0.158	0.003	0.003	0.082	0.001	0.001	0.005	0.003	0.035	0.015	0.022	0.002	0.012	0.089	0.033	0.019	0.27	0.576	0.099	0.019	0.021	0.047	0.696	0.324	0.455	0.152	0.017	0.028	0.015	0.014	0.131	0.051	0.011	0	0	0.013	0.005
ASV_118	1.624	12.706	0.173002900813562	0.309141078139453	NotSig	0.474	0.251	0	0.001	0.016	0	0	0	0	0.009	0.066	0	0.014	0.034	0.028	0.115	0.126	0.012	0.073	0.169	0.022	0.117	0	0	0	13.021	1.096	0.107	1.177	0	0.026	0.044	0.499	0.028	0	0.004	0.514	0.096	0.073	1.367	0.071	0.036	0	0	0	0.68	0.009	0.002	0.457	0.131	2.289	0	0.015	0	0.184	0.003	0
ASV_51	-0.781	11.961	0.173942063150245	0.309141078139453	NotSig	0.257	0.367	0.038	0.06	0.131	0.051	0.044	0.359	0.196	0.91	0.113	0.131	0.141	0.278	0.026	0.061	0.133	0.077	0.386	0.073	0.193	0.619	1.462	0.098	0.344	0.084	1.152	0.061	0.545	0.435	0.246	0	0.018	0.03	0.041	0.066	0.542	0.109	0.238	0.492	0.21	0.079	0.023	0.049	0.281	0.592	0.381	0.137	0.211	0.044	0.202	0	0.073	0.001	1.144	0.294	2.075
ASV_40	-0.815	12.61	0.174978090578	0.309141078139453	NotSig	0.479	0.589	1.392	0.781	0.602	1.346	0.978	0.871	3.233	0.068	0.066	2.49	0.221	1.44	0.315	0.224	0.131	0.156	0.099	0.082	0.268	0.012	0.141	0.098	0.014	0.062	0.015	0.01	0.051	0.068	0.029	0.084	0.317	0.116	0.659	0.029	0.265	0.363	0.059	0.087	1.859	0.049	0.74	3.408	1.495	0.042	0.019	0.281	0.117	0.258	0.095	2.231	0.007	0.046	0.034	0.024	0.035
ASV_46	0.781	10.68	0.175324706853514	0.309141078139453	NotSig	0.176	0.091	0.126	0.142	0.104	0.079	0.322	0.048	0.288	0.181	0.69	0.161	0.36	0.214	0.61	0.181	0.237	0.235	0.558	0.854	0.288	0.25	0.003	0.009	0.152	0.018	0.024	0.015	0.051	0.015	0.136	0.042	0.008	0.007	0.02	0.037	0.101	0.078	0.361	0.012	0.012	0.019	0.374	0.116	0.151	0.232	0.072	0.019	0.253	0.006	0.073	0.064	0.005	0.004	0	0	0.005
ASV_143	-0.909	10.748	0.175606766280399	0.309141078139453	NotSig	0.139	0.126	0.242	0.07	0.526	0.226	0.107	0.159	0.049	0.06	0.148	0.182	0.4	0.026	0.177	0.264	0.099	0.428	0.478	0.646	0.119	0	0	0.607	0.004	0.011	0.006	0.014	0.029	0.012	0.007	0	0.008	0.002	0.045	0.006	0.131	0.062	0.144	0.006	0.043	0.004	0.002	0.141	0.388	0.174	0.005	0.014	0.067	0.009	0.011	0.5	0.001	0	0	0.576	0
ASV_108	1.043	9.932	0.183428898483248	0.316393456835126	NotSig	0.109	0.056	0.695	0.017	0.013	0.303	0.293	0.509	0.013	0.147	0.003	0.194	0.094	0.22	0.433	0.285	0.245	0.056	0.113	0.165	0.015	0.001	0.002	0.104	0	0	0.002	0.001	0.026	0	0	0.004	0.004	0.007	0.182	0.01	0.132	0.069	0.005	0.01	0.005	0.002	0.008	0.12	0.313	0.281	0.003	0	0.004	0.047	0.007	0.047	0.002	0	0	0	0
ASV_117	-0.839	11.044	0.18347076195173	0.316393456835126	NotSig	0.144	0.166	0.006	0.486	0.762	0.244	0.027	0.021	0.035	0.015	0.022	0	0.211	0.426	0.14	0.306	0.032	0.044	0.034	0.019	0.222	0.093	1.151	0.122	0.156	0.06	0.114	0.054	0.145	0.002	0.015	0.022	0.345	0.015	0.003	0.025	0.237	0.043	0.016	0.035	0.023	0.016	0.037	0.076	0.048	0.127	0.044	0.176	0.045	0.008	0.376	0	0.002	0.027	0	1.403	0.122
ASV_210	-1.025	11.812	0.192988542331345	0.329445087414114	NotSig	0.162	0.343	0.001	0.007	0.011	0.002	0.002	0	0.009	0	0.006	0.003	0.002	0.029	0.012	0.009	0.025	0.028	0.019	0.059	0.613	0.062	0.508	0.143	0.1	0.058	0.017	0.04	0.103	0.026	0.037	0.011	0.01	0.022	0.022	1.571	0.517	0.582	0.039	1.675	0.079	0.025	0.002	0.003	0.005	0.015	0.665	0.058	0.059	0.316	1.203	0	0.03	0.348	0.016	0	2.425
ASV_39	0.956	13.03	0.202330942334692	0.34193929254563	NotSig	0.87	0.396	0.126	2.067	15.625	0.922	0.377	1.205	0.15	2.581	0.224	0.087	0.319	0.349	0.264	0.144	0.329	4.072	1.755	0.349	0.178	0.031	0.268	0.046	0.013	0.159	0.711	0.035	0.482	0.02	0.011	0.016	1.089	0.026	0.003	0	0.076	0.052	0.196	0.029	0.02	0.38	1.344	0.593	0.476	0.888	1.171	0.058	0.061	0.002	0.011	0.001	0.012	0.027	0.252	0.005	1.039
ASV_131	1.417	9.322	0.223692129320342	0.374296731238987	NotSig	0.092	0.028	0	0	0.003	0.004	0.007	0.002	0.002	0.006	0.318	0.263	2.638	0.172	0.112	0.012	0.017	0.012	0.01	0.008	0.051	0	0	0.012	0	0	0	0.006	0	0.002	0	0	0.002	0	0.003	0	0	0	0.005	0	0.005	0.002	0	0	0.002	0.005	0	0.378	0	0	0	0.018	0.002	0	0.001	0	0.018
ASV_95	-0.975	10.926	0.243078030421792	0.402746932757674	NotSig	0.174	0.099	0.055	0.056	0.111	0.123	0.189	0.49	0.033	0.041	0.302	3.165	0.122	0.156	0.338	0.348	0.086	0.184	0.052	0.161	0.125	0.001	0	0	0.001	0.004	0	0	0.002	0	0.002	0.015	0.065	0.016	0.003	0.004	0.424	0.275	0.005	0.008	0.011	0.002	0.01	0.071	0.118	0.103	0	0.005	0.001	0.003	0	1.166	0.001	0	0	0	0
ASV_37	0.854	12.337	0.267103326536668	0.438256914414532	NotSig	0.664	0.373	0.76	0.046	0.041	1.029	8.511	0.766	1.881	0.804	0.413	1.767	2.189	1.202	1.669	0.353	0.143	3.024	0.575	0.554	0.068	0.016	0.02	0.073	0.001	0	0.032	0.135	0.008	0.017	0.009	0.029	0.048	0.038	0.011	0.006	0.208	0.025	0.028	0.021	0.025	0.011	1.218	1.155	0.518	0.105	0.038	2.41	0.02	0.056	0.004	0.045	0.001	0.014	0	0.01	0
ASV_94	0.754	12.291	0.273364044961442	0.444216573062344	NotSig	0.361	0.244	0.282	0.064	0.109	0.025	0.04	0.156	0.074	0.011	0.107	0.146	0.139	0.209	0.053	0.064	0.03	0.023	0.021	0.025	3.116	0.312	0.498	0.092	0.035	4.021	0.805	0.118	0.339	0.023	0.029	0.022	0.05	0.044	0.02	1.368	0.174	0.094	0.148	1.388	0.115	0.071	0.058	0.098	0.225	0.078	0.547	0.241	0.229	0.689	0.12	0.001	0.025	0.182	1.101	0.008	0.057
ASV_105	1.105	9.469	0.278164358221791	0.447712157518883	NotSig	0.06	0.029	0	0.015	0.077	0.002	0	0.002	0	0.092	0.016	0	0.07	1.146	0.051	0.012	0.022	0.037	0.013	0.004	0.004	0.093	0	0	0.038	0.085	0	0	0.006	0	0.495	0	0	0.007	0.002	0.002	0.046	0.043	0.005	0.033	0	0	0	0	0.002	0.034	0.003	0	0.001	0.121	0.26	0	0.006	0	0.001	0.012	0
ASV_49	0.741	11.832	0.283127096649087	0.450759747243005	NotSig	0.298	0.262	0.1	0.112	0.379	0.058	0.137	0.169	0.044	0.949	0.224	0.093	0.772	0.31	0.075	0.916	0.166	0.088	0.9	0.243	0.198	0.031	0.005	1.007	0.028	0.004	0.044	1.684	0.026	0.13	0.002	0.002	0.164	2.22	0.161	0.006	0.041	0.04	0.038	0.012	0.22	0.131	0.116	0.222	0.201	2.225	0.027	0.808	0.037	0.013	0.006	0.02	0.03	0.001	0.003	0.224	0.002
ASV_116	0.767	10.639	0.287779951052159	0.450759747243005	NotSig	0.183	0.091	0.04	0.091	1.6	0.039	0.122	0.065	0.024	0.079	0.063	0.015	0.206	0.127	0.224	0.29	0.21	1.176	1.082	1.354	0.123	0.02	0	0.021	0.06	0.006	0.012	0.007	0.014	0.077	0.002	0.005	0.006	0.008	0.047	0.002	0.03	0.005	0.04	0.004	0.005	0.022	0.451	0.184	0.173	0.32	0.007	0.009	0.086	0.01	0.021	0.1	0.001	0	0	0.004	0
ASV_31	-0.709	12.958	0.288059483445234	0.450759747243005	NotSig	0.381	0.743	0.118	0.027	0.059	0.016	0.097	0.316	0.116	0.107	0.022	0.066	0.046	0.071	0.022	0.009	0.02	0.03	0.099	0.103	0.451	0.321	0.007	0.012	1.899	2.971	1.013	0.133	0.44	0.22	0.637	0.075	0.19	0.12	0.081	0.017	0.25	0.165	0.795	3.954	0.081	0.057	0.044	0.122	0.225	0.154	0.335	0.16	0.992	0.08	1.725	0.01	0.101	1.637	3.537	0.021	2.003
ASV_90	-0.723	12.988	0.29080401939426	0.450879626400274	NotSig	0.387	0.77	0.947	0.014	0.026	0.365	0.126	0.049	0.204	0.043	0.088	0.134	0.096	0.066	0.148	0.014	0.049	0.091	0.075	0.04	0.128	0.031	0.628	0.214	0.144	0.153	0.033	0.172	0.042	0.198	1.875	0.166	4.974	0.355	0.011	0.653	0.319	0.137	0.367	0.019	2.274	0.025	0.091	0.093	0.09	0.029	0.762	3.513	0.184	2.407	0.026	0.006	0.02	3.871	0.001	0.064	0.39
ASV_123	-0.779	9.708	0.296209752857978	0.455085893027257	NotSig	0.07	0.135	0.005	0.087	0.01	0.117	0.164	0.288	0.043	0.002	0.217	0.203	0.863	0.331	0.055	0.009	0.01	0.009	0.015	0.004	0.015	0	0	0.012	0.007	0.009	0.08	0.05	0.005	0.068	0.009	0	0.097	0.005	0.003	0	0.007	0.006	0	0.002	0.003	0	0.301	1.488	0.062	0	0	0.002	0.089	0.057	0.019	0	0.001	0.004	0.001	0.001	0.002
ASV_146	-0.669	9.865	0.301641981515432	0.458448022700847	NotSig	0.074	0.056	0.032	0.05	0.041	0.098	0.064	0.091	0.038	0.026	0.082	0.373	0.106	0.101	0.081	0.129	0.331	0.363	0.057	0.153	0.123	0.007	0.002	0.067	0.006	0	0	0.001	0.019	0.002	0.044	0.009	0.008	0.101	0.059	0.017	0.142	0.096	0.006	0	0.019	0.006	0.012	0.123	0.111	0.064	0	0.033	0.001	0.003	0.071	0.409	0.002	0	0.001	0.01	0
ASV_70	0.943	11.029	0.303823541671567	0.458448022700847	NotSig	0.282	0.102	0.347	0.001	0.007	4.502	0.765	0.564	2.256	1.426	0.101	0.102	0.07	0.262	0.051	0.024	0.047	0.282	0.061	0.088	0.121	0.007	0	0.003	0.003	0	0.006	0.033	0.011	0.03	0	0	0.002	0.001	0.02	0	0.062	0.001	0.009	0.004	0.003	0	0.16	0.161	0.727	0.066	0.002	0.005	0.008	0.003	0.004	0.035	0	0	0	0.36	0
ASV_156	1.116	9.398	0.311817464620506	0.466346473635978	NotSig	0.08	0.042	0.051	0.001	0.013	0.011	0.012	0.002	0.006	0.002	0.214	0.848	0.029	0.053	0.329	0.636	0.823	0.056	0.019	0.056	0.009	0	0.003	0.006	0.001	0	0	0	0	0	0	0.002	0	0.001	0	0	0	0.004	0	0	0	0	0.017	0.074	0.003	0.528	0	0.002	0	0.002	0	0.001	0	0	0	0	0.005
ASV_13	0.718	14.746	0.323786959422729	0.479999966161764	NotSig	1.372	1.122	0.131	0.13	0.124	0.47	0.585	0.161	0.432	0.068	0.072	0.131	0.209	0.132	0.366	0.045	0.114	0.102	0.239	0.149	0.992	0.104	0.805	0.696	0.805	0.508	0.226	0.674	0.686	1.696	6.362	4.937	5.043	0.16	0.288	1.179	0.69	0.433	1.174	0.058	8.932	14.791	0.559	0.617	0.251	0.098	0.689	2.11	0.316	4.034	0.092	0.01	0.269	4.133	0.55	2.172	0.932
ASV_103	-0.598	11.458	0.346141218225555	0.50737813173315	NotSig	0.177	0.275	0.022	0.013	0.057	0.012	0.035	0.056	0.005	0.243	0.038	0.012	0.074	0.225	0.026	0.075	0.015	0.007	0.048	0.044	0.064	0.439	0.003	0.046	0.593	0.064	0.4	0.011	0.596	0.008	0.099	0.132	0.093	0.013	0.02	0.033	0.113	0.148	2.687	0.165	0.139	0.217	0.008	0.033	0.102	0.078	0.166	0.023	0.58	0.034	1.83	0	0.02	0.133	0.205	0.134	0.776
ASV_78	0.588	10.626	0.348259546041689	0.50737813173315	NotSig	0.113	0.096	0.145	0.175	0.175	0.03	0.106	0.372	0.032	0.051	0.217	0.039	0.12	0.154	0.128	0.202	0.047	0.023	0.057	0.245	0.066	0.054	0.003	0.177	0.031	0.02	0.018	0.028	0.029	0.123	0.013	0.005	0.028	0.015	0.009	0.004	0.148	0.026	0.109	0.054	0.021	1.231	0.15	0.14	0.151	0.406	0.024	0.046	0.013	0.361	0.084	0.056	0.005	0	0	0.009	0.002
ASV_48	0.64	10.907	0.357569657965429	0.516489505950064	NotSig	0.167	0.118	0.124	0.133	0.119	0.2	0.178	0.184	0.125	1.411	0.006	0.033	0.029	0.034	0.018	0.111	0.111	0.147	0.66	0.448	0.064	0.041	0.002	0.775	0.091	0.009	0.002	0.003	0.003	0.024	0	0.077	0.168	0.02	0.852	0.035	0.089	0.241	0.033	0.012	0.043	0.035	0.168	0.256	0.317	0.548	0.005	0.002	0.044	0.001	0.241	0.169	0.019	0	0.003	0.001	0
ASV_126	0.81	11.709	0.361804151639158	0.518177132432354	NotSig	0.159	0.122	0.003	0.028	0.003	0.016	0.022	0.003	0.011	0.021	0.006	0.024	0.002	0.029	0.02	0.012	0.007	0.014	0.017	0.008	0.004	0.035	0.158	0.085	0.018	0.015	0.006	0.004	0.003	0.011	3.469	0.004	0.002	0.021	0.15	0.035	0.093	0.067	0.05	0.014	0.2	1.652	0.004	0.086	0	0.024	0.005	0.297	0.04	0.369	0.056	0.011	0.181	0.753	0	0.008	0.002
ASV_174	0.74	10.796	0.376620281993249	0.534864097956798	NotSig	0.204	0.126	0.006	0.056	0.062	0.109	0.086	0.895	0.016	0.495	0.047	0.036	0.305	0.024	0.043	0.092	0.049	0.773	0.134	0.075	0.007	0.025	4.234	0.146	0	0.064	0.042	0.014	0.018	0.106	0	0	0	0.002	0	0.041	0.013	0.011	0.134	0.002	0	0.007	0.031	0.156	0.752	0.064	0.128	0.193	0.518	0.037	0.006	0	0.002	0	0	0	0
ASV_73	-0.586	11.467	0.379820968467137	0.534914530591218	NotSig	0.253	0.176	0.866	0.035	0.036	0.37	0.136	0.121	1.996	0.23	0.23	0.051	0.118	0.101	0.24	0.862	0.18	0.65	0.627	1.316	0.723	0.024	0.015	0.336	0.007	0.001	0.091	0.022	0.1	0.033	0.095	0	0	0.017	0.139	0.033	0.06	0.018	0.093	0.002	0.124	0.007	0.112	0.117	0.092	0.166	0.029	0.021	0.033	0.003	0.043	0.069	0.002	0.013	0	1.939	0.002
ASV_159	0.728	12.717	0.387073171117575	0.540622858833638	NotSig	0.362	0.236	0.008	0.205	0.07	0.275	0.062	0.048	0.114	0.009	0.013	0.394	0.01	0.029	0.012	0.059	0.012	0.012	0.023	0.006	0.134	0.016	0.061	0.11	0.048	0.02	0.012	0.031	0.035	0.003	0.062	0.185	0.269	0.036	10.999	0.066	0.24	0.445	0.04	0.029	0.272	0.01	0.031	0.074	0.061	0.017	0.003	0.341	0.006	0.078	0.06	0.089	0.005	1.894	0.024	0.774	0.084
ASV_154	-0.55	10.973	0.390798261250984	0.541351689765707	NotSig	0.102	0.149	0.059	0.077	0.062	0.081	0.015	0.062	0.123	0.132	0.022	0.018	0.05	0.04	0.061	0.162	0.047	0.068	0.04	0.046	0.024	0.117	0	0.049	0.006	0.07	0.009	0.025	0.008	0	0.02	0.024	0.006	1.355	0.711	0.048	0.034	0.072	0.228	0.048	0.035	0.03	0.01	0.013	0.106	0.076	0.019	0.051	0.035	0.005	0.507	0.007	0.116	0.341	0.027	0.285	0.632
ASV_29	-0.444	12.178	0.395805480094492	0.543830293788367	NotSig	0.359	0.388	0.952	0.091	0.348	0.461	0.072	0.426	0.516	2.232	0.469	0.272	0.329	0.228	0.061	0.139	0.082	0.172	0.193	0.169	0.589	1.033	1.376	0.519	0.098	0.096	0.159	0.472	0.206	0.483	0.048	0.015	0.636	0.005	0.005	0.234	0.13	0.036	0.396	0.064	0.494	0.052	0.035	0.137	0.319	0.179	0.429	1.321	0.08	0.274	1.069	0.024	0.577	0.201	0.019	0.062	1.088
ASV_142	0.867	11.913	0.405174512118759	0.552213649581212	NotSig	0.217	0.155	0	0	0	0	0.002	0.002	0.062	0	0.003	0.003	0.041	0.405	0.01	0	0.005	0.005	0.008	0	0.062	0.003	0.007	0.034	0.006	0.198	0.012	0.006	0.027	0.516	0.818	0.016	0.038	0.022	0	0.01	0.385	0.473	0.071	4.758	0.662	0.004	0	0.011	0.002	0.005	1.923	0.039	0.039	0.061	0.017	0.001	0.002	0.001	0.229	0	0.002
ASV_16	-0.704	12.778	0.432088299706975	0.584183381203831	NotSig	0.554	0.53	0.341	4.865	1.079	0.163	0.842	0.089	0.158	0.247	0.18	2.021	0.484	1.831	0.118	0.753	0.637	0.433	0.952	6.36	0.187	0.005	0.002	0.027	0.003	0.008	0.003	0.006	0	0.002	0	0.06	0.186	0.082	0	0	0.001	0	0.001	0.006	0.012	0	1.159	1.97	0.09	1.377	0.002	0.114	0.469	0.008	0.002	2.756	0	0.001	0	0.003	0
ASV_36	0.449	11.497	0.438636851418185	0.58774378979155	NotSig	0.3	0.189	0.132	0.64	0.325	0.342	0.327	0.111	0.16	0.868	0.091	0.373	0.796	0.614	0.144	0.421	0.467	1.378	1.139	0.856	0.336	0.05	0.003	0.012	0.046	0.011	0.042	0.014	0.805	0.038	0.092	0.016	0.113	0.252	0.131	0.008	0.495	0.021	0.252	0.01	0.04	0.009	0.636	0.132	0.71	0.315	0.104	0.072	0.171	0.016	0.281	0.135	0.012	0	0.007	0.235	0.005
ASV_135	0.609	9.072	0.441677285819686	0.58774378979155	NotSig	0.051	0.04	0.026	0.06	0.513	0.007	0.005	0.013	0	0.35	0.003	0	0.067	0.119	0.057	0.061	0.119	0.107	0.117	0.046	0.095	0.007	0	0.015	0.137	0.015	0.002	0.007	0.003	0.003	0	0.002	0.046	0.01	0.005	0.006	0.003	0.003	0	0.004	0	0	0.002	0.01	0.026	0.44	0.031	0.023	0.065	0.001	0	0.001	0	0	0	0.003	0.002
ASV_10	1.284	11.736	0.44837683911456	0.591997545393442	NotSig	0.328	0.115	0.077	0.006	0.003	0	0	0	0	0	0	0	0	0	0	0	0	0	0	0	0	0	0.002	0.003	0	0.85	0	0	0.002	0.008	0.002	0	0.004	0.739	0	0.002	0	11.42	0.003	0.004	0.001	0	0.027	0	0.007	0	0	0.005	0.758	0.925	0	0	0	0	0	0	0
ASV_71	0.524	9.599	0.457014103183144	0.598723902619777	NotSig	0.084	0.064	0.006	0.013	0.007	0.021	0.357	0.035	0.158	0.188	0.035	0.087	0.257	1.519	0.051	0.024	0.067	0.058	0.01	0.036	0.002	0.013	0.005	0.031	0	0	0.005	0.007	0.006	0.03	0	0.009	0.01	0.078	0.009	0.035	0.079	0.048	0.005	0.043	0.013	0.016	0.179	0.112	0.021	0.015	0.007	0.599	0.001	0.009	0.004	0.004	0.002	0	0	0.008	0
ASV_122	0.631	13.42	0.46359281327471	0.602670657257123	NotSig	0.539	0.44	0.021	0.008	0.008	0.17	0.101	0.006	0.038	0.041	0.05	0.081	0.149	0.056	0.039	0.073	0.077	0.044	0.027	0.036	0.009	0.01	0.965	0.061	0.139	0.033	0.003	0.735	0.019	0.283	13.735	0.06	0.051	2.491	0.034	0.877	0.068	0.063	0.809	0.025	0.032	0.017	0.123	0.096	0.005	0.046	0.624	0.615	0.04	2.2	0.23	0.038	0.047	0.557	0.003	1.971	0
ASV_235	-0.477	10.309	0.473406549060757	0.610730586192886	NotSig	0.11	0.145	0.055	0.367	0.168	0.288	0.334	0.141	0.245	0.019	0.035	0.579	0.141	0.635	0.108	0.259	0.074	0.123	0.082	0.063	0.196	0.005	0.012	0.024	0.006	0.017	0.002	0	0.014	0.014	0.004	0.005	0.014	0.016	0.136	0.008	0.049	0.166	0	0	0.004	0.001	0.532	0.911	0.376	0.103	0	0.012	0.012	0.036	0.004	0.169	0.002	0.008	0	0	0.006
ASV_87	0.499	13.072	0.50587630194899	0.647674962343783	NotSig	0.592	0.39	0.086	0.031	0.144	0.026	0.05	0.049	0.173	0.328	0.158	0.066	0.444	0.384	0.104	0.019	0.047	0.056	0.302	0.172	0.048	6.24	0.044	0.009	0.086	0.408	10.301	0.144	2.798	0.12	0.029	0.055	0.119	0.051	0.027	0.079	0.172	0.096	0.035	0.081	0.087	0.026	0.085	0.038	0.4	0.22	0.149	0.039	0.482	0.086	1.574	0.004	0.198	0.014	0.065	2.281	0.208
ASV_152	0.38	10.274	0.511380379066545	0.649799128287564	NotSig	0.107	0.077	0.12	0.141	0.052	0.128	0.101	0.116	0.071	0.043	0.104	0.316	0.122	0.302	0.128	0.184	0.156	0.091	0.134	0.082	0.114	0.001	0.059	0.369	0.003	0.002	0.015	0.001	0.029	0.02	0.024	0	0.008	0.024	0.085	0.01	0.457	0.077	0.046	0.021	0.047	0.471	0.212	0.368	0.149	0.086	0.01	0.079	0.018	0.016	0.024	0.131	0.044	0	0.015	0.003	0.005
ASV_55	0.445	13.62	0.519558922083507	0.652486178671002	NotSig	0.796	0.537	0.602	0.013	0.054	0.112	0.815	0.083	0.062	0.45	0.35	0.722	0.331	0.233	0.116	0.217	0.662	1.159	0.363	0.341	0.341	0.051	0.875	0.064	0.039	0.033	0.026	2.321	0.064	0.972	1.064	0.207	6.19	6.969	0.106	0.562	0.248	0.151	0.593	0.019	4.162	0.08	0.972	0.382	0.156	0.117	0.055	0.146	0.136	2.252	0.204	0.135	0.396	0.315	0.001	2.623	0.168
ASV_8	0.433	14.591	0.525984667406942	0.652486178671002	NotSig	1.727	1.25	0.541	0.503	1.308	0.282	0.298	0.803	1.331	0.215	0.718	0.842	0.683	0.463	0.171	0.292	0.381	0.666	1.233	0.636	0.328	0.557	1.493	0.088	0.276	21.347	15.52	2.393	7.696	3.115	0.169	0.057	0.15	0.127	0.232	0.294	1.07	0.404	1.488	0.29	0.407	0.22	0.116	0.238	3.221	1.355	1.567	0.272	1.439	0.574	0.045	0	0.506	0.045	0.236	1.343	7.789
ASV_77	0.421	11.395	0.526226945008669	0.652486178671002	NotSig	0.295	0.185	0.026	0.109	0.065	0.172	0.629	1.35	0.114	0.537	0.413	2.129	0.597	0.156	0.224	0.202	0.741	1.183	0.279	0.473	0.053	0.001	0.008	0.381	0	0.006	0.003	0.006	0.01	0.033	0.204	0	0.008	0.444	0.039	0.015	0.625	0.436	0.035	0.014	0.028	0.049	0.723	0.358	0.894	0.127	0.009	0.139	0.008	0.01	0.137	0.234	0.004	0.004	0.001	0.117	0.006
ASV_72	-0.445	12.05	0.528938499869392	0.652486178671002	NotSig	0.237	0.331	0.001	0.032	0.153	0.456	0.075	0.13	0.491	0.122	0.06	0.054	0.146	0.034	0.014	0.355	0.158	0.002	0.061	0.019	0.057	0.055	0.102	0.345	0.043	0.07	0.026	0.082	1.46	0.002	0	0.015	0.061	3.755	0.745	0.023	0.038	0.172	0.033	0.017	0.017	0	0.06	0.027	0.286	0.223	0.675	0.829	0.124	0.01	0.039	0.251	0.001	0.498	1.056	0.869	0.011
ASV_27	-0.351	13.473	0.601516088264048	0.73663926751177	NotSig	0.675	0.9	0.811	0.264	0.131	0.04	0.035	0.382	0.245	0.234	0.016	0.033	0.103	0.368	0.041	0.024	0.047	0.035	0.149	0.088	0.396	0.553	0.085	0.119	4.885	7.863	2.474	1.299	0.117	0.563	0.044	0.02	0.119	0.021	0.814	0.114	0.323	0.299	2.752	0.149	0.295	0.662	0.01	0.095	0.57	0.262	3.621	0.423	0.398	0.285	0.028	0.013	0.336	1.315	5.693	0.184	0.274
ASV_88	0.423	12.993	0.618613910985901	0.748109977594194	NotSig	0.395	0.492	0.041	0.007	0.023	0.051	0.007	0.038	0.079	0.034	0.044	0.075	0.029	0.122	0.01	0.035	0.012	0.03	0.01	0.01	0.081	0.36	0.764	0.369	0.365	0.034	0.018	0.025	0.056	0.58	9.696	0.013	0.03	0.024	0.022	2.195	0.077	0.103	0.024	0.015	0.246	0.025	0.01	0.119	0.012	0.022	0.089	4.332	0.027	1.555	0.079	0.028	0.971	0.013	0.118	0	0.003
ASV_81	-0.363	12.989	0.619736076113534	0.748109977594194	NotSig	0.38	0.403	0.006	0.008	0.145	0.116	0.173	0.086	0.19	0.006	0.18	0.081	0.101	0.122	0.016	0.026	0.035	0.019	0.071	0.036	0.196	0.169	0.65	0.031	0.992	0.418	1.06	0.124	0.111	0.336	3.86	0.042	0.085	0.012	0.017	4.125	0.159	0.239	0.019	0.819	0.216	0.106	0.05	0.085	0.092	0.086	0.156	0.659	0.728	0.163	0.193	0	3.199	0.023	0.071	0.003	0.545
ASV_149	0.32	9.842	0.635499906426413	0.758342126159427	NotSig	0.09	0.087	0.009	0.117	0.046	0.784	0.151	0.199	0.12	0.058	0.013	0.024	0.098	0.135	0.037	0.181	0.109	0.114	0.103	0.222	0.053	0.008	0	0.009	0.003	0.011	0.002	0.001	0.027	0.017	0.002	0	0.018	0.143	0.088	0.012	0.017	0.015	0.626	0.008	0	0.012	0.295	0.198	0.215	0.315	0.009	0.244	0.001	0.005	0.009	0.001	0.001	0	0	0.001	0.011
ASV_311	0.28	9.599	0.637186875234548	0.758342126159427	NotSig	0.076	0.065	0.038	0.148	0.106	0.051	0.047	0.024	0.052	0.092	0.032	0.015	0.118	0.069	0.065	0.351	0.067	0.084	0.419	0.418	0.095	0.031	0.003	0.079	0.014	0.012	0.002	0.006	0.092	0.039	0.022	0.009	0.022	0.037	0.011	0	0.315	0.031	0.013	0.004	0.013	0.009	0.272	0.074	0.081	0.403	0.005	0.007	0.068	0.038	0.006	0.013	0.002	0.001	0	0	0
ASV_76	-0.248	11.38	0.646145158712052	0.761503151211188	NotSig	0.182	0.175	0.128	0.046	0.029	0.114	0.235	0.116	0.117	0.053	0.072	0.245	0.156	0.193	0.175	0.162	0.544	1.12	0.291	0.305	0.209	0.076	0.022	0.067	0.253	0.037	0.023	0.294	0.41	0.239	0.064	0.375	0.024	0.473	0.097	0.064	0.061	0.047	0.158	0.134	0.041	0.017	0.229	0.132	0.199	0.127	0.212	0.116	0.114	0.006	0.12	0.031	0.016	0	0.019	0.947	0.353
ASV_75	-0.313	10.947	0.648854756061604	0.761503151211188	NotSig	0.154	0.225	0.091	1.317	0.23	0.715	0.089	0.083	0.249	0.232	0.013	0.003	0.448	0.106	0.104	1.001	0.141	0.033	0.185	0.096	0.117	0.021	0.007	0.049	0.006	0.014	0.015	0.026	0.066	0.307	0	0	0.115	0.044	0.016	0.015	0.009	0.047	0.055	0.002	0.027	0.061	1.17	0.156	0.119	1.663	0.012	0.033	0.035	0.105	0	0.079	0.004	0	0	0.003	0.002
ASV_115	0.293	10.229	0.659178180440002	0.76341922898561	NotSig	0.123	0.098	0.006	0.018	0.162	0.107	0.267	0.076	0.017	0.1	1.874	0.242	0.17	0.209	0.1	0.165	0.049	0.23	0.151	0.157	0.042	0.017	0	0	0.065	0.004	0.005	0.09	0.013	0.092	0.018	0.011	0.012	0.016	0.074	0.002	0.076	0.005	0.183	0.101	0.009	0.001	0.708	0.198	0.185	0.044	0.003	0.005	0.05	0.005	0.258	0.013	0.001	0.003	0	0	0.002
ASV_169	0.376	9.421	0.659521937466858	0.76341922898561	NotSig	0.062	0.053	0.006	0.296	0.064	0.026	0.012	0.065	0.098	0.055	0.447	0.024	0.249	0.029	0.022	0.339	0.227	0.03	0.01	0.126	0.04	0	0	0.006	0	0.013	0.005	0	0	0.058	0	0.022	0.065	0.054	0.006	0	0.082	0.004	0	0	0.005	0	0.004	0.017	0.094	0.337	0	0.002	0.306	0.037	0	0.001	0	0	0	0	0
ASV_6	0.301	13.618	0.671828899235891	0.772374720890243	NotSig	1.281	0.939	2.961	2.545	5.403	0.605	0.986	2.073	0.621	6.026	2.391	0.158	3.216	2.067	1.122	3.804	1.828	0.515	2.55	2.992	1.651	0.008	0.032	5.48	0.008	0.039	0.058	0.01	0.111	0.074	0.332	0.015	0.166	0.101	0.027	0.037	0.094	0.346	0.563	0.112	0.057	0.05	0.15	0.264	2.449	8.282	0.021	0.404	0.46	0.331	0.007	1.667	0.019	0	0.009	0	0.023
ASV_63	0.236	11.092	0.709189181686389	0.804021470148364	NotSig	0.196	0.168	0.013	0.177	0.282	0.079	0.292	0.056	0.123	0.243	0.28	0.224	0.271	0.064	0.069	0.228	0.057	0.638	0.606	1.031	0.11	0.05	0.002	0	0.025	0.01	0.035	0.038	1.611	0.021	0.125	0.02	0.05	0.583	0.075	0.029	0.16	0.019	0.129	0.006	0.009	0.006	0.592	0.133	0.348	0.122	0.185	0.007	0.134	0.007	0.853	0.071	0.004	0.001	0	0.062	0.002
ASV_203	-0.25	10.4	0.712597854510078	0.804021470148364	NotSig	0.092	0.085	0.046	0.024	0.093	0.018	0.025	0.094	0.044	0.015	0.057	0.075	0.012	0.058	0.004	0.019	0.015	0.019	0.088	0.023	0.064	0.022	0.207	0.015	0.027	0.034	0.008	0.057	0.01	2.146	0.048	0	0	0.013	0	0.014	0.164	0.02	0.018	0.015	0.051	0.007	0	0.016	0.023	0.066	0.065	0.104	0.184	0.043	0.037	0.017	0.189	0	0.193	0.014	0.323
ASV_97	0.199	11.337	0.713628523800323	0.804021470148364	NotSig	0.212	0.174	0.083	0.052	0.255	0.098	0.106	0.129	0.13	0.748	0.161	0.251	0.494	0.13	0.108	0.106	0.084	0.163	0.34	0.289	0.11	0.25	0.063	0.034	0.297	0.322	0.832	0.211	1.741	0.323	0.086	0.011	0.01	0.013	0.042	0.1	0.073	0.077	0.026	0.079	0.044	0.01	0.087	0.086	0.166	0.276	0.202	0.091	0.256	0.041	0.848	0.003	0.138	0.004	0.004	0.084	0.324
ASV_96	0.401	9.66	0.722419703811991	0.80853595989554	NotSig	0.066	0.057	0.005	0	0.003	0	0	0	0.002	0	0	0.015	0	0	0	0	0	0.002	0	0	0	0.02	1.54	0.375	0.001	0.313	0.026	0.001	0.027	0.002	0.002	0.002	0	0.005	0.022	0.245	0.004	0.026	0	0	0	0.001	0	0.001	0.002	0	0.263	0.539	0.003	0.021	0.007	0	0.012	0.003	0	0	0.008
ASV_144	0.201	9.501	0.769569792387138	0.855640098114646	NotSig	0.072	0.028	0.146	0.011	0.096	0.114	0.089	0.048	0.09	0.006	0.047	0.322	0.058	0.119	0.169	0.075	0.294	0.293	0.063	0.056	0.378	0	0.044	0.052	0.001	0.004	0.002	0.006	0	0.039	0.004	0.005	0.004	0.007	0.003	0.002	0.046	0.041	0.055	0.002	0.089	0.004	0.008	0.075	0.042	0.034	0	0.026	0.004	0.005	0.011	0.212	0.002	0	0	0	0
ASV_47	-0.207	10.964	0.783234293482444	0.863692748185636	NotSig	0.19	0.146	0.218	0.042	0.087	1.883	1.434	0.243	0.283	0.622	0.198	0.039	0.36	0.05	0.069	0.115	0.084	0.412	0.151	0.4	0.079	0	0	0.021	0.001	0.002	0	0	0.002	0.002	0.002	0.046	0	0.149	0.38	0.004	0.037	0.021	0.138	0	0.001	0.005	0.121	0.27	0.774	0.054	0.005	0.035	0.008	0.005	0.007	0.171	0.001	0	0.007	0.54	0.199
ASV_4	0.163	15.295	0.787033628524189	0.863692748185636	NotSig	3.931	3.536	1.298	0.647	0.42	2.021	9.834	2.24	2.713	3.615	9.63	20.217	5.28	1.429	11.057	3.319	10.926	6.044	9.995	10.439	4.525	0.081	0.143	12.143	3.926	0.154	0.352	0.403	0.323	0.367	0.442	0.913	0.085	5.777	2.421	0.313	3.41	6.42	2.024	1.477	0.152	0.242	22.115	12.353	8.761	3.12	0.762	1.205	1.029	0.14	0.163	1.247	0.052	0.004	0.027	2.033	0.034
ASV_3	0.166	15.043	0.795199324535476	0.867023779654809	NotSig	3.141	2.843	5.71	13.015	9.112	6.804	1.284	7.159	19.993	4.506	4.495	1.388	9.623	6.68	1.627	2.528	1.208	0.824	2.619	1.546	1.453	0.033	0.112	0.375	0.161	0.344	0.406	2.32	0.18	9.662	0.132	0.038	2.083	0.292	5.405	0.054	0.131	0.166	1.91	0.087	0.055	0.102	0.467	2.396	5.968	4.103	0.993	2.93	20.917	2.428	1.877	0.152	0.01	0.036	0.021	0.09	0.265
ASV_220	0.13	10.149	0.818839369743007	0.883527258726437	NotSig	0.107	0.099	0.058	0.207	0.131	0.277	0.392	0.426	0.111	0.053	0.035	0.206	0.156	0.331	0.096	0.264	0.168	0.189	0.134	0.073	0.213	0.009	0.025	0.043	0.003	0.011	0.002	0.003	0.018	0.017	0.152	0.002	0.012	0.028	0.078	0.025	0.086	0.202	0.008	0.021	0.016	0.007	0.229	0.43	0.504	0.081	0.012	0.012	0.021	0.038	0.011	0.102	0.005	0.005	0	0	0.031
ASV_69	0.169	13.034	0.820791595384914	0.883527258726437	NotSig	0.517	0.491	0.005	0.053	0.087	0.074	0.097	0.288	0.095	0.109	0.025	0	0.05	0.058	0.033	0.012	0.01	0.023	0.042	0.017	0.139	0.797	0.479	0.653	8.174	0.79	1.098	0.129	0.375	0.368	0.629	0.013	0.008	0.005	0.102	4.241	0.362	0.368	0.16	0.306	0.284	0.131	0.052	0.509	0.258	0.044	0.268	1.082	0.325	0.121	0.844	0	0.445	2.718	0.27	0.001	0.425
ASV_130	0.099	11.028	0.875213392710584	0.936145970684106	NotSig	0.19	0.139	0.568	0.018	1.461	0.191	0.109	0.151	0.434	0.132	0.044	0.239	0.206	0.426	0.484	0.092	0.88	0.193	0.096	0.117	0.191	0.004	0.046	0.58	0.001	0.004	0.014	0.003	0.003	0.011	0.154	0.002	0.014	0.015	0.142	0.24	0.057	0.084	0.095	0.01	0.051	0.027	0.482	0.535	0.203	0.073	0.009	0.234	0.004	0.034	0.047	0.344	0.012	0	0	0.01	0.098
ASV_99	0.105	12.608	0.900034505296653	0.956640449026002	NotSig	0.353	0.39	0.079	0	0.036	0.026	0.023	0.118	0.23	0.028	0.082	0.176	0.065	0.206	0.004	0.012	0.022	0.014	0.044	0.025	2.137	0.068	0.353	0.018	0.184	0.283	0.327	0.015	0.056	0.003	0	0.002	0.026	0.014	0.028	4.641	0.119	0.143	0.063	2.086	1.737	0.627	0	0.563	0.042	0.208	0.106	0.009	0.084	4.656	0.026	0.007	0.072	0.072	0.006	0	0.003
ASV_148	0.154	9.237	0.909805322993233	0.960981872411602	NotSig	0.036	0.039	0.067	0.001	0	0	0	0	0	0	0.003	0	0	0	0.006	0	0.007	0	0	0	0	0.59	0	0.015	0.06	0.006	0.005	0	0.265	0	0	0	0.002	0	0	0	0	0	0.001	0.318	0.072	0.039	0	0.001	0	0	0.002	0.002	0.558	0	0	0	0.022	0	0	0	0
ASV_56	-0.082	13.09	0.921151694977384	0.966923207771292	NotSig	0.509	0.612	0.772	0.003	0.005	0.096	0.178	1.547	0.291	0.002	0	0.021	0.086	0.029	0.252	0.021	0.022	0.037	0.103	0.04	0.163	0.107	0.032	0.488	0.99	0.372	8.036	0.235	0.233	3.489	0.002	0.035	0.164	0.067	0.002	0.025	0.191	0.098	0.104	0.025	0.13	1.864	0.015	0.148	0.403	0.09	3.855	0.169	1.131	3.227	0	0.001	0.046	0	0.086	0	0.002
ASV_1	-0.041	16.081	0.94069574246256	0.976335478544011	NotSig	6.212	5.672	5.815	31.267	6.652	21.516	15.99	12.146	4.341	8.721	2.293	2.654	11.062	13.333	3.882	19.785	8.443	7.865	5.961	6.722	10.891	0.43	0.735	13.379	0.394	0.256	0.161	0.168	1.44	1	0.675	0.812	6.027	0.355	1.947	1.3	8.316	2.578	3.521	1.477	3.556	0.621	23.926	16.554	11.594	13.581	0.167	3.092	0.317	0.668	1.284	9.567	0.184	2.81	0.235	0.4	0.693
ASV_9	0.038	14.229	0.94935202264497	0.976335478544011	NotSig	1.186	1.195	1.956	0.311	0.397	1.183	0.54	0.99	1.227	0.345	0.765	0.672	0.573	0.214	0.102	0.325	0.17	0.317	1.172	0.87	0.244	2.515	0.345	6.706	0.756	0.391	0.678	0.793	10.564	1.633	0.253	5.162	1.715	0.131	0.114	0.24	0.448	0.257	0.524	0.333	1.323	0.169	0.362	0.375	1.039	0.335	2.037	3.013	0.91	0.189	3.06	0.056	0.691	0.199	0.003	5.401	0.259
ASV_32	0.039	11.666	0.949677619455913	0.976335478544011	NotSig	0.338	0.331	0.019	0.747	0.167	1.813	1.128	0.685	0.608	0.264	0.23	2.147	0.118	1.554	0.179	0.261	0.289	0.137	0.14	0.224	0.139	0.018	0.01	0.055	0.007	0.041	0.003	0.021	0.021	0.114	0.007	0.009	0.008	0.031	0.297	0.01	1.309	0.131	0.025	0.07	0.446	0.029	0.534	2.903	0.284	0.213	0.031	0.332	0.109	0.315	0.026	0.138	0.002	0.001	0.003	0.006	0.073
ASV_91	0.048	11.94	0.957711870632347	0.976335478544011	NotSig	0.256	0.296	0.013	0.003	0.029	0.004	0.03	0.057	0.002	0.279	0.425	0.069	0.017	0.069	0.008	0.009	0.025	0.1	0.075	0.322	0.024	0.043	0.01	0.018	0.046	0.017	0.728	6.894	0.104	0.691	0	0	0	0	0.005	0.002	0.106	0.004	0.004	0	0.001	0.004	0.002	0.027	0.438	0.137	0.017	0.102	0.675	0.013	0	0	0	0.036	2.777	0.185	0.028
ASV_23	-0.032	13.411	0.959004079516603	0.976335478544011	NotSig	0.745	0.641	0.934	0.292	0.287	0.407	0.303	1.005	0.685	0.111	0.608	0.454	0.189	0.159	0.067	0.087	0.193	0.247	0.776	0.362	0.178	1.898	0.146	1.992	0.707	0.203	0.376	0.553	8.048	1.071	0.099	0.717	5.049	0.093	0.097	0.224	0.209	0.118	0.142	0.207	0.446	0.074	0.229	0.191	0.703	0.259	1.336	0.833	0.434	0.087	1.151	0.006	0.346	0.044	0	3.893	0.099
ASV_43	0.019	12.507	0.97338002593285	0.984501864713011	NotSig	0.397	0.345	0.238	0.302	0.297	0.594	0.473	0.816	0.423	0.188	0.189	0.496	0.369	0.254	0.27	0.581	0.509	0.324	0.224	0.291	0.358	0.01	0.015	0.564	0.107	0.043	0.018	0.054	0.034	0.13	0.231	0.088	1.861	1.507	1.997	0.073	0.485	0.766	0.203	0.019	0.291	0.191	0.594	0.697	0.495	0.428	0.041	0.142	0.298	0.093	0.129	0.708	0.02	0.619	0.032	0.622	0.262
ASV_34	0.019	13.316	0.978676409892224	0.984501864713011	NotSig	0.495	0.727	0.296	0.12	0.072	0.061	0.04	0.447	0.302	0.09	0.082	0.039	0.101	0.302	0.043	0.071	0.032	0.051	0.013	0.05	0.013	0.831	0.448	0.049	1.422	0.829	0.505	0.018	0.312	0.018	0.253	0.834	0.172	2.779	0.092	0.124	0.134	0.168	0.103	8.075	0.044	0.385	0.054	0.065	0.769	0.029	0.238	0.2	0.623	0.052	5.906	0.004	0.098	0.064	0.146	2.623	0.035
ASV_147	-0.009	9.984	0.989792574483097	0.989792574483097	NotSig	0.098	0.082	0.031	0.068	0.807	0.037	0.137	0.054	0.009	0.041	0.091	0.027	0.108	0.087	0.083	0.094	0.072	0.589	0.648	0.603	0.022	0.003	0	0.031	0.008	0.033	0.017	0.001	0.016	0.008	0.062	0.002	0	0.01	0.07	0.002	0.034	0.001	0.003	0.002	0.009	0.012	0.443	0.184	0.118	0.225	0.003	0.002	0.025	0.002	0.019	0.007	0.005	0	0.001	0.194	0.003
