ID	log2FC	log2CPM	PValue	FDR	level	MeanA	MeanB	HS00P003	HS00P004	HS00P010	HS00P011	HS00P012	HS00P014	HS00P019	HS00P025	HS00P029	HS00P034	HS00P036	HS00P040	HS00P041	HS00P042	HS00P044	HS00P045	HS00P046	HS00P047	HS00P048	HS00P050	HS00P051	HS00P055	HS00P056	HS00P057	HS00P058	HS00P059	HS00P061	HS00P063	HS00P064	HS00P068	HS00P071	HS00P072	HS00P073	HS00P074	HS00P075	HS00P077	HS00P082	HS00P93	HS00P96	HS00P109	HS00P110	HS00P118	HS00P137	HS00P142	HS00P167	HS00P176	HS00P179	HS00P192	HS00P198	HS00P201	DS00P030	DS00P037	DS00P049	DS00P054	DS00P060	DS00P065	DS00P076	DS00P119	DS00P138	DS00P140	DS00P166	DS00P172	DS00P180	DS00P191	DS00P193	DS00P194	DS00P196
ASV_66	-4.578	12.194	1.77624777201897e-07	3.00185873471206e-05	Depleted	0.055	1.03	0.056	0	0	0.614	0	0.109	0.022	0	0	0.008	0.007	0	0	0	0.139	0.195	0.238	0.073	0.026	0.108	0	0	0.002	0.023	0.002	0	0.028	0.014	0.017	0	0.018	0.461	0.159	0.009	0.131	0.12	0.092	0.027	0.001	0	0	0.004	0	0	0	0.015	0.003	0	0.007	0.001	0.007	0.005	0.002	0.088	0.592	0	13.753	1.738	0.007	0.003	0.004	0	1.305	0	0.001	0.001	0
ASV_10	13.082	14.016	2.81401195245797e-06	0.000225211181382576	Enriched	1.566	0	0.003	0.003	0	0.035	0.426	0.066	0	0	0	0	0	0	0	0	0	0	0	0.744	0	62.752	0	0	1.706	0	4.073	0.015	0.003	0	0	0	0.001	0	8.434	0.002	0.001	0	0	0	0	0	0	0	0.002	0.008	0.005	0.003	0	0.002	0	0	0	0	0	0	0	0	0	0	0	0	0	0	0	0	0	0	0
ASV_98	-5.297	12.912	3.99783162217591e-06	0.000225211181382576	Depleted	0.048	1.015	0	0	0	0	0	0.027	0.68	0	0	0.125	0	0	0.182	0	0	0.076	0.846	0	0	0.011	0.131	0	0.034	0.183	0	0	0	0	0	0	0.001	0	0	0.004	0.035	0.009	0.002	0.004	0	0	0	0	0.002	0	0.001	0.013	0	0.036	0.004	0	0.087	0.103	0.002	0.915	0	0	0	12.625	0.004	0.014	0.001	0.015	3.482	0	0	0.013	0
ASV_203	-2.453	12.986	0.000287589265966845	0.0121506464870992	Depleted	0.178	0.894	0.008	0.011	0.013	0.019	0	0.14	0.04	0.073	0.039	0.024	0.02	0.007	0.028	0.053	0.045	0.191	0.023	0.037	0.02	0.023	0.001	0.017	0.021	0.091	0.006	0.076	0.027	0	0.002	0.025	0.301	0.007	0.04	0.034	0.356	0.03	0.005	1.597	0.007	0.192	0.007	0.024	0.003	0.008	0.688	1.564	0.068	0.273	1.012	1.626	0.007	0.103	0.019	0.146	0.046	0.095	0.019	1.861	1.861	2.235	0.162	5.095	0.541	0.687	0.99	1.332	0.003
ASV_176	-2.69	11.834	0.000472340119949334	0.0159650960542875	Depleted	0.103	0.713	0.008	0.017	0	0.003	0.003	0.005	0.003	0.016	0.009	0.004	0	0.012	0.007	0.027	0	0	0.021	0.055	0.04	0.363	0.019	0.02	0.086	0.007	0.076	0.003	0.012	0.003	0.075	0.004	0.012	0.017	2.186	0.007	0.004	0.035	0.027	0	0.011	0.446	0.286	0	1.096	0.09	0.001	0.001	0.014	0.011	0	0	0.005	0	2.559	0.003	0.218	0.003	0.082	0.003	0.346	0.008	3.074	0.011	0	0.699	0.001	0.005	5.098
ASV_20	3.093	13.685	0.00141594161141096	0.0398823553880754	Enriched	1.116	0.18	0.114	0.208	0.254	0.304	0.007	0.22	1.247	0.348	0.166	0.16	0.029	1.004	1.253	0.571	0.841	0.09	0.192	2.827	0.011	0.069	0.025	0.218	10.679	0.039	26.686	0.093	0.721	0.094	0.084	0.345	0.221	2.36	0.742	1.276	0.121	0.527	0.458	0	0.001	0	0.089	0.005	0.002	0.087	0	0.001	0.94	0.005	0	0.072	0.376	0.164	0.401	0.074	1.423	0.038	0.075	0.001	0.052	0.024	0	0	0.001	0.07	0	0.35	0.004
ASV_67	-2.619	14.721	0.00175163948321821	0.0422895818091255	Depleted	0.657	3.109	0	0	0.07	0.071	0	0.002	0.002	0.065	2.228	1.479	0.049	0.017	0.041	0.005	0.015	0.14	0.19	0.002	0.002	0.095	0.071	0.054	0.02	1.913	0.009	0.032	0.018	0.002	0	0.004	0.031	0.053	0.264	0.566	0.58	4.153	0.071	7.702	0.003	0.003	0.008	0.732	0	0.003	0.813	7.357	0.001	0.002	3.89	0.003	0.092	0.595	0	10.166	0.284	0.171	0.038	0.073	0.006	8.997	0.003	27.127	0.044	0.726	0	4.526	0.003
ASV_109	-2.072	10.782	0.00254886762376284	0.0489836374433443	Depleted	0.075	0.161	0.002	0.001	0.046	0.04	0.003	0.014	0.005	0.008	0.007	0.069	0.007	0.017	0.014	0.021	0.004	0.006	0.019	0.129	0.006	0.021	0.177	0.418	0.214	0.014	0.042	0.095	0.027	0.108	0.012	0.015	0.085	0.198	0.159	0.627	0.304	0.143	0.174	0	0.001	0	0.471	0.001	0	0	0.001	0	0	0.019	0.001	0.014	0.012	0.005	0.007	0.378	0.007	0.321	0.069	0	0.023	0	0	1.698	0.01	0.036	0.03	0.057	0.085
ASV_177	3.31	9.323	0.00260859607686449	0.0489836374433443	Enriched	0.051	0.005	0.014	0.272	0.074	0.021	0.002	0.009	0.039	0.012	0.002	0.014	0.009	0.017	0.007	0.025	0.006	0.021	0.012	0.035	0.005	0.57	0.653	0.044	0.021	0.043	0.002	0.061	0.04	0.002	0.007	0	0.003	0.005	0.038	0	0.013	0.423	0.015	0	0	0	0	0	0	0	0	0	0	0	0.001	0	0.015	0.003	0.002	0.046	0.004	0	0.006	0.01	0	0	0	0	0	0	0	0	0
ASV_96	6.519	13.157	0.0029672801520402	0.0501470345694793	Enriched	0.507	0.011	0	0	0	0.001	0	0	0	0	0	0	0.002	0	0	0	0	0	0.005	0.31	24.25	0.309	0	0.039	0.001	0.104	0	0	0.002	0	0	0.001	0.003	0	0.144	0	0.001	0.112	0	0.014	0	0	0	0.001	0	0	0.009	0.004	0.001	0.001	0.005	0.013	0	0	0.167	0.015	0	0	0.001	0.001	0	0	0.001	0	0	0	0	0	0
ASV_82	3.522	10.964	0.00338449986221536	0.0519982251558541	Enriched	0.238	0.018	0.351	0.609	0.588	2.849	0.002	0.332	0.374	2.791	0.267	0.293	0.047	0.202	0.295	1.297	0.024	0.014	0	0.002	0.002	0.02	0	0.002	0.165	0	0.157	0	0.167	0.003	0.002	0.92	0.011	0.022	0.034	0.005	0.001	0.036	0.011	0	0.001	0	0	0.001	0	0	0	0	0.004	0	0	0	0.082	0.187	0.013	0.002	0.004	0.012	0	0	0	0	0.003	0	0	0	0	0	0.004
ASV_93	2.498	11.024	0.0037958656438792	0.0534584411512987	Enriched	0.194	0.034	0.117	1.03	0.514	0.096	0.511	0.306	0.202	0.948	0.087	0.141	0.054	0.84	1.009	0.365	0.473	0.32	0	0.083	0	0.1	0	0.003	0.11	0.006	0.072	0.003	1.883	0.007	0.005	0.153	0.003	0.024	0.072	0.02	0.009	0.043	0.024	0	0.005	0.008	0.005	0.003	0.006	0	0.001	0.012	0.003	0	0.011	0.005	0.228	0.097	0.006	0.002	0.016	0.151	0.007	0.001	0.003	0.022	0.011	0	0.001	0.001	0.007	0.009	0.015
ASV_1	1.963	16.289	0.0043229815517417	0.0561987601726421	Enriched	6.543	2.098	14.743	10.12	8.835	16.468	34.954	12.539	14.043	3.031	12.206	2.164	8.18	7.516	10.709	19.742	28.314	33.595	0.077	1.696	0.416	2.603	0.19	0.136	2.862	0.174	3.023	0.599	1.25	0.628	0.365	20.447	0.498	1.187	2.747	1.812	0.371	0.744	0.69	0.03	1.661	0.45	1.804	0.171	2.789	31.84	0.003	2.512	4.88	0.246	0.46	0.633	3.553	11.285	1.198	0.126	0.622	8.055	0.426	0.477	0.214	0.266	2.606	0.008	1.27	0.572	0.704	2.556	1.72
ASV_120	-2.281	11.029	0.00615470529128215	0.074296085301906	Depleted	0.066	0.355	0.03	0.037	0	0	0	0.005	0	0.006	0.023	0.004	0	0.002	0.002	0.009	0.03	0.318	0.096	0.053	0.002	0.006	0.015	0.012	0.032	0.03	0.006	0.005	0.005	0.002	0.253	0.083	0.011	0.022	0.024	0.625	0.005	0.181	0.011	0	0	0	0	0	0	0.107	0.001	0	0.576	0.015	0.664	0.004	0.01	0	0.017	0.026	3.223	0.021	0.009	0	2.687	0.018	0	0.003	0	0.004	0	0.001	0.01
ASV_101	5.089	10.007	0.00708488845390532	0.0797927512183527	Enriched	0.086	0.003	0	0	0.004	0	0	0	0.003	0.016	0.025	0.008	1.894	0.13	0.028	0.011	1.328	0.454	0	0.004	0	0.368	0	0	0.001	0	0	0	0	0	0	0	0.003	0	0.006	0	0	0	0.007	0	0	0	0	0.001	0	0	0	0	0	0	0	0	0.012	0.008	0	0.007	0.002	0	0	0	0	0	0	0	0	0	0	0.028	0
ASV_24	5.953	12.707	0.00755434331061327	0.0797927512183527	Enriched	0.801	0.011	0	0	0.032	0	0	0	0	0.002	0.03	0	0.004	0	0	0	0.006	0.002	0	0	0	0.001	0.04	0.223	0.08	0	0.066	0.002	0.01	0.005	0	0	0.204	9.15	0.596	29.417	0.001	0	0.176	0	0	0	0	0	0	0	0	0	0	0	0	0	0	0.01	0	0.088	0	0	0.084	0	0	0	0	0	0	0	0	0	0
ASV_53	3.265	12.159	0.00836376802325785	0.0831456938782692	Enriched	0.311	0.043	0.035	0.406	0.004	0.019	0.003	0.405	0.018	0.03	0.035	0.032	0.002	0.069	0.062	0.075	0.017	0.002	0.059	0.18	0.347	0.103	10.447	0	0	0.011	0	0	2.212	0.005	0.003	0.004	0.003	0.097	0.021	0.019	0	0.072	0.004	0.048	0.031	0.004	0	0	0	0.128	0.073	0	0.458	0	0.011	0	0.188	0.028	0.004	0.435	0	0	0.002	0	0.058	0	0	0	0	0.018	0	0.003	0
ASV_43	1.725	12.373	0.0095857132260589	0.0899991964002197	Enriched	0.426	0.164	0.357	0.556	0.321	0.53	0.808	0.29	0.535	0.291	0.543	0.196	8.272	0.47	0.364	1.059	0.783	0.534	0.016	0.246	0.006	0.296	0.131	0.014	0.493	0.09	0.216	0.103	0.035	0.056	0.17	1.379	0.15	0.121	0.155	0.4	0.051	0.038	0.113	0.018	0.312	0.059	0.089	0.001	0.081	0.123	0	0.046	0.238	0.032	0.008	0.086	0.24	0.397	0.221	0.012	0.243	0.082	0.06	0.021	0.084	0.083	0.148	0.002	0.004	0.096	0.012	0.843	0.243
ASV_56	2.023	11.72	0.0124869330304005	0.111067983270405	Enriched	0.389	0.076	0.348	0.055	0.009	0.021	0.102	0.497	0.09	0.01	0.044	0.067	0.009	0.114	0.023	0.027	0.171	0.097	0.552	0.316	0.132	0.066	0.04	0.26	5.137	0.31	0.504	0.248	0.087	0.717	0.272	0.096	0.093	0.299	2.739	0.039	0.103	0.078	5.124	0.006	0.056	0	0	0	0	0	0.458	0.02	0.01	0.012	0.001	0	0.193	0.01	0.691	0.038	0.005	0.008	0.051	0.021	0.004	0.024	0.007	0.005	0.167	0.001	0.003	0	0.066
ASV_144	3.062	11.12	0.0147786690682752	0.121926470381513	Enriched	0.233	0.029	0.014	0.007	0.023	0.038	0.089	0.07	1.787	0.002	0.177	0.004	0.265	0.038	0.249	0.084	0.299	3.273	0	0.018	0	0.011	0	0.005	0.165	0	0.028	0.005	0.172	0.005	0.003	4.779	0.001	0.002	0.045	0.001	0.001	0.001	0.002	0.001	0	0	0	0	0	0	0	0	0	0	0	0	0.082	0.295	0.004	0	0.004	0.063	0.001	0	0	0.003	0	0	0	0	0	0.013	0.025
ASV_158	3.579	10.361	0.0151506264971111	0.121926470381513	Enriched	0.101	0.008	0.002	0.025	0.122	0.245	0	0.034	0.016	0	0.007	0.01	0.027	0	0	0	0	0	1.693	0	0.002	0.007	0	0	0.009	0.043	0.002	0	0.269	0.002	0.005	0	0.083	0.065	0.128	0.428	1.77	0.014	0.03	0.004	0	0	0	0	0	0	0	0	0	0	0	0	0	0.008	0	0.003	0	0	0.013	0	0	0	0	0.002	0	0.102	0.009	0	0
ASV_44	1.8	11.647	0.0228603848219521	0.173461535459061	Enriched	0.219	0.098	0.604	0.255	0.161	0.569	0.062	0.284	1.3	0.033	0.934	0.099	0.074	0.052	0.242	0.053	0.009	0.031	0.002	0.026	0.003	0.026	0	0.014	0.586	0.019	0.202	0.062	0.037	0.099	0.043	0.556	0.005	0.007	0.2	0.497	0.012	0.02	0.06	0.013	0.201	0	0.229	1.807	0.186	1.081	0.001	0.013	0.001	0.005	0.004	0.186	0.168	0.71	0.073	0.002	0.002	0.084	0	0.013	0.001	0.001	0.139	0.002	0.081	0	0.033	0.349	0.008
ASV_51	-1.485	14.182	0.0236071912163219	0.173461535459061	Depleted	0.687	1.699	0.012	0.023	0.046	0.108	0.021	0.388	0.059	0.149	0.285	0.075	0.083	0.047	0.108	0.237	0.169	0.503	1.739	0.061	0.97	0.122	0.47	0.155	0.095	10.258	0.023	0.12	0.139	0.009	0.003	0	0.99	0.449	0.24	0.285	2.627	0.61	0.249	6.409	0.029	0.007	0.008	0.54	0	0.036	1.467	0.807	0.163	0.801	0.758	1.391	0.037	0.387	0.045	0.791	0.115	0.03	4.743	3.167	2.427	4.871	0.32	6.363	0.701	2.234	1.11	1.539	0.006
ASV_105	2.7	12.589	0.0290073863207079	0.187812833170149	Enriched	0.321	0.085	0	0.012	0.019	0.007	0	0.002	0.003	0.09	0.016	0.055	0.009	0.024	0.182	0.05	0	0.01	1.805	0.009	0	0.005	0.034	0	0.006	0.1	0.002	0	0.023	0.009	0.021	0	0.007	0.027	0.042	1.437	0	0.003	0.001	0.027	0	0	0	0	0.002	0.02	0.012	0	0.141	0	0.005	11.842	0.072	0.256	0	0.072	0.264	0.015	0.001	0.154	0	0	0	0.009	0.378	0.004	0.211	0.003	0.001
ASV_881	-1.91	12.075	0.0303233844686179	0.187812833170149	Depleted	0.23	0.577	1.268	0.333	0.071	1.985	0.018	0.51	0.574	0.393	1.241	0.634	0.083	1.08	0.603	0.68	0.672	0.495	0.002	0.002	0.006	0.068	0	0.002	0.05	0.001	0.015	0.289	0.005	0	0.003	0.138	0.013	0.014	0.157	0.004	0.001	0.001	0	0	0.078	0	0	0	0	0.003	0	0.009	0	0.006	0	0	9.373	0.113	0.157	0.003	0.009	0.005	0	0	0.004	0.001	0	0	0	0.054	0	0.086	0.007
ASV_21	2.183	11.198	0.0308939326436611	0.187812833170149	Enriched	0.213	0.047	0.135	3.34	0.904	0.402	0.094	0.15	1.324	0.059	0.221	0.349	0.242	0.235	0.161	0.251	0.379	0.579	0.22	0.239	0.002	0.015	0.012	0.024	0.007	0.029	0.001	0.002	0.523	0.007	0.014	0.205	0.03	0.014	0.042	0.026	0.273	0.105	0.035	0	0.001	0	0	0	0	0	0	0	0.004	0	0	0	0.411	0.097	0	0.021	0.236	0.014	0.007	0	0.001	0	0	0	0	0	0.007	0	0.011
ASV_92	2.222	8.351	0.0312339604554958	0.187812833170149	Enriched	0.028	0.006	0.006	0.004	0.219	0.009	0	0	0.01	0.01	0.014	0.02	0	0.014	0.007	0.114	0.019	0.008	0	0.006	0.002	0.006	0.01	0.02	0.072	0	0.046	0	0.058	0.002	0	0.004	0.031	0.022	0.027	0.042	0.513	0.004	0.062	0	0	0	0	0	0	0	0	0	0	0	0	0	0.022	0.026	0	0.024	0.007	0.004	0.006	0	0	0	0	0	0	0	0	0	0.011
ASV_220	1.46	9.489	0.0312475483683654	0.187812833170149	Enriched	0.067	0.024	0.175	0.095	0.083	0.066	0.223	0.226	0.247	0.016	0.161	0.065	0.105	0.126	0.366	0.199	0.141	0.355	0.002	0.057	0.011	0.048	0.003	0.014	0.041	0.001	0.155	0.012	0.023	0.012	0.007	0.132	0.005	0.027	0.04	0.008	0.005	0.02	0.014	0	0.012	0.004	0.024	0	0.003	0.005	0.001	0.004	0.014	0.001	0.003	0	0.062	0.138	0.011	0.003	0.002	0.081	0.006	0	0	0	0.021	0	0.015	0.011	0.016	0.017	0.025
ASV_2	1.524	15.557	0.0322282376445819	0.187812833170149	Enriched	4.545	1.609	18.114	7.511	13.604	3.812	2.538	5.586	16.355	9.399	3.034	1.691	0.702	7.967	19.501	10.551	19.249	1.815	0.308	13.901	0.107	1.607	0.613	0.316	17.869	0.094	22.902	0.351	3.103	0.272	0.317	6.566	0.705	2.838	2.462	1.458	2.494	1.736	2.301	0	0.04	0.08	0.18	0.005	0.002	1.007	0.007	0.667	1.238	0.016	0.04	0.208	3.306	5.212	1.239	0.389	1.158	8.479	2.303	0.005	0.315	0.246	0.112	0.003	0.034	2.5	0.058	1.138	0.86
ASV_106	-1.792	12.136	0.035136486720468	0.19783967673196	Depleted	0.196	0.577	0.073	0.01	0.055	0.471	0	0.016	0.011	0	0.053	0.004	0	0.009	0	0.005	0.013	0.234	0.183	0.029	0.164	0.024	0	0.09	0.006	0.017	0.003	0.012	1.207	0.054	0.026	0	0.555	0.123	0.436	0.056	0.488	5.019	0.069	0	0.018	0	0	0	0	0	0.134	0.001	0.082	0.002	0.001	0.064	0.005	0	0.019	0.007	0.431	0	0.065	0.005	0.809	6.411	0	0.107	0.738	1.213	0.001	0.001	0
ASV_152	-1.183	11.244	0.0362901182171052	0.19783967673196	Depleted	0.123	0.258	0.327	0.166	0.125	0.058	0.382	0.131	0.175	0.031	0.186	0.028	0.218	0.256	0.304	0.295	0.163	0.22	0.005	0.209	0.003	0.051	0.003	0.003	0.11	0.029	0.064	0.056	0.127	0.005	0.009	0.266	0.173	0.027	0.199	0.029	0.008	0.059	0.014	0.001	0.945	0.101	0.08	0.094	0.041	0.098	0	0.003	0.132	0.004	0.07	0.05	0.121	0.244	0.004	0	0.005	0.384	0.01	0.385	0.616	0.004	0.013	0.017	0.646	0.247	0.547	0.132	1.014
ASV_63	1.76	11.57	0.0410516004597528	0.216803764928069	NotSig	0.237	0.094	0.014	0.345	0.183	0.084	1.79	0.129	0.124	0.346	0.09	0.154	0.283	1.134	0.525	0.626	0.167	0.191	0.005	0.156	0.003	0.095	0.001	0.029	0.026	0.019	0.008	0.012	4.472	0.049	0.045	0.162	0.176	0.036	0.045	0.033	0.032	0.165	0.036	0	0.001	0.011	0.013	0	0	0	0	0.004	0.033	0.001	0.001	0	0.099	0.126	0.009	0.041	0.14	0.815	0.022	0	0.004	0.008	0.003	0	0	0.006	0.035	0.035	0.253
ASV_60	1.934	13.413	0.0456671809861924	0.233871320808076	NotSig	0.603	0.264	0.106	0.323	0.093	0.103	0.023	0.056	0.071	0.008	0.136	0.089	0.07	0.012	0.046	0.027	0.009	0.002	0.25	0.116	10.563	0.203	0.07	0.019	0.017	0.016	0.002	0.105	0.15	0.005	0.002	0.207	0.002	0.005	0.03	0.032	0.035	0.899	0.033	9.491	0.178	0.008	0.02	0.404	0.002	0.001	0.005	4.148	0.003	0.001	1.952	0	0	0.251	0.187	1.913	0.043	0.07	0.074	0	0.203	0.001	1.285	0.026	0	0.151	0.27	0.013	0
ASV_156	4.244	13.131	0.0471227559777724	0.234227816477751	NotSig	0.643	0.058	0.006	0.004	0	0.006	0.005	0.002	0.022	0.096	0.06	0.026	31.554	0.062	0.055	0.128	0.024	0.06	0	0	0	0	0	0	0.001	0	0.001	0	0	0	0	0.055	0	0	0	0.001	0	0	0	0	0	0	0.001	0	0	0	0	0	0	0	0	0	0.042	0.931	0	0	0	0	0	0	0	0	0	0	0	0	0.006	0	0
ASV_870	-1.502	10.304	0.0508941682628691	0.243793755403807	NotSig	0.077	0.146	0.348	0.015	0.019	0.04	0.059	0.133	0.178	0.03	0.203	0.335	0.031	0.456	0.097	0.345	0.394	0.224	0.014	0.029	0.04	0.018	0.109	0.029	0.109	0.009	0.036	0.003	0.027	0.002	0	0.011	0.038	0.121	0.207	0.005	0.05	0.005	0.06	0	0.022	0	0	0	0	0	0	0	0	0.011	0	0	2.31	0.049	0.056	0.003	0.014	0.001	0.005	0	0.003	0	0.011	0	0	0.008	0	0	0.013
ASV_55	1.289	12.999	0.0519323976008109	0.243793755403807	NotSig	0.607	0.244	1.393	1.83	0.081	0.078	0.781	0.153	0.098	1.506	0.366	0.414	0.083	1.499	0.392	0.361	0.282	0.673	0.105	0.099	0.023	0.114	0.007	0.075	0.438	0.026	0.15	0.01	1.516	0.119	4.463	0.068	0.438	0.396	0.659	0.036	0.099	0.226	0.104	0.287	0.189	0.086	0.688	0	0.081	1.633	0.047	0.877	1.577	5.377	0.093	0.236	0.206	0.1	0.35	0.024	0.161	0.524	0.329	0.215	0.074	0.657	0.049	0.002	0.003	1.343	0.076	0.008	0.029
ASV_143	2.078	10.01	0.0535083930381081	0.244403200633521	NotSig	0.101	0.021	0.163	0.035	0.123	1.068	0.008	0.73	0.103	0.128	0.288	0.123	0.119	0.496	0.173	0.228	0.041	0.193	0	0.011	0.034	0.007	0.001	0.015	0.011	0.009	0.003	0.003	0	0.002	0	0.028	0.024	0.01	0.051	0.004	0.012	0.005	0	0.001	0.77	0.012	0	0	0	0	0	0	0	0	0	0	0.191	0.021	0.007	0	0.023	0.119	0	0	0	0	0	0	0	0	0	0	0
ASV_167	2.563	10.695	0.0626291409131836	0.278534863534948	NotSig	0.186	0.021	0.505	0.13	0.131	4.453	0	0.081	0.209	0.399	1.595	0.123	0.007	0.446	0.071	0.16	0.193	0.637	0	0	0.003	0.006	0.001	0	0.001	0.003	0	0.002	0.003	0	0.003	0.059	0	0	0.087	0.001	0	0	0	0	0	0	0	0	0	0	0	0.001	0	0	0	0	0.329	0.003	0.007	0.007	0	0.004	0.006	0	0.004	0	0	0	0	0	0	0	0
ASV_147	1.77	10.186	0.0701919258401362	0.298968894891816	NotSig	0.103	0.031	0.068	1.601	0.256	0.068	0.06	0.1	0.058	0.114	0.166	0.281	0.135	0.826	0.175	0.276	0.045	0.039	0	0.015	0.002	0.03	0.003	0.005	0.005	0	0.001	0.02	0.401	0.009	0.003	0	0.004	0.01	0.021	0	0.001	0.112	0.119	0	0	0	0	0	0	0	0	0	0.004	0.001	0.131	0	0.193	0.013	0	0.01	0.175	0.037	0.062	0.001	0	0	0.011	0	0.001	0.011	0	0.005	0
ASV_130	1.512	10.289	0.0716528758071213	0.298968894891816	NotSig	0.121	0.04	1.054	0.046	0.064	0.312	0.475	0.501	0.509	0.061	0.306	0.107	0.13	0.081	0.147	0.119	0.218	0.544	0.002	0.048	0.026	0.037	0.001	0.012	0.025	0	0.019	0.025	0.003	0.002	0.002	0.736	0.003	0.012	0.359	0.012	0.004	0.003	0.006	0	0.001	0.001	0	0	0	0.001	0.003	0.004	0.007	0	0.004	0.001	0.22	0.133	0.026	0	0.019	0.178	0.002	0	0.009	0.006	0.011	0	0	0	0.013	0.057	0.01
ASV_118	1.696	11.433	0.0725309153287838	0.298968894891816	NotSig	0.226	0.071	0	0	0.031	0.009	0	0	0	0.065	0.005	0.026	0.096	0.017	0.041	0.039	0.024	0.023	0.142	0.004	0.058	0.015	0	0.226	0.214	2.469	0.186	0.093	0.26	0.504	0.036	0	0.099	1.358	0.25	0.201	1.076	0.779	0.167	0.011	0.001	0	0	0.064	0.021	0	0.001	0.205	0.001	1.088	1.299	0.077	0.02	0.356	0.002	0.019	0.035	0	0.045	0	0	0.119	0	0.003	0.23	0.384	0	0.001	0
ASV_28	4.575	12.152	0.0816403274537193	0.328505127135204	NotSig	0.712	0.017	0	0	0	0	0	0	0	0	0	0	0	0	0	0	0	0	0	0.02	0	0.046	0	0	0.001	0	0.384	0	0	0	0	0	0.874	32.128	1.685	0.425	0.01	0.001	0.004	0	0	0	0	0	0	0	0	0	0	0	0	0	0	0	0	0	0	0	0.295	0	0	0	0	0	0	0	0	0	0
ASV_35	1.342	12.628	0.0853134892457096	0.335301853081975	NotSig	0.46	0.201	0.076	0.026	0.035	0.035	0.024	0.529	0.04	0.252	0.106	0.101	0.016	0.038	0.021	0.037	0.077	0.008	0.082	0.158	2.709	0.122	2.627	5.768	0.959	0.638	0.105	0.086	0.012	0.014	0.003	0.018	0.335	0.072	0.03	0.036	0.199	0.133	2.012	0.001	0.818	0.001	0.208	0.046	0	0.123	1.221	1.469	0.628	0.946	0.001	0	0.035	0.103	0.157	0.949	0.113	0	0.481	0.113	0.392	0	0.87	0.037	0.068	0.003	0.019	0.064	0.01
ASV_140	1.794	9.826	0.0924970919493882	0.355272921351059	NotSig	0.094	0.024	0.429	0.018	0.032	0.88	0.005	0.184	0.784	0.006	0.4	0.095	0.211	0.071	0.035	0.084	0.156	0.522	0.002	0.011	0.035	0.02	0.113	0	0.06	0.003	0.003	0	0	0	0	0.245	0.005	0.029	0.229	0	0.004	0.003	0	0	0.001	0.001	0.001	0	0	0	0	0	0	0	0	0	0.144	0.2	0.039	0	0.011	0.003	0.003	0	0	0	0	0	0	0	0	0.001	0.004
ASV_76	-0.887	11.432	0.0956082919052231	0.359062251821838	NotSig	0.16	0.269	0.167	0.211	0.139	0.074	0.34	0.274	0.125	0.114	0.14	0.547	0.213	0.79	0.339	0.308	0.207	0.179	0.023	0.189	0.031	0.18	0.187	0.051	0.028	0.044	0.005	0.198	0.376	0.038	0.026	0.046	0.28	0.058	0.159	0.074	0.404	0.133	0.099	0.025	0.326	0.012	0.107	0.297	0.216	0.007	0	0.004	0.011	0.012	0.204	0	0.203	0.144	0.095	0.072	0.3	0.086	0.017	0.094	0.124	0.004	0.014	0.005	0.442	2.263	0.012	0.577	0.127
ASV_61	2.454	10.781	0.0998664714920581	0.366900732220822	NotSig	0.198	0.037	0.356	0	1.12	0.046	0	0.508	0.675	0.114	0	0	0.002	0.308	5.563	0.479	0.002	0.002	0	0	0	0	0	0.01	0.08	0	0.045	0.002	0.03	0.028	0.026	0.004	0	0.007	0.013	0.481	0	0	0.004	0	0	0	0	0	0	0	0	0.012	0	0	0	0	0	0.554	0	0	0	0	0.001	0	0	0	0	0	0	0	0	0.012	0.057
ASV_31	-1.04	12.962	0.104792362545701	0.376806580217522	NotSig	0.41	1.131	0.029	0.033	0.048	0.279	0.031	0.164	0.037	0.061	0.09	0.105	0.016	0.019	0.044	0.05	0.071	0.136	0.285	0.094	0.066	0.053	2.868	0.117	0.129	0.798	0.067	0.042	0.22	4.806	0.135	0.008	1.804	0.997	0.306	0.464	0.328	0.334	0.861	0.794	0.226	0.243	0.27	0.005	0.002	0.011	1.146	0.675	0.232	0.917	0	0	0.017	0.059	0.176	0.492	14.015	0.003	0.902	0.103	0.006	1.418	0.32	0.907	0.007	0.08	0.225	0.501	0.001
ASV_78	1.181	12.073	0.110836828888297	0.38437088588475	NotSig	0.277	0.161	0.674	0.606	1.217	0.233	0.262	0.197	0.204	0.049	0.253	0.057	0.076	0.128	0.157	0.473	0.819	0.043	0.007	0.712	0.005	0.054	0.016	0.005	0.084	0	0.544	2.256	0.341	0.003	0.002	0.115	0.485	0.019	0.029	0.034	0.026	0.026	0.161	0.003	0.939	0	0.114	0.259	0.027	1.682	0.001	0.02	0.016	0.004	0.38	0.021	0.037	0.592	0.09	0.033	0.014	0.305	0.012	0.111	0.142	0	0	0.002	0.749	0.106	0.151	0.013	0.387
ASV_14	1.078	14.916	0.111444813067176	0.38437088588475	NotSig	1.991	1.247	0.246	0.119	0.049	0.046	0.301	0.828	0.157	0.513	0.081	0.368	0.04	0.116	0.081	0.155	0.139	0.127	0.596	0.376	0.216	0.433	11.92	11.599	0.69	0.083	0.06	2.634	0.23	3.123	0.25	0.149	5.027	1.264	1.659	6.606	1.32	1.982	3.093	1.623	1.212	9.084	3.802	0.016	2.027	0.474	11.252	0.441	1.228	11.215	0.126	0.375	0.084	0.067	1.559	1.076	1.652	0.014	2.081	0.123	0.792	0.014	2.725	1.475	0.92	0.177	4.054	4.298	0.084
ASV_121	1.36	10.392	0.119703153233267	0.404596657928442	NotSig	0.122	0.045	0.298	0.029	0.076	0.718	0.046	0.674	0.185	0.594	0.182	0.113	0.027	0.344	0.279	0.153	0.171	0.394	0.01	0.004	0.021	0.012	0.001	0.003	0.196	0.006	0.012	0.01	0.399	0	0.002	0.785	0.015	0.002	0.038	0.001	0.003	0.021	0.011	0	0	0.003	0	0	0.002	0.239	0	0.003	0.016	0	0.01	0	0.31	0.11	0.032	0.003	0.004	0.2	0.001	0	0	0	0.004	0	0	0	0.001	0.019	0.081
ASV_116	1.382	10.474	0.126669764091117	0.419748826105859	NotSig	0.133	0.042	0.021	0.475	0.397	0.087	0.054	0.051	0.048	0.222	0.025	0.43	0.386	1.967	0.306	0.491	0.18	0.236	0	0.029	0	0.042	0.006	0.005	0.004	0.001	0.001	0.03	0.778	0.021	0.003	0.01	0.023	0.029	0.01	0.011	0.058	0.027	0.1	0	0.001	0	0.001	0.005	0	0.011	0	0	0.003	0.012	0.034	0	0.391	0.09	0	0.014	0.002	0.022	0.175	0	0.007	0	0	0	0	0	0.012	0.007	0
ASV_36	1.23	11.987	0.129247000176423	0.420052750573374	NotSig	0.343	0.168	0.07	2.124	1.807	0.396	1.672	0.239	0.145	0.179	0.329	0.323	0.597	2.128	1.154	0.82	0.376	0.456	0.009	0.151	0.006	0.062	0.004	0.019	0.035	0.023	0.005	0.243	1.519	0.021	0.022	0.864	0.085	0.138	0.071	0.068	0.045	0.408	0.019	0	0.282	0.035	0.009	0.003	0	0	0	0.005	0.163	0	0.004	0	0.265	0.543	0.095	0.086	0.181	1.118	0.163	0.013	0	0	0.001	0	0	0.046	0.006	0.004	0.343
ASV_166	-1.896	9.359	0.132419147249484	0.422242186512505	NotSig	0.04	0.082	0	0	0.115	0.024	0.007	0	0	0.028	0.021	0.438	0.013	0.439	0.318	0.427	0.06	0.039	0	0	0	0	0	0	0.001	0	0.003	0.002	0	0	0.002	0	0.001	0.005	0.066	0	0	0.003	0	0	0	0	0	0	0	0	0	0	0	0	0	0	1.387	0.01	0.002	0	0	0	0	0	0	0	0	0	0	0	0	0	0
ASV_77	1.223	11.056	0.142305045951206	0.438564451068253	NotSig	0.216	0.084	0.056	1.059	0.033	0.019	0.416	0.384	0.188	3.115	0.447	0.345	0.056	1.205	0.44	0.372	0.126	0.15	0	0.184	0.008	0.038	0.001	0.005	0.118	0	0.046	0.03	1.224	0.003	0.007	0.27	0.012	0.055	0.046	0.044	0.009	0.021	0.017	0.001	0	0.003	0	0	0.043	0	0	0.206	0.005	0	0	0.004	0.359	0.151	0.2	0.002	0.041	0.579	0.022	0	0.009	0.011	0.011	0	0.003	0.008	0.001	0.004	0.025
ASV_73	-1.243	11.651	0.143619040399055	0.438564451068253	NotSig	0.17	0.593	0.532	0.127	0.02	0.165	0.106	0.172	0.172	0.326	0.067	0.244	0.213	1.015	0.212	0.4	0.642	0.877	0.023	0.062	0.158	0.015	0.003	0.014	0.014	0.024	0.003	0.003	0.002	0	0	0.094	0.042	0.007	0.035	0.006	0.026	0.044	0.032	0.001	2.58	0.008	0.001	0	0	0.004	0	0	0	0.005	0	0	0.327	0.054	0.047	0.003	9.532	0.082	0.002	0	0	0	0	0	0	0.014	0.003	0.011	0
ASV_188	-0.98	12.133	0.146617722778929	0.438564451068253	NotSig	0.251	0.542	0.009	0.006	0.086	0.253	0.011	0.044	0.141	0.787	0.035	0.103	0.011	0.019	0.083	0.034	0.047	0.008	0.017	0.386	0.011	0.305	0.001	0.032	0.111	0.204	1.441	0.117	0.003	0.002	0.005	0.06	0.002	0.01	0.311	0.011	0	0.008	0.046	0.151	0.077	0.334	0.873	0	0.478	0.136	0.005	2.167	3.423	0.011	0.001	0.121	0.02	0.015	0.095	0.003	0.128	0.412	0.008	0.008	0.147	3.568	0.669	0.005	0.159	0.006	0.55	2.618	0.814
ASV_17	-1	13.711	0.148204893325121	0.438564451068253	NotSig	0.796	1.977	0.059	0.674	1.347	5.542	0.231	0.677	1.353	1.67	2.288	0.224	1.093	0.422	1.06	1.215	0.126	0.138	0.03	0.286	0.011	0.069	0.007	0.061	0.411	0.237	0.384	0.802	0.447	0.133	0.014	12.964	0.048	0.039	0.995	0.448	0.012	0.046	0.022	0.01	0.184	0.344	0.29	0.018	0.262	0.082	0.009	0.295	2.024	0.004	0	0.694	0.079	5.501	0.24	0.015	0.012	24.269	0.003	0.024	0.001	0.012	0.032	0	0.104	0	0.139	0.465	2.714
ASV_123	-1.201	11.457	0.150513243561886	0.438564451068253	NotSig	0.178	0.378	0.014	0.113	0.013	0.04	0.306	0.493	0.164	0.002	4.972	0.048	0	0.076	0.053	0.007	0.006	0	0	0.002	0	0	0.001	0.007	0.385	0.003	0.079	0.002	0.047	0.131	0.07	0	0.125	0	0.04	0.001	0.008	0.018	0.002	0.035	0.664	0.003	0.251	0.4	0.14	0.047	0	0	0.082	0	0.016	0.027	0.059	0.031	0	0	0	0.001	0.006	0.184	0.17	0	0	0.009	0.935	0	0.062	1.909	3.055
ASV_174	1.443	11.513	0.154173141539488	0.44028852524902	NotSig	0.177	0.078	0.005	0.018	0.157	0.01	0.015	0.518	0.076	0.551	0.228	1.182	0.022	0.059	0.032	0.16	0.011	0.025	0.044	0.061	2.66	0.086	0	0.207	0.022	0.006	0.012	0.019	0.003	0	0	0	0.003	0.024	0.021	0.04	0.003	0.007	0	0	0.971	0	0.001	0.053	0.002	0.065	1.3	0.159	0	0	0.01	0	0.032	0.01	0.047	0	0	0	0	0.003	0.009	1.212	0.004	0	0.001	0.004	0.001	0.004	0
ASV_99	-1.057	12.291	0.156315452751132	0.44028852524902	NotSig	0.28	0.596	0.137	0.012	0.001	0.003	0	0.633	0.029	0.401	0.074	0.143	0.009	0.047	0.081	0.048	0.094	0.123	0.33	0.04	0.043	0.017	0.092	1.004	0.027	0.549	0.084	0.008	0.04	0.016	0.019	0.034	0.013	0.133	0.099	0.461	0.075	0.051	3.085	0.001	0.114	2.342	0.003	0	0.002	0.181	0.061	0.578	0.004	2.673	0	0	0.022	0.105	0.007	0.289	0.005	0.032	0.709	0	0.013	0.011	4.907	0	0	0.001	1.525	0.001	2.511
ASV_16	1.613	12.055	0.162539854012213	0.442955523626422	NotSig	0.388	0.155	0.368	5.919	0.816	0.338	1.646	0.134	0.701	0.509	0.654	0.758	0.557	0.607	2.582	1.699	0.013	0.064	0.003	0.158	0.002	0.011	0.021	0.002	0.017	0	0.002	0	0.169	0.126	0.164	1.331	0	0.007	0.002	0.001	0	0.001	0	0.001	0	0	0	0	0	0	0	0	0.019	0	0.004	0.001	0.089	2.205	0.022	0.005	0	0.31	0	0	0	0	0.003	0	0	0.001	0	0	0.001
ASV_108	1.519	9.73	0.164607788170953	0.442955523626422	NotSig	0.082	0.028	0.23	0.025	0.155	0.01	0.218	0.382	0.553	0.031	0.002	0.115	0.305	0.437	0.461	0.521	0.028	0	0	0.002	0	0.007	0	0.002	0.001	0.004	0.002	0.042	0.145	0.002	0	0.336	0.001	0.031	0.026	0.015	0.001	0.004	0	0	0	0	0	0	0	0	0	0	0.003	0	0	0	0.124	0.323	0	0	0.002	0.01	0.002	0.001	0	0	0.004	0.002	0	0	0	0	0
ASV_80	-1.775	7.316	0.173535923773428	0.442955523626422	NotSig	0.005	0.024	0	0	0.009	0.009	0	0.031	0.003	0	0	0.002	0.036	0	0	0.007	0	0	0	0.059	0.003	0.003	0.006	0	0	0	0	0	0	0	0	0.07	0	0	0.019	0	0	0	0	0	0	0	0	0	0	0	0	0	0	0	0	0	0	0	0.004	0	0	0.403	0	0	0	0	0	0	0	0	0	0	0
ASV_125	-1.388	10.743	0.173781999657928	0.442955523626422	NotSig	0.053	0.224	0	0.001	0.001	0	0	0.009	0	0.02	0.002	0.002	0.02	0	0	0.002	0.002	0	0	0.015	0.012	0.038	0.015	0.046	0.044	0	0.092	0	0.005	0	0.132	0.013	0	0.002	0.038	0	0.008	0.008	0.009	0	0	0.25	0.005	0	0	0.619	0.134	0.344	0	0.773	0	0	0	0.003	0.019	0.029	0	0	0.003	0	0.006	0.001	3.034	0	0	0.001	0.022	0	0.696
ASV_34	0.809	11.506	0.174239365380129	0.442955523626422	NotSig	0.24	0.13	0.04	0.04	0.068	0.04	0.046	0.477	0.063	0.22	0.037	1.424	0.018	0.021	0.055	0.046	0.024	0.01	0.337	1.019	1.378	0.107	0.256	0.158	0.027	0.252	0.026	0.022	0.162	0.469	0.324	0.008	0.329	0.159	0.718	0.813	0.161	0.412	1.465	0.021	0.068	0.011	0.027	0.022	0.065	0.012	0.025	0.003	0.041	0.051	0.366	0.055	0.099	0.113	0.343	0.526	0.133	0.01	0.05	0.089	0.116	0.369	0.028	0.012	0.189	0.028	0.007	0.095	0.001
ASV_119	1.166	13.574	0.175508542749884	0.442955523626422	NotSig	0.61	0.424	0.005	0.001	0.077	0.032	0.06	0.047	0.066	0.063	0.023	0.012	0.031	0.024	0.018	0.018	0.004	0.004	0.047	0.035	0.002	0.014	0.003	0.042	0.116	0.01	0.063	0.319	0.017	0.017	0.022	0.236	1.051	0.012	0.457	0.101	0.059	0.075	0.04	0	4.18	0.134	1.078	5.008	14.814	0.793	0.003	0.029	0.457	0.009	0.253	0.521	0.007	0.028	0.367	0.005	0.018	0.414	0.015	0.569	0.222	0.18	0.011	0.017	1.567	0.095	0.115	0.306	3.266
ASV_200	1.028	10.53	0.178661565426253	0.442955523626422	NotSig	0.127	0.063	0.038	0.19	0.148	0.072	0.065	0.165	0.087	0.151	0.281	0.147	0.132	0.664	0.451	0.427	0.096	0.205	0.037	0.017	0.014	0.02	0.049	0.051	0.078	0.004	0.021	0.014	1.401	0.028	0.024	0.098	0.233	0.092	0.056	0.011	0.106	0.554	0.086	0	0.001	0	0.001	0	0	0	0	0	0.001	0.005	0.003	0	0.22	0.167	0.06	0.033	0.301	0.075	0.043	0	0.006	0.001	0.004	0	0.004	0.152	0	0.007	0.001
ASV_87	-0.94	13.674	0.179579384807232	0.442955523626422	NotSig	0.741	1.127	0.027	0.175	0.058	0.018	0.06	0.041	0.072	0.26	0.129	2.364	0.038	0.074	0.108	0.158	0.034	0.035	0.059	0.092	0.066	0.088	0.054	0.282	0.195	0.089	0.031	0.076	0.518	12.25	0.375	0.01	0.057	0.473	0.234	0.067	0.813	3.188	0.166	0.013	0.881	0.001	7.561	0.053	0.153	0.001	0.024	0	0.003	0.788	4.58	0.181	0.168	0.123	0.009	0.377	0.035	0.254	1.94	1.618	0.267	0.003	0	0.503	1.177	10.7	0.632	1.339	0.007
ASV_59	0.925	12.284	0.180851663492444	0.442955523626422	NotSig	0.421	0.242	0.19	0.01	0.187	0.193	0.054	0.106	0.019	0.02	0.115	0.263	0.065	0.047	0.032	0.03	0.267	0.183	0.502	0.389	0.388	0.952	0.076	1.691	0.086	0.901	0.036	0.01	0.1	7.798	0.087	0.069	0.068	1.827	0.394	0.384	0.104	0.182	0.656	0.02	0.014	1.087	0.451	0.003	0	0.268	0.085	0.003	0.446	0.004	0.189	0.003	0.054	0.072	0.294	0.034	1.347	0.014	1.461	0.004	0.076	0.018	0.462	0	0.019	0.004	0.004	0.118	0.133
ASV_100	1.294	12.178	0.186418286873233	0.450067006879663	NotSig	0.251	0.153	0.002	0.014	0.012	0.012	0.111	0.09	0.014	0.031	0.002	0.354	0.009	0	0.005	0.011	0	0.002	0.252	0.072	2.449	0.096	1.723	0.012	0.001	0.009	0	0	0.04	0.019	0.26	0	0.179	0.567	0.37	0.007	0.44	1.943	0.124	0.001	0.003	0	0.004	0.55	0.002	0.009	2.212	0.001	0.001	0.001	0.001	0.525	0.02	0.036	0.047	0.241	1.039	0	0.06	0	1.068	0	0	0.008	0.001	0.001	0.072	0	0.003
ASV_3	-0.78	14.067	0.190378230008461	0.453153815090561	NotSig	1.116	1.949	2.176	0.527	1.796	1.744	0.138	1.067	2.544	1.837	6.339	3.204	0.503	0.773	1.912	1.443	1.198	1.203	0.014	4.268	0.057	1.441	0.082	0.24	1.356	0.077	0.718	0.583	1.252	0.045	1.774	0.668	2.356	0.311	0.367	0.144	0.151	0.49	1.625	0.021	1.156	2.714	1.746	0.016	0	1.027	0.001	0.003	0.931	0.407	0.194	1.173	1.491	2.597	11.886	0.113	0.133	3.168	0.05	0.016	0.201	0.003	0.001	0	0.869	4.664	0.01	2.533	5.398
ASV_52	0.954	13.55	0.197852453185141	0.456683968264366	NotSig	0.893	0.558	0.954	0.225	0.007	0.01	0.107	0.019	0.204	1.817	0.023	0.202	0.002	0.036	0.053	0.116	0.032	0.027	0.213	17.373	0.043	0.142	0.431	0.656	0.559	1.166	0.689	0.289	0.033	0	0.108	0.014	0.628	1.035	0.184	0.061	0.216	0.415	0.744	0	0.067	0.46	1.485	0	0.687	3.126	0.262	1.892	7.289	0.361	0.068	0.104	0.037	0.015	0.344	0.06	0.37	0.045	0.62	0.065	0.302	1.343	2.734	0.011	0.011	0.304	0.118	3.029	0.073
ASV_89	-0.883	12.03	0.201686886059975	0.456683968264366	NotSig	0.193	0.506	0.096	0.068	0.071	0.17	0.059	0.44	0.444	0.012	0.145	0.01	0	0.033	0.023	0.046	0.043	0.016	0.112	0.011	0.008	0.053	0.003	0.071	0.093	2.231	0.023	0.145	0.018	0.002	0.007	0.917	0.004	0.012	0.295	0.073	0.005	0.016	0.002	0	0.171	0.184	1.452	0.075	0.237	1.376	0.003	0.003	0.228	0.124	0	0.023	0.067	0.079	0.775	0.015	0.012	1.904	0.006	0.081	0.065	0.001	0.339	0.002	1.551	0	2.297	0.278	1.137
ASV_149	1.152	9.248	0.201781932980726	0.456683968264366	NotSig	0.048	0.026	0.056	0.199	0.019	0.025	0.408	0.139	0.201	0.01	0.048	0.032	0.462	0.159	0.097	0.126	0.075	0.021	0	0.007	0.032	0.024	0.001	0.003	0.001	0	0	0.002	0.012	0.005	0.002	0.06	0.004	0.041	0.04	0.007	0	0.018	0.009	0	0	0	0.011	0	0.003	0	0	0	0.018	0.006	0	0	0.047	0.269	0.094	0.002	0.009	0.003	0.001	0	0	0	0	0	0	0	0	0.015	0.006
ASV_26	-0.742	13.791	0.202670400117322	0.456683968264366	NotSig	0.586	1.061	0.138	0.197	0.142	0.3	0.494	0.354	0.149	0.165	0.407	0.614	0.132	0.214	0.184	0.217	0.073	0.092	0.44	0.209	0.072	0.205	1.447	0.133	0.109	1.469	0.052	0.02	0.538	0.146	0.146	0.008	0.477	0.142	0.402	0.312	0.809	0.505	0.259	7.435	1.087	0.823	0.032	1.317	0.071	0.004	2.41	0.971	0.577	0.909	1.155	0.736	0.193	0.144	0.146	0.547	0.819	0.026	0.052	1.559	1.799	1.412	1.201	1.738	1.192	6.03	0.45	0.711	0.014
ASV_48	-1.071	11.118	0.219182025929447	0.485738366782408	NotSig	0.122	0.26	0.079	0.85	0.536	0.111	0.22	0.276	0.249	0.126	0	0.087	0.195	0.228	0.111	0.464	0.036	0.086	0.059	0.073	0.002	0.008	0.83	0.008	0.045	0.001	0.012	0.002	0.526	0.01	0.015	0.006	0.078	0.224	0.034	0.002	0.126	0.293	0.031	0	0	0	0.001	0	0	0	0	0	0.042	0	0	0.001	0.052	0.092	0	0.009	0	0.475	3.764	0	0	0.018	0.001	0	0	0	0	0.001	0
ASV_159	-0.788	11.648	0.223960243499669	0.485738366782408	NotSig	0.176	0.369	0.113	0.03	0.074	0.083	0.033	0.008	0.214	0.006	0.03	0.055	0.011	0.009	0.016	0.055	0.026	0.047	0.009	0.242	0.006	0.014	0.021	0.022	0.6	0.024	0.293	0.022	0.038	0.11	0.271	0.008	0.107	0.116	0.417	0.021	0.014	0.036	0.078	0.02	0.251	0.378	0.076	0	0.049	0.482	0.004	0.047	3.326	0	0.001	0.872	0.03	0.005	0.06	0.031	0.129	0.003	0.028	0.175	0.116	0.019	0.743	0.003	0.036	0.723	0.003	2.584	1.577
ASV_13	0.779	14.789	0.224186938514958	0.485738366782408	NotSig	2.02	1.402	0.757	0.149	0.103	0.068	0.34	0.123	0.408	0.38	0.053	0.945	0.025	0.104	0.152	0.269	0.193	0.337	0.536	6.967	0.089	0.444	1.463	0.909	15.573	1.232	12.024	1.32	0.08	0.143	3.554	0.051	1.82	1.011	1.5	0.267	1.963	0.433	1.072	0.087	2.113	2.523	2.757	0.024	5.243	3.692	1.041	15.757	7.643	2.509	0.057	0.677	0.183	0.072	3.599	0.535	1.954	0.043	0.872	0.146	1.274	0.072	5.43	0.023	0.717	0.931	0.366	2.34	5.269
ASV_29	-0.616	12.702	0.2316182022295	0.492039889144375	NotSig	0.413	0.468	0.255	0.248	0.089	0.142	0.029	0.43	0.193	0.942	0.269	1.446	0.063	0.083	0.097	0.253	0.086	0.115	0.297	0.066	0.43	0.244	0.793	0.059	0.039	0.304	0.006	0.311	0.155	0.054	0.868	0.297	0.052	0.027	0.074	0.231	0.102	0.973	5.244	0.269	0.227	0.046	0.205	0.256	0.374	0.311	0.068	1.19	0.046	0.04	1.34	0.913	0.084	0.331	0.258	0.56	0.119	0.119	0.263	0.672	0.25	0.806	0.162	1.521	1.085	0.702	0.251	0.306	0.473
ASV_154	-0.743	9.899	0.232918290719231	0.492039889144375	NotSig	0.059	0.101	0.026	0.048	0.035	0.027	0.013	0.022	0.032	0.059	0.025	0.374	0.254	0.138	0.041	0.062	0.051	0.004	0.026	0.02	0.021	0.006	0.004	0.002	0.047	0	0.05	0.005	0.189	0.063	0.01	0.004	0.124	0.157	0.122	0.033	0.059	0.406	0.086	0	0.008	0.003	0.035	0.003	0.243	0.003	0	0	0.011	0.005	0	0.006	0.02	0.051	0.022	0.021	0.36	0.032	0.108	0.023	0.339	0	0.001	0	0	0.187	0.003	0.521	0.025
ASV_49	-0.819	11.839	0.239450516322028	0.497817727764871	NotSig	0.21	0.27	0.579	0.661	1.571	0.065	0.054	0.078	0.106	0.521	0.571	0.162	0.191	0.249	0.454	0.537	0.473	0.08	0.016	0.024	0.005	0.628	0.064	0.022	0.047	0.007	0.022	0.014	0.022	0.028	0.038	0.094	0.003	0.039	0.045	0	0.097	0.182	0.513	0.001	0.381	0.001	0.001	0.003	0.491	0.001	0	0.001	0.004	0.004	1.35	0.001	0.111	1.282	0.017	0.012	0.004	0.071	0.099	1.22	0.5	0	0.001	0	0.007	1.164	0.014	0.019	0.069
ASV_62	-0.75	12.75	0.241544696311949	0.497817727764871	NotSig	0.39	0.551	0.014	0.032	0.004	0.007	0.036	0.059	0.008	0.059	0.028	0.402	0.016	0.024	0.028	0.059	0.015	0.012	0.9	0.121	0.256	0.239	0.089	1.915	0.891	0.849	0.087	0.064	0.03	0.023	0.236	0.113	0.106	1.202	1.008	1.16	0.169	0.261	1.837	0.835	0.434	0.43	1.253	0.03	0.189	0.007	0.7	0	1.537	0.584	0.001	1.119	0.03	0.051	2.08	1.506	0.06	0.007	0.548	1.461	0.004	0	0.548	1.003	0.075	0.024	1.904	0.051	0.01
ASV_126	-0.845	12.687	0.261319976701762	0.525301449461378	NotSig	0.317	0.719	0.015	0.014	0.022	0.001	0.018	0.02	0.002	0	0.028	0.008	0.119	0.028	0.028	0.018	0.006	0	0.049	0.274	0.006	0.024	0.015	0.425	2.126	0.006	0.106	0.258	0.007	0.005	0	0.01	0.012	0.007	4.778	0.095	0.015	0.02	0.02	0.037	1.416	0.154	0.389	1.934	1.001	1.726	0.129	0.149	0.283	0.045	0.001	0.01	0.002	0.026	0.036	0.002	0.067	0.026	0.003	0.393	0.275	0.508	2.367	0.003	5.946	0.001	1.526	0.874	0.168
ASV_84	-1.153	11.409	0.262199595134096	0.525301449461378	NotSig	0.183	0.275	2.379	0.126	0.035	0.956	0.003	0.602	1.331	0.049	0.516	0.479	0.063	0.37	0.074	0.589	0.853	0.062	0.003	0	0.02	0.018	0.001	0.003	0.156	0.006	0.007	0	0	0.003	0	0.075	0.003	0.007	0.325	0.005	0.001	0.003	0.046	0	0	0	0	0	0	0	0	0	0	0	0	0	4.603	0.005	0.007	0	0	0	0.002	0	0	0	0.039	0	0	0	0	0.009	0.007
ASV_41	0.846	12.34	0.265696319266952	0.525301449461378	NotSig	0.459	0.247	0.056	0.4	0.295	6.332	0.299	0.415	4.109	0.686	0.451	0.101	0.126	0.147	0.822	0.311	0.101	0.021	0.021	0.086	0.02	0.042	0.006	0.134	0.4	0.111	0.713	0.196	0.119	0.003	0.003	0.181	0.074	0.133	0.747	0.122	0.022	0.026	0.03	0	0.011	0.003	0	0.007	0	0.743	0.009	0.497	3.417	0.005	0.004	0.383	0.02	0.226	0.036	0.007	0.014	0.541	0.01	0.048	0	0.004	0.013	0.005	0.074	0	0.519	0.106	2.573
ASV_169	1.088	9.193	0.268889252827722	0.525301449461378	NotSig	0.05	0.026	0.005	0	0.705	0.01	0.003	0.012	0.027	0.149	0.285	0.242	0.224	0.014	0.016	0.094	0.026	0.027	0	0.011	0	0	0.001	0.012	0.034	0	0.013	0.022	0.269	0.087	0.048	0.01	0.002	0.123	0.002	0.015	0	0	0.02	0	0	0.003	0	0.001	0	0	0	0	0	0	0	0	0.037	0.369	0.002	0	0.005	0.012	0.002	0	0	0	0	0	0.001	0.001	0	0.001	0.018
ASV_71	-0.905	13.068	0.270421456231597	0.525301449461378	NotSig	0.354	0.512	0.014	0.05	0.243	0.223	0.233	0.05	0.011	0.181	0.419	0.107	0.011	0.071	0.217	0.151	0.178	0.018	0.005	0.022	0	0.019	0	0.003	0.095	0	0	3.772	0.114	0.01	0.01	0.224	0.206	0.01	0.026	0.014	0.014	0.04	0.012	0.001	2.554	0	0.004	1.002	1.504	0.004	0.001	0.001	0.005	0.002	5.841	0.024	0.064	0.246	0.011	0.002	0.004	0.04	0.005	4.48	2.261	0.001	0.001	0.003	0.587	0.759	0.118	0.103	0.01
ASV_91	-0.793	11.409	0.280147496185831	0.534639625317031	NotSig	0.114	0.235	0.014	0.226	0.028	0.032	0.008	0.053	0.003	0.236	0.016	0.048	0.025	0.071	0.03	0.059	0	0.049	1.069	0.028	1.096	0.068	0.012	0.119	0.046	0.026	0.014	0.039	0.003	0.003	0	0.006	0.025	0.002	0.006	0.006	0.001	0.023	0.27	0	0.064	0.454	0.021	0.03	0.03	0.001	0.232	0	0	0.232	0.874	0.004	0.005	0.1	0.007	1.2	0	0.052	0	0.55	0.604	0.022	0.079	0.009	0.616	0.152	0.519	0.072	0
ASV_127	1.008	11.06	0.286410676995191	0.534639625317031	NotSig	0.142	0.091	0.119	0.04	0.004	0.003	0.138	0.047	0.011	0	0	0.004	0.007	0.028	0.016	0.007	0.002	0.008	0.002	0.055	0.011	0.031	0.022	0.07	0.278	0.016	0.034	0.662	0	0.009	0.098	0.083	0.046	0.338	0.064	1.172	0.008	0.001	0.004	0	2.624	0	0.087	0	0.002	0	0.003	0	0.001	0.181	0	0.744	0.002	0	1.174	0.036	0	0.066	0.005	0.047	0.001	0	0	0.048	0.025	0	0	0.001	0.138
ASV_311	0.879	9.328	0.287098055480298	0.534639625317031	NotSig	0.057	0.032	0.143	0.048	0.065	0.018	0.078	0.051	0.058	0.081	0.143	0.065	0.02	0.332	0.288	0.34	0.398	0.068	0.005	0.165	0.002	0.012	0.003	0.005	0.044	0.001	0.185	0.005	0.032	0.007	0.043	0.011	0.007	0.019	0.037	0.019	0.001	0.027	0.011	0	0.003	0	0	0	0	0	0	0	0	0	0	0	0.064	0.251	0.013	0.045	0.004	0.133	0.015	0	0	0	0.001	0	0	0	0	0.005	0.013
ASV_136	1.023	10.303	0.287882875170709	0.534639625317031	NotSig	0.089	0.05	0.003	0	0.001	0	0.002	0.003	0	0.008	0.014	0.006	0.004	0.055	0.058	0.158	0.184	0.103	0.017	0.973	0	0.027	0.006	0.036	0.215	0	1.659	0.014	0.017	0.014	0.017	0.001	0.006	0.017	0.018	0.011	0.093	0.146	0.332	0.001	0.003	0.001	0.001	0.001	0	0	0	0	0	0	0.239	0	0.012	0.01	0.009	0.062	0	0.066	0.089	0	0.058	0.001	0	0	0.003	0	0	0.004	0.531
ASV_64	-1.368	11.072	0.2922821889136	0.536909673113027	NotSig	0.097	0.371	0.021	0.25	0.038	0.058	1.974	0.061	0.185	0	0	0.006	0.132	0.005	0.212	0.005	0.006	0.002	0.002	1.043	0.005	0.004	0.003	0	0	0	0.002	0	0	0	0.002	0.844	0	0	0.003	0	0	0	0	0	0	0	0	0	0	0	0	0	0	0	0	0	0.007	2.128	0.002	0	0	4.164	0	0	0	0	0	0	0	0	0	0	0
ASV_75	0.898	10.559	0.299409296206173	0.54030637964438	NotSig	0.123	0.074	0.981	0.331	0.262	0.126	0.298	0.1	0.284	0.079	0.18	0.107	0.07	0.204	0.088	0.146	1.722	0.033	0.002	0.536	0.08	0.018	0.007	0.005	0.008	0	0.016	0.049	0.012	0.166	0.007	0.011	0.018	0.048	0.051	0.018	0.008	0.007	0.027	0	0	0.003	0	0	0.002	0.033	0	0.001	0	0	0.005	0.001	0.097	0.405	0.013	0.031	0.002	0.388	0.315	0.001	0	0	0	0	0	0.003	0	0	0.007
ASV_151	1.028	9.371	0.300525441932377	0.54030637964438	NotSig	0.063	0.031	0.005	0.246	0.186	0.177	0.033	0.232	0.082	0.242	0.067	0.075	0.211	0.301	0.502	0.263	0.13	0.164	0.002	0.004	0.002	0.014	0.001	0.002	0	0.001	0	0.002	0.037	0	0	0.039	0.003	0	0.002	0.002	0.004	0.09	0.024	0	0	0	0	0	0	0	0	0	0	0.001	0	0	0.069	0.305	0.002	0.003	0.057	0.055	0.029	0	0	0	0	0	0	0	0	0	0.001
ASV_23	0.695	13.397	0.308433793680332	0.548687485599748	NotSig	0.737	0.514	0.389	0.217	0.153	0.071	0.2	0.214	0.461	0.153	0.131	0.457	0.197	0.268	0.166	0.144	0.443	0.154	0.239	0.195	0.255	0.191	1.297	0.316	0.493	0.272	0.244	3.095	0.598	0.511	13.063	0.046	0.644	0.2	0.367	0.08	0.837	1.846	4.606	0.004	0.434	0	0.209	0.765	1.623	0.074	0	0	0.034	0.017	0.458	0.006	0.102	0.115	1.464	0.213	1.111	0.204	1.815	0.117	1.688	0	0.049	0.025	0.864	0.374	0.04	0.265	0.296
ASV_124	0.822	12.418	0.327350951813334	0.555762080758283	NotSig	0.32	0.236	0.036	0.035	0.054	0.105	0.008	0.176	0.043	0.22	0.009	0.125	0.038	0.014	0.069	0.011	0.045	0.191	0.014	0.127	4.512	0.105	6.698	0.014	0.073	0.009	0.038	0.002	0.02	0.354	0.007	0.003	0.102	0.256	0.436	0.139	0.08	0.311	0.088	0.025	0	0	0	0	0	0.079	0.137	0.762	0.039	0.011	0.217	0.146	0.025	0.118	0.071	0.394	0.051	0	2.658	0	0.311	0.16	0.003	0.017	0.021	0.166	0.013	0.011	0.001
ASV_47	1.018	11.539	0.330188277133336	0.555762080758283	NotSig	0.258	0.15	0.295	1.093	0.089	1.151	0.363	1.433	1.57	0.323	0.163	0.067	0.076	0.168	0.152	0.274	0.637	0.322	0	0.004	0.006	0.013	0	0.002	0.001	0	0	0.005	0.25	0.009	0	4.301	0.007	0	0.029	0.016	0	0.016	0.019	0.004	0	0	0.024	0	0	0	0	0.005	0	0.001	0.023	0	0.114	0.041	0.007	0	0	2.199	0.002	0	0.001	0.011	0	0	0	0.02	0.001	0.001	0.152
ASV_70	0.911	11.172	0.330442224830366	0.555762080758283	NotSig	0.171	0.074	0.094	0.152	0.045	0.191	0.192	0.285	0.143	0.069	0.205	0.018	0.029	0.119	0.106	0.315	0.03	0.033	0.026	0.029	0	0.006	0	0.008	0	0	0	5.778	0.003	0	0	0.073	0.024	0.005	0.006	0.02	0.001	0	0.108	0.013	0.075	0	0.003	0	0.18	0	0	0.001	0.012	0.005	0.154	0	0.035	0.085	0.002	0.003	0.007	0.265	0.002	0.402	0.006	0	0	0	0.094	0.098	0.058	0.196	0.007
ASV_33	0.875	11.832	0.330568456891448	0.555762080758283	NotSig	0.342	0.166	0.024	0.008	3.827	0.157	0.371	0.095	0.606	0.051	0.891	0.149	0.384	0.287	1.094	0.121	0.99	4.567	0	0.143	0	0.032	0	0.014	0.048	0.006	0.108	0.01	0.496	0.003	0.007	0.087	0.032	0.799	0.101	0.803	0.005	0.017	0.031	0	0.04	0	0.004	0	0.622	0	0	0	0.035	0.009	0.011	0.005	0.461	1.828	0.034	0.007	0	0.137	0.009	0.162	0.16	0	0	0	0	0.008	0	0.005	0.01
ASV_95	0.944	9.856	0.331959343900125	0.555762080758283	NotSig	0.088	0.044	0.058	0.761	0.035	0.1	0.052	0.274	0.109	0.401	0.783	0.117	0.144	0.413	0.228	0.192	0.039	0.041	0	0.02	0	0.004	0.001	0.002	0.005	0.003	0.02	0.056	0.027	0.037	0.027	0.304	0.002	0.007	0.027	0.1	0.003	0.001	0.004	0	0	0	0	0	0	0	0	0.003	0	0.001	0.001	0.005	0.161	0.156	0	0	0	0.432	0	0	0	0.003	0	0	0	0	0	0	0
ASV_146	0.818	9.709	0.332141835246074	0.555762080758283	NotSig	0.071	0.045	0.049	0.12	0.036	0.086	0.154	0.086	0.079	0.142	0.17	0.026	0.568	0.418	0.419	0.176	0.098	0.341	0.005	0.022	0	0.002	0.001	0	0.02	0.001	0.006	0.03	0.144	0.002	0.002	0.264	0.005	0.01	0.026	0.02	0.003	0.004	0.001	0.003	0	0	0.003	0.001	0	0	0.001	0	0.005	0.001	0	0	0.072	0.128	0.006	0	0.03	0.476	0.012	0	0	0	0.007	0	0	0.001	0.003	0.001	0.028
ASV_11	-0.547	14.782	0.348165534191136	0.571202412522561	NotSig	1.728	2.259	0.093	0.342	0.23	0.18	0.376	0.189	0.162	0.338	0.228	0.444	0.016	0.104	0.083	0.116	0.533	0.692	0.334	0.169	0.552	0.209	0.3	0.53	2.404	0.066	0.267	0.866	0.349	2.382	0.659	1.355	32.086	2.116	1.983	0.6	1.445	1.699	0.989	1.11	0.01	0.963	3.46	2.429	1.2	0.586	2.477	8.381	0.154	3.221	2.444	4.49	0.097	0.118	1.046	1.54	1.587	0.107	0.909	0.443	7.628	18.333	0.629	0.638	1.228	0.944	1.225	1.855	0.073
ASV_189	-0.526	10.879	0.348838871147156	0.571202412522561	NotSig	0.096	0.159	0.091	0.05	0.041	0.226	0.46	0.161	0.106	0.016	0.025	0.065	0.022	0.057	0.074	0.062	0.017	0.115	0.052	0.037	0.049	0.005	0.259	0.019	0.009	0.013	0.007	0.066	0.199	0.035	0.051	0.059	0.017	0.379	0.083	0.066	0.062	0.047	0.141	0.552	0.153	0.068	0.009	0.001	0	0.007	0.401	0.169	0.045	0.142	0.015	0	0.099	0.026	0.015	0.055	0.223	0.026	0.315	0.011	0.217	0.506	0.712	0.084	0.016	0.107	0.179	0.108	0.003
ASV_81	-0.535	12.115	0.35150917693696	0.571202412522561	NotSig	0.253	0.365	0.018	0.011	0.017	0.018	0.057	0.07	0.014	0.067	0.051	0.279	0.004	0.024	0.025	0.025	0.03	0.039	0.094	0.053	0.413	0.04	0.373	0.93	0.187	0.029	0.072	0.056	0.063	0.652	0.596	0.042	0.136	0.589	0.279	1.612	1.475	1.215	0.496	0.045	0.13	0.54	0.146	0.039	0.292	0.226	0.582	0.005	0.114	0.304	0.019	0.037	0.025	0.079	0.174	0.669	0.213	0	0.807	0.118	0.26	1.269	1.586	0.317	0.215	0.255	0.157	0.019	0.034
ASV_122	-0.617	11.628	0.355856988756572	0.572760296189149	NotSig	0.174	0.307	0.128	0.092	0.016	0.025	0.119	0.008	0.008	0.574	0.041	0.125	0.02	0.047	0.009	0.057	0.113	0.021	0.044	0.083	0.032	0.365	0.397	0.036	0.176	0.003	0.368	0	0.102	0.026	0.05	0.001	0.338	0.055	1.701	0.02	0.021	0.066	0.01	0.063	0.26	0.557	0.004	0.001	0.052	1.027	0.004	0.122	0.973	0.222	0.086	0.006	0.042	0.008	1.022	0.036	1.537	0	0.039	0.025	0.076	1.343	0.027	0	0.011	1.047	0.003	0.008	0
ASV_90	-0.608	12.737	0.370311873300964	0.587061796672553	NotSig	0.412	0.794	2.379	0.17	0.015	0.013	0.047	0.061	0.249	0.183	0.044	0.224	0.009	0.083	0.06	0.11	0.051	0.039	0.059	0.296	0.08	0.336	0.103	0.063	1.953	0.019	2.922	0.034	0.114	0.037	3.857	0.086	0.127	0.801	0.269	0.251	0.04	0.135	0.099	0.07	0.179	0.13	0.062	0	0.003	0.189	0.008	0.082	4.072	0.371	0.001	0.005	0.121	0.023	8.788	0.098	0.089	0.012	0.29	0.021	0.004	0.083	1.54	0	0.001	0.046	0.111	2.263	0.011
ASV_207	-0.722	11.13	0.371690013277888	0.587061796672553	NotSig	0.147	0.26	0.043	0.083	0.003	0.004	0	0	0	1.158	0.002	0.129	0	0.005	0.002	0.009	0.002	0.002	0.014	0.018	0.015	0.036	0.004	0.017	0.079	0.046	0.434	0.599	0	0.002	0.077	0.001	0.331	0.092	1.106	0.02	0.014	0.051	0.118	0	0.003	0.004	0.019	0	0.006	0.106	0.454	0.119	2.111	0.001	0	0.001	0.002	0	0.406	0.105	0.007	0	0.009	0	0.013	0.857	0.104	0.005	0	0.617	0.001	2.108	0.178
ASV_104	-0.72	10.684	0.391457995144376	0.608374818925375	NotSig	0.122	0.122	0.04	0.144	0.036	0.075	0.042	0.334	0.114	1.329	0.016	0.232	0.049	0.093	0.032	0.443	0	0.016	0.117	0.004	0.014	0.01	0.031	0.076	0.032	2.247	0.002	0	0.003	0.033	0.005	0	0.003	0.265	0.019	0.144	0.004	0.003	0.001	0.042	0	0	0	0	0.027	0.001	0	0	0	0	0.001	0	0.007	0.036	0	0.003	0.007	0	0.01	0.578	0.029	0	0.149	0	0.391	0.02	0.843	0.001	0
ASV_8	-0.616	14.408	0.392383758951869	0.608374818925375	NotSig	1.45	1.632	0.052	0.242	0.289	0.182	0.104	1.301	0.654	0.165	0.334	1.297	0.233	0.615	0.341	0.338	0.141	0.216	0.211	0.09	2.449	0.219	0.256	0.517	1.367	0.207	0.4	0.272	1.399	18.614	1.199	0.068	0.652	1.626	1.939	0.402	16.416	15.182	0.778	0.713	0.004	0.005	0.004	0.001	0	0	0.027	0	0.859	0.107	0.015	0	0.475	0.287	0.097	3.057	0.245	0.143	5.795	1.884	4.048	0.004	0.006	1.574	3.404	6.69	0.01	0.027	0.003
ASV_128	1.375	6.43	0.398780266027	0.6126714996233	NotSig	0.006	0.001	0	0	0	0	0	0	0	0	0.304	0.008	0.002	0.002	0	0.005	0	0	0	0	0	0.001	0	0	0	0	0	0	0	0	0	0	0	0	0	0	0	0	0.001	0	0	0	0	0	0	0	0	0	0	0	0	0	0.01	0	0	0.003	0	0	0	0	0	0	0	0	0	0.007	0	0	0
ASV_42	-0.59	12.643	0.40709879763312	0.619817088288264	NotSig	0.391	0.576	0.198	0.108	3.668	0.168	0.06	0.023	0.042	0.659	1.213	0.202	0.07	0.358	0.217	0.288	0.289	0.08	0	0.103	0.032	0.344	0.003	0.036	0.214	0.007	0.042	0.132	0.072	0.059	0.019	0.052	0.531	0.181	0.401	5.39	0.035	0.114	0.138	0	0.011	0.001	0.008	0.706	0.601	0.013	0.001	0.021	0.076	0.002	2.526	0.036	0.258	0.387	6.383	0.009	0.025	0.036	0.006	1.168	0.015	0.001	0	0	0.821	0.458	0.016	0.035	0.168
ASV_114	0.79	12.025	0.414044747020578	0.624763948629265	NotSig	0.199	0.225	0	0.007	0	0	0.013	0.041	0.008	0.043	0.009	0.002	0.009	0.031	0.016	0.059	0.028	0.004	0.239	0.004	0.052	0.072	0.01	0.319	0.007	0.04	0.002	0.002	0.027	0	0	0.028	0	0.034	0.003	0.024	0.006	0.003	0.19	3.274	0.844	0.003	0.066	0.003	0	0.003	0.022	0	0.177	0.172	1.309	2.755	0.002	0.026	0.009	0.115	0.055	0.001	0.65	0	0.18	0	0	0	0.001	0.061	1.531	1.189	0
ASV_110	0.549	12.036	0.438973576154895	0.656518003275905	NotSig	0.248	0.207	0.008	0.022	0.026	0.004	0.059	0.07	0.01	0.096	0.039	0.497	0.007	0.009	0.007	0.021	0.002	0	0.066	0.053	0.034	0.072	0.007	1.699	0.356	0.021	0.044	0.187	0.045	0.003	0.221	0.083	0.76	0.012	0.063	0.086	0.287	0.001	0.017	0.017	0.149	0.619	2.435	1.875	0.199	0.558	0.054	0	0.069	0.71	0.011	0.723	0.012	0.021	0.073	0.021	0.002	0.023	0.006	0.087	0.391	0.52	0.212	0.077	0.108	0.141	0.861	0.41	0.559
ASV_112	-0.505	9.914	0.449738892087324	0.66564779332306	NotSig	0.054	0.096	0.026	0.021	0.003	0.016	0.026	0.002	0.021	0.024	0.002	0.184	0.002	0.005	0.012	0	0.03	0.002	0.023	0.037	0.003	0.041	0.031	0.087	0.09	0.08	0.239	0.014	0.002	0.068	0.012	0.021	0.045	0.07	0.067	0.02	0.067	0.101	0.135	0.003	0.283	0	0.375	0.008	0	0.003	0.012	0.09	0	0.004	0	0.299	0.022	0	0.009	0.009	0.08	0	0.078	0.006	0.015	0.014	0.192	0.003	0.008	0.004	0	0.432	0.766
ASV_27	0.554	13.26	0.452955599006816	0.66564779332306	NotSig	0.653	0.55	0.114	0.033	0.058	0.143	0.002	0.221	0.026	0.065	0.083	0.491	0.031	0.057	0.067	0.084	0.021	0.049	2.116	0.211	3.197	0.094	10.17	0.139	0.188	0.063	0.08	0.089	0.012	1.732	0.034	0.032	0.37	1.19	0.587	0.641	0.241	2.583	4.506	0.023	0.468	0	0.047	0	0	0.111	0.473	0	0.368	0.68	0.016	0.627	0.052	0.105	0.114	1.288	2.028	0.005	3.626	0.072	0.062	0.585	0.423	0.036	0.297	0.289	0.325	0.039	0.003
ASV_79	-0.51	11.178	0.461754805390424	0.669958064860355	NotSig	0.164	0.274	0.113	0.177	0.147	0.186	0.724	0.232	0.143	0.031	0.35	0.097	0.772	0.157	0.246	0.203	0.304	1.994	0.007	1.021	0.009	0.066	0.009	0.008	0.041	0.003	0.084	0.024	0.112	0.019	0.003	0.463	0.014	0.055	0.085	0.078	0.005	0.057	0.024	0	0.011	0	0.004	0.004	0.009	0.015	0	0.033	0.053	0.016	0.001	0.003	0.084	0.877	0.021	0.005	0.05	3.447	0.019	0.005	0	0.004	0.004	0	0.001	0.001	0.006	0.075	0.066
ASV_148	1.214	8.218	0.4638171218264	0.669958064860355	NotSig	0.017	0.01	0.02	0.007	0	0	0	0	0	0	0	0	0	0	0	0	0	0	0.367	0.028	0.005	0.116	0.116	0	0.019	0	0	0	0.008	0	0	0	0	0	0	0	0.048	0.07	0.047	0	0	0	0	0	0	0	0	0	0	0	0	0	0	0.003	0	0.136	0	0	0.035	0	0	0	0	0	0	0	0	0	0
ASV_65	-0.47	13.754	0.477975068620875	0.677308822903696	NotSig	0.593	0.913	0.056	0.145	0.045	0.028	0.33	0.276	0.069	0.128	0.184	0.483	0.022	0.071	0.032	0.084	0.056	0.047	0.096	0.132	0.232	0.106	1.634	0.156	0.275	0.049	0.03	0.407	0.083	0.194	0.401	0.02	2.125	0.166	0.396	0.114	0.625	0.496	0.456	0.206	0.071	0.168	3.601	7.441	0.845	0.42	0.137	0.016	0.014	0.124	0.005	6.339	0.027	0.069	0.44	0.371	0.181	0.026	0.713	0.011	9.916	0.104	0.34	1.235	0.459	0.031	0.785	0.548	0.261
ASV_38	0.504	14.998	0.479806891543597	0.677308822903696	NotSig	1.647	1.5	0.289	0.141	0.017	0.032	0.327	0.27	0.079	1.219	0.168	0.19	0.04	0.074	0.094	0.073	0.056	0.045	13.459	0.136	0.549	0.139	0.369	3.491	0.145	0.236	0.108	2.761	0.225	0.014	0.228	0.055	1.391	0.258	0.144	3.529	0.109	0.111	0.505	3.91	1.182	5.182	0.489	0.034	0.21	0.559	16.464	2.825	5.31	13.164	0.945	0.979	0.064	0.067	0.075	2.362	0.264	0.029	0.062	0.991	2.127	3.674	5.992	2.308	0.943	0.159	5.862	0.391	0.134
ASV_129	0.466	10.323	0.484384971428337	0.677308822903696	NotSig	0.088	0.06	0.014	0.01	0.028	0.019	0.076	0.042	0.042	0.173	0.085	0.428	0.009	0.045	0.025	0.05	0.004	0.004	0.038	0.017	0.005	0.015	0.294	0.012	0.004	0.11	0.008	0.014	0.032	0.019	0.582	0	0.129	0.125	0.128	0.537	0.108	0.229	0.104	0	0.021	0.001	0.023	0.185	0.002	0	0.01	0.003	0.001	0.001	0.4	0.201	0.035	0.041	0.006	0.126	0.027	0.004	0.025	0.064	0.158	0.049	0	0.008	0.214	0.145	0.095	0.021	0
ASV_97	-0.398	11.716	0.484937086220989	0.677308822903696	NotSig	0.213	0.264	0.07	0.046	0.087	0.083	0.055	0.092	0.103	0.144	0.325	0.855	0.074	0.078	0.099	0.333	0.081	0.049	0.021	0.053	0.124	0.037	0.384	0.178	0.159	0.036	0.062	0.225	0.374	0.244	0.509	0.013	0.239	0.118	0.181	0.024	0.247	1.041	0.954	0.006	0.201	0.052	0.125	0.001	0.021	0.004	0	0.221	0.186	0.034	2	0	0.149	0.1	0.223	0.796	0.135	0.027	0.332	0.039	0.264	0.007	0.006	0.014	0.277	1.614	0.081	0.053	0.365
ASV_18	0.524	14.229	0.498400508715852	0.690115157355631	NotSig	1.291	0.847	0.033	0.021	0.176	0.13	0.005	2.274	0.135	3.099	0.371	0.511	0.092	0.187	0.081	0.226	0.094	0.041	1.442	0.158	0.032	0.274	0.059	0.404	0.321	25.523	0.123	0.115	2.422	0.009	0.007	0.041	0.843	0.198	0.43	0.341	1.457	2.83	3.558	0.013	0.001	0.003	0	0.24	0.002	0.009	3.022	0.013	0.545	4.94	2.588	5.103	0.163	0.085	0.021	1.742	1.78	0.051	0.088	0.11	0.179	5.657	0.003	1.86	0.004	1.774	0.518	0.37	0
ASV_40	0.391	12.066	0.502273161862382	0.690115157355631	NotSig	0.321	0.29	0.789	0.614	0.254	0.414	0.249	0.223	0.625	0.153	0.373	0.17	0.07	0.133	0.398	0.338	0.148	0.154	0.024	0.352	0.012	0.346	0.013	0.022	0.292	0.107	1.302	0.029	0.175	0.042	0.815	1.145	0.119	0.012	0.381	0.394	0.049	0.023	0.064	0.004	0.488	0.533	1.007	0.015	0.163	0.09	0.005	0.129	2.727	0.019	0.015	0.027	0.156	0.177	0.137	0.015	0.023	1.55	0.06	0.008	0.052	0.054	0.065	0	0.196	0.531	0.04	1.161	0.71
ASV_137	-0.49	10.199	0.517908196263511	0.70119519889033	NotSig	0.063	0.07	0.002	0.017	0.019	0	0.007	0.031	0	0.098	0.002	0.036	0.004	0	0.005	0.002	0.011	0.004	0.01	0.044	0.023	0.119	0.012	0.003	0.007	0.043	0.096	0.008	0.003	0	0.002	0.001	0.029	0.041	0.101	0.029	0.032	0.012	0.021	0.176	0.409	0	0.076	0	0	0.012	0.095	1.012	0.003	0.449	0.003	0.046	0.002	0.008	0	0.005	0	0	0.015	0.029	0.099	0.286	0.312	0.327	0.018	0.052	0.029	0	0.006
ASV_9	-0.356	14.117	0.518635502137818	0.70119519889033	NotSig	1.051	1.431	0.52	0.24	0.678	0.549	0.281	0.29	0.651	0.403	0.677	0.642	0.126	0.261	0.263	0.352	0.259	0.097	0.391	0.611	0.479	0.505	2.067	0.52	0.827	0.339	0.368	3.549	1.18	0.5	4.422	0.218	2.863	0.27	0.575	0.222	0.933	3.425	8.605	0.008	1.145	0.476	1.561	1.825	5.951	0.726	0.003	0.009	0.147	0.099	1.391	0.055	0.228	0.195	3.012	1.069	3.141	0.648	2.231	1.124	4.441	0.006	0.104	0.026	2.06	1.636	1.205	1.118	2.075
ASV_54	0.458	13.39	0.524652685190985	0.703700823787908	NotSig	0.606	0.714	0.1	0.084	0.119	0.047	0.026	0.469	0.043	0.818	0.265	0.883	0.018	0.059	0.085	0.027	0.329	0.214	4.428	0.132	0.803	0.249	0.051	0.359	0.384	0.389	0.046	6.082	0.384	0.068	0.009	0.024	0.036	0.333	0.111	0.218	0.206	0.17	2.161	0.007	0.003	3.088	0.017	0.173	0.006	0.174	4.256	0.968	0.239	1.084	0.019	0.021	0.106	0.036	0.066	0.05	5.637	0.016	1.495	0.076	0.405	0.003	0.992	0.002	0.753	0.006	2.47	0.024	0
ASV_117	0.495	11.986	0.532700592910112	0.707824313059726	NotSig	0.369	0.174	0.003	0.108	0.118	0.062	0.026	0.019	0.026	0.533	0.051	6.905	0.029	0.033	0.046	0.002	0.017	0.014	0.173	0.04	1.102	0.046	0.232	0.107	0.04	2.131	0.008	0.012	0.075	2.434	0.039	0	0.268	1.062	0.03	0.006	0.006	0.008	0.001	0.023	0.003	2.301	0.003	0.045	0	0	0.004	0.183	0.067	0	0	0	0.243	0.241	0.017	0.034	0.17	0	0.007	0.645	0.038	0.44	0.191	0.002	0.4	0.112	0.188	0.215	0.013
ASV_103	-0.445	11.108	0.53610362172571	0.707824313059726	NotSig	0.151	0.189	0.005	0.008	0.039	0.047	0.015	0.106	0.01	0.258	0.005	1.378	0.002	0.019	0.023	0.039	0.006	0.008	0.129	0.037	0.238	0.04	1.517	0.005	0.032	0.031	0.013	0	0.042	0.026	0.043	0.003	0.113	0.572	0.207	0.089	0.085	0.211	1.181	0.006	0.111	0	0.003	0.193	0	0	0.008	0.157	0.052	0	0.413	0.05	0.054	0.028	0.007	0.315	0.053	0	2.472	0.005	0.129	0	0.018	0.009	0.016	0.052	0.014	0.045	0
ASV_115	0.545	9.998	0.577302315600703	0.75631078555441	NotSig	0.075	0.061	0.006	0.148	0.089	0.137	0.242	0.112	0.053	0.039	0.106	0.463	0.072	0.429	0.078	0.107	0.107	0.051	0.003	0	0.009	0.054	0.001	0.008	0.005	0.001	0	0	1.284	0.035	0.01	0.021	0.008	0.027	0.018	0.001	0	0.027	0.004	0	0.008	0	0	0	0	0	0	0	0	0	0	0	0.339	0.062	0.002	0	0.394	0.23	0.003	0	0.001	0	0.001	0	0.001	0	0	0	0
ASV_39	0.404	12.108	0.611613832373626	0.785727508658171	NotSig	0.45	0.191	0.053	0.478	0.724	0.462	0.306	0.788	0.17	1.524	0.092	9.424	0.083	0.275	0.168	0.696	0.021	0.179	0.107	0.059	0.206	0.114	0.006	0.26	0.09	2.409	0.012	0.008	0.035	0.085	0.307	0	0.025	0.405	0.095	0.231	0.149	0.013	0.051	0.054	0	2.189	0	0.004	0	0.001	0.009	0	0.121	0	0	0	0.327	0.013	0.009	0.005	0.709	0.043	0.014	0.008	0.998	0.006	0.157	0.614	0.001	0	0.335	0.003	0
ASV_113	0.291	12.184	0.613455641027517	0.785727508658171	NotSig	0.36	0.284	0.049	0.133	0.118	0.171	0.22	0.07	0.035	0.246	0.235	0.38	0.02	0.05	0.062	0.084	0.062	0.074	0.19	0.066	0.206	0.067	0.739	5.33	0.28	0.06	0.04	0.209	0.175	0.316	0.807	0.021	0.949	0.369	0.593	0.074	0.601	0.961	1.338	0.256	0.04	0.049	1.592	0.196	0.084	0.001	0.043	0.001	0.073	0.116	0.1	0.024	0.109	0.067	0.225	0.208	1.276	0.018	0.425	0.025	0.78	0.014	1.068	0.082	0.1	0.188	0.095	0.126	0.021
ASV_5	0.362	14.192	0.613704326289223	0.785727508658171	NotSig	1.496	1.159	0.359	4.816	2.105	1.081	3.711	1.84	0.897	1.935	0.951	1.186	1.701	8.693	5.015	3.952	1.66	3.975	0.052	0.162	0.045	0.866	0.01	0.202	0.364	0.024	0.115	0.137	12.395	0.319	0.178	2.268	1.467	1.001	0.779	0.255	0.986	7.74	0.573	0	0.027	0.014	0.034	0.018	0.002	0	0	0.024	0.232	0.021	0.567	0.032	2.526	2.256	0.741	0.277	3.879	4.021	0.342	0.031	0.179	0	0.066	0.002	0.023	5.125	0.017	0.191	0.024
ASV_141	0.318	10.006	0.641008570355691	0.814090627846366	NotSig	0.087	0.06	0.036	0.011	0.028	0.058	0.057	0.059	0.037	0.01	0.272	0.154	0.038	0.285	0.092	0.089	0.156	0.17	0.009	0.007	0.012	0.028	0.036	0.037	0.028	0.435	0	0.015	0.399	0.005	0.024	0.027	0.636	0.014	0.063	0.011	0.108	0.467	0.401	0	0	0	0.004	0.005	0.011	0	0	0	0.015	0.001	0.004	0	0.371	0.01	0.073	0.036	0.011	0.04	0.04	0.005	0.06	0	0.006	0.005	0.029	0.075	0.001	0.262	0.003
ASV_131	0.647	10.413	0.645491977108953	0.814090627846366	NotSig	0.148	0.062	0	0	0.003	0	0	0.002	0	0	5.446	0.119	0.085	0.197	0.016	0.011	0.002	0.002	0	0.004	0.002	0.001	0	0	0.001	0	0	0	0	0	0	1.369	0	0	0.037	0.002	0.001	0.113	0.006	0	0	0	0	0	0	0	0	0	0.001	0	0	0	0.104	0	0.086	0	0	0.669	0.001	0.176	0	0	0	0	0	0.008	0	0	0.001
ASV_7	-0.259	14.916	0.657891884120108	0.823583173454061	NotSig	1.739	2.284	0.085	0.536	0.272	1.071	0.06	0.853	0.291	3.21	0.49	0.966	0.096	0.323	0.647	0.603	0.853	1.351	0.367	0.51	6.289	1.015	4.015	0.512	0.48	1.118	0.079	1.165	0.581	8.301	0.528	0.588	1.813	0.982	0.624	0.3	12.553	7.514	0.639	9.776	0.027	0.018	0.346	1.196	0.15	0.024	0.812	0.008	0.22	5.811	1.217	5.675	0.225	1.159	2.166	1.215	2.326	0.067	15.708	2.554	1.428	2.257	1.217	1.246	2.389	0.683	2.482	1.654	0.046
ASV_85	-0.269	11.065	0.675896848900077	0.835195328848172	NotSig	0.127	0.131	0.056	0.097	0.092	0.183	0.122	0.067	0.103	0.096	0.152	0.127	0.11	0.057	0.048	0.068	0.032	0.01	0.028	0.286	0.015	0.027	0.137	0.005	0.007	0.006	0.002	0.007	0.095	0.23	0.048	0.111	0.374	0.082	0.136	0.015	0.03	0.228	0.481	0.003	1.082	0.052	0.001	0.003	0.022	0	0	0.001	0.099	0.004	1.217	0.084	0.032	0.026	0.017	0.053	0.028	0.052	0.074	0.246	0.128	0.001	0	0.019	0.33	1.156	0.014	0.031	0.02
ASV_72	-0.318	12.585	0.678970389415922	0.835195328848172	NotSig	0.326	0.595	0	0	0.132	0.097	0.033	0.058	0.064	0.018	0.048	0.101	4.414	0.019	0.014	0.023	0.047	0.045	0.045	4.896	0.051	0.642	0.094	0.02	0.07	0.051	0.055	0.002	0.083	0.024	0.135	0.024	0.121	0.048	0.061	1.017	0.013	0.001	0.017	0	0.003	0.247	0.358	2.251	0.095	0.132	0	0.004	0.414	0.009	0.128	0.054	0.057	0.138	7.805	0.177	0.014	0.114	0.002	0.103	0.116	0.006	0	0	0.356	0.204	0.065	0.575	0.389
ASV_142	-0.36	10.536	0.681993818822768	0.835195328848172	NotSig	0.118	0.118	0	0	0.004	0	0.002	0.154	0	0.012	0.023	0.067	0	0	0.055	0.002	0.002	0.002	0.056	0.029	0.011	0.031	0.003	0.029	0.556	0.319	0.035	0.008	0.063	2.262	0.024	0.11	0.043	0.562	0.141	0.83	0.017	0.007	0.032	0	0	0.001	0	0	0	0	0.001	0.004	0.414	0	0	0	0.037	0.031	0.024	0.036	0.06	0.005	0.016	0	0	1.139	0.003	0	0.123	0.006	0.489	0	0.028
ASV_74	0.337	11.107	0.69257683760092	0.842053852910471	NotSig	0.192	0.116	1.632	0.265	0.09	1.597	0.047	0.872	1.61	0.051	0.242	0.226	0.016	0.349	0.097	0.196	0.845	0.253	0.012	0.009	0.017	0.027	0.003	0.02	0.002	0.001	0.005	0.007	0.082	0.009	0.005	0.439	0.083	0.043	0.143	0.005	0.094	0.043	0.048	0	0.036	0.025	0	0	0.002	0.041	0	0.003	0	0	0	0	1.592	0.041	0.148	0.002	0.071	0.063	0.034	0	0.006	0	0.001	0	0	0	0.006	0	0.013
ASV_25	-0.233	13.368	0.699774318307381	0.844727569956768	NotSig	0.762	0.816	2.626	0.892	0.11	1.995	0.08	0.869	1.864	0.645	1.464	1.042	0.981	2.121	0.843	1.694	2.556	2.653	0.194	1.761	0.052	0.479	0.027	0.053	0.764	0.036	1.721	0.608	0.028	0.016	0.255	0.461	0.1	0.15	0.673	0.202	0.725	0.13	0.129	0.041	0.579	0.01	1.692	0.01	0.024	1.034	0.009	0.103	1.178	2.312	0	0.107	5.383	0.485	0.786	0.033	0.094	0.23	0.286	0.004	0.025	0.018	0.211	0.031	0.594	0.067	0.007	0.146	5.475
ASV_58	0.264	11.015	0.728245358326407	0.872108236673176	NotSig	0.157	0.151	0.021	0.596	0.543	0.375	0.161	0.175	0.053	0.187	0.186	0.232	0.258	0.183	0.91	0.224	0.302	0.287	0.01	0.05	0	0.036	0.009	0.012	0.011	0.01	0.002	0.02	0.594	0.01	0.01	0.267	0.211	0.135	0.061	0.036	0.06	0.683	0.189	0	0.381	0.015	0.001	0.003	0.297	0	0	0	0.037	0	0.018	0	0.092	0.587	0.006	0.225	0.172	0.77	0.126	0	0	0	0	0	0	0.007	0.004	0.007	0.569
ASV_88	-0.223	12.481	0.735311621860399	0.872108236673176	NotSig	0.315	0.485	0.018	0.039	0.003	0.001	0.015	0.045	0.005	0.285	0.025	0.065	0	0.009	0.007	0.009	0.009	0.014	0.117	0.053	0.054	0.046	0.207	0.404	1.956	0.104	0.116	2.057	0.093	0.028	0.128	0.007	0.063	0.005	0.439	0.986	0.009	0.114	0.012	0.128	1.876	0.391	0.432	0.596	2.243	0.319	0.087	0.576	0.537	0.357	0.629	0.037	0.017	0.041	0.12	0.081	0.044	0.007	0.005	0.262	0.279	0.437	2.031	0.005	0.58	0.369	0.814	2.358	0.796
ASV_50	-0.29	9.541	0.746019295798488	0.872108236673176	NotSig	0.053	0.076	0.047	0.075	0.495	0.102	0	0.005	0.267	0.012	0	0.02	0.045	0.059	0.154	0.1	0.137	0.105	0	0.277	0.012	0.046	0.003	0.005	0.095	0	0.102	0	0.035	0	0	0.097	0.012	0.031	0.064	0.118	0.01	0.033	0.089	0	0	0	0	0	0	0	0	0	0	0	0	0	0.03	0.613	0.022	0.019	0.019	0.543	0.03	0	0	0	0	0	0	0.001	0	0.003	0.007
ASV_6	0.27	13.59	0.746836124766208	0.872108236673176	NotSig	1.034	0.94	1.017	2.086	15.589	0.669	0.187	1.012	0.9	2.94	2.002	2.176	2.056	2.394	1.965	3.443	1.033	0.616	0.003	0.868	0.005	0.05	0.012	0.015	0.072	0.064	0.031	0.069	0.077	0.073	0.069	3.797	0.011	1.525	1.885	0.828	0.03	0.207	0.072	0.001	0.026	0.001	0.011	0.003	0.058	0	0	0.005	0.004	0.002	1.761	0.001	1.882	10.313	0.056	0.002	0.043	3.345	0.035	0	0	0	0.01	0	0.014	0.239	0	0.005	0.029
ASV_111	0.231	9.67	0.748842176167866	0.872108236673176	NotSig	0.065	0.049	0.141	0.17	0.073	0.117	0.182	0.119	0.074	0.024	0.007	0.418	0.009	0.04	0.021	0.107	0.049	0.023	0.007	0.061	0.006	0.012	0.451	0.16	0.03	0.003	0.057	0.002	0.025	0.028	0.055	0.003	0.043	0.087	0.175	0.011	0.022	0.01	0.384	0	0.027	0.023	0.004	0	0	0.005	0	0	0	0.002	0	0.001	0.213	0.023	0.051	0.036	0.062	0.001	0.012	0	0	0	0.298	0	0	0.007	0	0.001	0.133
ASV_12	0.281	12.563	0.753418950025347	0.872108236673176	NotSig	0.475	0.337	0.038	0.012	0.816	0.278	0.603	0.97	0.458	1.367	2.391	1.002	0.868	1.26	1.999	0.619	0.813	0.152	0.003	0.04	0.002	0.02	0.009	0.015	0.431	0.006	0.094	0.301	6.728	0.028	0.038	0.027	0.092	0.415	0.106	1.207	0.017	0.036	0.43	0	0	0	0.012	0.008	0.002	0	0.008	0.016	0	0	0	0	4.361	0.626	0.015	0.005	0.002	0.595	0.009	0.035	0	0.067	0.004	0	0.001	0	0	0	0.01
ASV_86	-0.3	12.587	0.766632142575452	0.881366204729601	NotSig	0.295	0.43	0	0	0.046	0.007	0.01	0.002	0	0.004	0.186	0.077	0.175	0.021	0.405	0.032	0.026	0.008	1.576	0.147	6.564	0.118	0.025	0.092	0.022	2.703	0.013	0	0	0	0	0	0.017	0.046	0.745	0.054	0.058	0.346	0.03	0.063	0	0	0	0	0	0.003	0.351	0.566	0.192	0.037	0	0	0.057	2.476	0.075	0.289	0	0.016	0	0	0.254	2.975	0.01	1.051	0	0	0.1	0	0
ASV_199	0.302	13.283	0.781942900790483	0.892894258335079	NotSig	0.407	0.42	0	0.004	0	0	0	0.009	0.026	0.006	0.023	0.002	0.025	0	0	0.018	0	0	0.002	0.044	0	0	0.009	0.005	0.182	0.057	0.042	0.002	0.018	0.026	0.039	0	0.055	0.01	0.436	0.63	0.028	0.07	0.045	0.003	2.608	0.003	0.027	14.635	0.005	0.569	0	0	0.692	0.001	0	0.001	0	0.003	0.007	0.003	0	0.04	0.009	2.355	0.619	0.004	0.003	0	3.782	0.089	0.058	0.164	0.01
ASV_209	-0.213	11.673	0.796163378670767	0.903030946277582	NotSig	0.218	0.273	0.275	0.062	0.087	0.448	0.002	0.076	0.024	0.124	0.154	2.572	0.029	0.017	0.032	0.011	0.094	0.023	0.003	0.072	0.523	0.052	4.189	0.017	0.006	0.02	0.01	0.017	0.032	0.012	0.084	0	0.055	0.234	0.186	0.036	0.045	0.47	0.035	0.017	0.022	0.075	0.135	0	0	0.001	0	0	0.454	0.004	0.072	0.005	0.193	0.062	0.022	0.126	2.391	0.01	0.02	0	0	0	0	0.002	0	1.814	0	0.003	0
ASV_57	-0.266	13.997	0.815897572275649	0.913139260241883	NotSig	0.84	1.532	0.003	0	0.019	0.001	0	0.005	0.058	0.116	0.444	1.376	0	0.002	0	0.014	0.004	0.002	0.091	0.123	0	0.297	0.043	0.003	0.013	0.003	0.016	0	0.295	0.283	37.824	0.001	0.023	0.442	0.079	0.016	0.013	0.221	0.119	0.006	0	0	0.001	0.001	0	0.005	0	0	0.035	0	0	0	0.047	0	0.152	25.02	0	0.007	0.008	0.001	0.038	0	0	0	0.134	0.096	0	0.529	0.013
ASV_235	0.159	9.748	0.816496313373365	0.913139260241883	NotSig	0.066	0.059	0.169	0.108	0.134	0.056	0.086	0.069	0.145	0.02	0.274	0.059	0.045	0.102	0.265	0.285	0.141	0.115	0.002	0.132	0.003	0.07	0	0.008	0.187	0.006	0.404	0.002	0.055	0.01	0.041	0.124	0.007	0.007	0.053	0.004	0.004	0.003	0.014	0	0.015	0.011	0.021	0	0	0.013	0	0.004	0.034	0	0	0	0.084	0.172	0.007	0	0.016	0.185	0.007	0.037	0.001	0.001	0.028	0	0.342	0.008	0	0.083	0.034
ASV_30	0.179	10.987	0.821285015128794	0.913139260241883	NotSig	0.184	0.165	0.225	0.348	0.366	0.142	0.242	0.076	0.283	0.057	0.414	0.069	0.063	0.256	1.179	0.379	1.546	2.585	0.002	0.066	0.018	0.052	0.001	0.008	0.014	0.004	0.013	0.003	0.1	0.009	0.019	0.107	0.014	0.019	0.143	0.061	0.004	0.239	0.014	0	0.003	0	0.012	0	0.003	0	0	0.012	0.005	0.019	0	0.005	0.173	2.397	0.079	0.088	0	0.01	0.014	0.001	0.003	0.008	0	0	0.003	0.003	0	0.019	0.004
ASV_107	0.202	10.061	0.831842348440084	0.91522376351251	NotSig	0.085	0.058	2.407	0.119	0.012	0.021	0.002	0.045	0.043	0	0.136	0.083	0.038	0.19	0.081	0.089	0.165	0.101	0.003	0.002	0.006	0.007	0.034	0.269	0.013	0.004	0	0	0.003	0.005	0.002	0.001	0.004	0.019	0.04	0.002	0.009	0.005	0.289	0	0.005	0	0	0	0	0	0.004	0	0	0.005	0	0	0.79	0.046	0.002	0.003	0.009	0	0.003	0	0	0	0	0.002	0	0.004	0	0	0.131
ASV_69	0.148	12.651	0.83399088509424	0.91522376351251	NotSig	0.334	0.301	0.021	0.014	0.033	0.009	0.039	0.067	0.05	0.043	0.021	0.378	0.013	0.069	0.025	0.027	0.03	0.041	0.023	0.176	0.181	0.182	0.733	1.71	0.37	0.04	0.065	0.074	0.149	0.417	0.075	0.053	0.145	0.458	0.699	0.095	0.56	0.545	0.237	0.025	0.023	2.664	2.529	0.039	0.003	0.004	3.512	0	0.004	0.016	0.005	0.001	0.04	0.085	0.191	0.676	0.122	0.005	0.355	0.01	0.244	0.327	1.152	1.559	0.089	0.149	0.009	0.076	0.022
ASV_210	-0.116	10.757	0.884008106355827	0.958968920298644	NotSig	0.106	0.136	0.006	0.003	0.028	0.006	0	0.002	0.003	0.006	0.007	0.046	0.009	0.021	0.018	0.084	0.058	0.103	0.18	0.057	0.285	0.128	0.453	0.036	0.122	0.486	0.033	0.007	0.07	0.12	0.01	0	0.043	0.376	0.08	0.111	0.01	0.005	0.01	0.004	0.314	0.02	0	0	0	0.003	0.025	0	0.026	1.818	0.066	0.001	0.005	0.003	0.026	0.132	0.206	0	0.028	0	0.001	0.047	1.679	0	0	0	0.13	0.049	0
ASV_15	-0.08	14.046	0.893240313275182	0.958968920298644	NotSig	1.147	1.329	0.056	0.105	0.044	0.038	0.233	0.151	0.067	0.14	0.069	0.16	0.025	0.088	0.074	0.096	0.075	0.127	0.65	0.2	0.209	0.222	0.804	14.479	1.421	0.405	0.592	0.341	0.354	0.357	1.697	0.267	1.329	4.843	0.54	0.45	1.412	2.6	6.705	1.19	0.431	2.74	1.784	0.054	0.003	0.64	2.503	2.422	1.774	2.247	0.101	0.059	0.062	0.103	1.803	4.919	3.042	0.011	2.776	0.666	0.137	0.341	2.371	0.203	0.496	0.068	3.142	0.481	1.97
ASV_134	-0.086	9.665	0.898661568791274	0.958968920298644	NotSig	0.062	0.058	0.015	0.109	0.052	0.248	0.044	0.111	0.042	0.024	0.097	0.267	0.09	0.38	0.242	0.107	0.058	0.047	0.01	0.334	0.009	0.037	0.025	0.032	0.018	0.024	0.013	0.002	0.185	0.009	0.002	0.08	0.067	0.034	0.034	0.001	0.032	0.161	0.046	0	0	0.003	0.003	0.004	0	0	0	0	0.014	0	0.007	0	0.072	0.038	0.095	0.019	0.239	0.102	0.021	0	0.155	0.098	0	0	0.001	0.119	0.001	0	0.018
ASV_157	0.12	11.371	0.899954981734815	0.958968920298644	NotSig	0.141	0.17	0.018	0.012	0.001	0.001	0.016	0.125	0.008	0.026	0.025	0.004	0.009	0.007	0.005	0.084	0.227	0.201	0.035	0.004	0.018	0.011	0	0.003	0.002	0	0.003	0.118	0.027	0	0	0.007	0	0	0.005	0	0.001	0	0	0.277	0.26	4.141	0	0.003	0.005	0.025	0.057	0.012	0.007	1.14	0.098	0	0	0.01	0	0.003	0.009	0	0	0.14	0.007	0.33	0.778	0.053	0	0.032	1.258	0.273	0
ASV_135	0.116	8.328	0.90222519720405	0.958968920298644	NotSig	0.022	0.019	0.018	0.065	0.121	0.041	0.005	0.019	0.01	0.026	0	0.115	0.112	0.024	0.016	0.137	0.026	0.074	0.002	0.009	0.071	0.115	0.013	0.002	0	0	0.002	0	0.027	0.002	0	0	0	0.007	0.021	0.008	0	0.025	0.001	0	0.001	0	0	0	0	0	0	0	0	0	0	0	0.171	0.056	0.058	0.031	0.002	0	0.001	0	0	0	0	0	0	0	0	0	0
ASV_94	0.069	12.241	0.910915012562688	0.962153982019339	NotSig	0.353	0.315	0.126	0.057	0.02	0.025	0.05	0.293	0.029	0.118	0.216	0.198	0.011	0.033	0.046	0.018	0.16	0.246	0.255	0.274	0.427	0.193	0.052	2.048	0.079	0.858	0.083	0.133	0.077	3.861	0.021	0.181	0.303	0.282	0.607	0.861	0.055	0.047	1.202	0.017	0.359	2.101	0.021	0.01	0.027	0.015	0.107	0.001	0.458	0.827	0.135	0.001	0.057	0.051	0.125	0.426	1.868	0.01	0.448	0	0.062	0.768	0.336	0.661	0.001	0.032	0.104	0.095	0.315
ASV_138	-0.081	11.867	0.924904961173876	0.964475784801605	NotSig	0.213	0.214	0.02	0.026	0.125	0.012	0	0.735	0.135	0.551	0.283	0.816	0.15	1.006	0.235	0.667	0.056	0.154	0.021	0.042	1.14	0.156	0.022	0.163	0.115	0.136	0.121	0.002	1.095	0.026	0.012	0	0.003	0.174	0.008	0.006	0.009	0.013	0.012	0	0	0	0	0	0.005	0.049	1.129	0.003	0.001	0	1.242	0	0.357	0.008	0.041	0.062	0.048	0.001	1.373	0.633	0.379	0.001	0	0.002	0.736	0	0	0	0
ASV_83	-0.085	11.023	0.924914024242575	0.964475784801605	NotSig	0.181	0.131	2.426	0.393	0.046	0.57	0.005	0.48	0.211	0.5	0.012	0.489	0.256	0.531	0.332	0.589	0.49	1.347	0	0	0.006	0.047	0.006	0.015	0.019	0.004	0.022	0	0.007	0.007	0.012	0.013	0.018	0.019	0.056	0.006	0.017	0.005	0.025	0	0.027	0	0.001	0	0	0	0	0.009	0.004	0.011	0	0	2.085	0.054	0.026	0.002	0.005	0.004	0.008	0	0.007	0	0	0	0	0	0.01	0.033	0
ASV_46	-0.077	11.303	0.930234040962495	0.964475784801605	NotSig	0.177	0.255	0.721	1.564	0.254	0.236	0.598	0.1	0.148	0.464	0.03	0.446	0.312	0.396	0.108	0.436	0.898	0.242	0.454	0.193	0.107	0.039	0.07	0.031	0.019	0.014	0.008	0.012	0.374	0.014	0.012	0.197	0.045	0.097	0.034	0.008	0.121	0.052	0.02	0	0	0	0	0	0	0	0	0	0	0	0	0	0.49	0.041	0.004	0.003	3.56	0.143	0.075	0	0	0	0.001	0	0	0	0	0.017	0.006
ASV_37	-0.034	11.728	0.964643559456451	0.994053424074026	NotSig	0.275	0.227	0.712	0.206	0.089	1.461	0.328	1.018	0.779	0.332	0.865	0.366	0.079	1.383	0.735	1.041	0.184	0.238	0.007	0.029	0.009	0.039	0.003	0.012	0.035	0	0.007	0.834	0.347	0.089	0.108	1.411	0.111	0.005	0.122	0.007	0.01	0.018	0.016	0	0.645	0	0	0	0	0	0.001	0.004	0.003	0.039	0.027	0	2.62	0.108	0.077	0.014	0	0.125	0.005	0.015	0.004	0.001	0.004	0	0.548	0.024	0.049	0.253	0.01
ASV_407	0.032	10.986	0.973613213158142	0.997215957719552	NotSig	0.129	0.123	0	0	0	0	0	0.005	0	0.057	0	0.004	0.045	0.038	0.007	0.005	0.006	0.002	0.369	0.156	0.017	0.031	0.004	0.097	0.048	4.101	0.014	0.003	0.033	0.152	0.003	0	0.001	0.005	0.035	0.001	0.015	0.559	0.021	0.573	0	0	0	0	0.009	0	0	0.003	0	0.002	0.001	0.014	0.005	0.079	0.002	0.041	0	0.026	0.007	0	0.001	1.877	0	0.002	0.01	0.02	0.007	0.004	0.004
ASV_32	-0.014	11.427	0.984106135492813	0.999295996403485	NotSig	0.218	0.246	0.021	0.104	0.221	0.297	0.381	0.502	0.498	0.09	0.792	0.16	0.114	0.123	0.615	0.925	0.214	0.099	0.003	0.053	0.005	1.436	0.004	0.01	0.106	0.03	0.312	0.008	0.057	0.019	0.019	0.281	0.169	0.053	0.471	0.675	0.021	0.008	0.04	0	0.177	0.183	0.802	0.016	0	0.059	0	0.411	0.265	0.002	0.003	0.03	0.245	1.469	0.225	0.031	0.009	0.616	0.008	0	0	0	0	0	0.001	0	0.157	0.748	0.672
ASV_22	-0.011	12.732	0.988572820758572	0.999295996403485	NotSig	0.553	0.493	2.531	0.316	0.052	0.074	0.527	0.181	0.461	0.151	0.318	0.897	0.099	0.593	0.166	0.279	0.415	0.322	0.365	0.242	0.087	0.306	2.242	0.214	0.063	0.013	0.044	0	1.038	1.064	0.575	0.034	0.288	1.079	8.877	0.059	0.571	0.048	0.185	0.068	0.941	0	0.044	0.001	0	0.018	0	0	0.03	1.697	0.072	0.012	1.047	0.092	1.271	0.146	2.817	0.004	0.051	0	0.318	0	0	0.008	0	2.491	0.001	0.005	0.137
ASV_183	0.011	9.228	0.993383002341926	0.999295996403485	NotSig	0.058	0.035	0	0	0.01	0.183	0	0	0	0	0.104	0.545	0.215	0.75	0.138	0.546	0.077	0.025	0	0.006	0.002	0.012	0	0	0.002	0	0.022	0.005	0	0	0	0	0.003	0.212	0.034	0.006	0	0	0	0	0	0	0	0	0	0	0	0	0	0	0	0	0.522	0.003	0	0	0	0	0.001	0	0	0	0	0	0	0	0	0.015	0.046
ASV_4	0	14.424	0.99973353923221	0.99973353923221	NotSig	1.74	1.582	5.957	2.167	1.751	0.812	16.165	4.746	2.28	1.827	1.777	3.61	1.052	6.131	1.944	5.117	5.014	8.328	0.056	0.529	1.077	0.674	2.218	0.165	0.592	0.203	0.306	0.042	2.624	0.056	0.036	2.952	3.192	0.7	1.253	0.151	0.443	0.042	0.295	0	0.004	0	0.011	0.007	0.003	0.021	0	0.021	0.041	0.506	0.098	0.001	13.746	1.172	8.037	0.107	2.858	0.664	0.103	0	0.013	0.042	0.038	0.002	0.001	0.004	0	0.017	0.092
